06MAGNA,20160714,1.90,1.90,1.83,1.90,25
11BIT,20160714,85.50,85.50,84.32,84.32,1691
4FUNMEDIA,20160714,5.19,5.19,5.18,5.18,2
AATHOLD,20160714,19.75,19.75,18.58,19.75,487
ABCDATA,20160714,2.95,2.95,2.91,2.94,8760
ABMSOLID,20160714,11.29,11.48,11.00,11.26,1276
ABPL,20160714,31.97,31.97,31.46,31.46,616
ACTION,20160714,14.96,14.99,14.93,14.96,6872
ADIUVO,20160714,25.99,25.99,25.97,25.98,42
AGORA,20160714,12.12,12.33,12.04,12.12,5471
AGROTON,20160714,1.29,1.29,1.25,1.28,7050
AILLERON,20160714,6.76,7.09,6.75,6.95,15366
AIRWAY,20160714,1.11,1.11,1.08,1.10,3885
ALCHEMIA,20160714,5.01,5.01,5.01,5.01,207
ALIOR,20160714,52.90,53.10,52.04,52.50,76525
ALMA,20160714,6.00,6.10,5.90,6.00,7640
ALTA,20160714,3.24,3.24,3.07,3.12,3926
ALTUSTFI,20160714,14.79,14.79,14.10,14.50,10533
ALUMETAL,20160714,55.30,56.00,55.10,55.90,71988
AMBRA,20160714,7.79,7.89,7.68,7.83,2537
AMICA,20160714,178.00,179.50,178.00,178.50,809
AMREST,20160714,231.00,232.00,230.00,232.00,21657
APATOR,20160714,29.34,29.34,28.90,29.25,3442
APLISENS,20160714,12.10,12.53,12.10,12.53,11
APLITT,20160714,1.11,1.12,1.11,1.12,41
APSENERGY,20160714,3.45,3.45,3.30,3.45,2301
ARCHICOM,20160714,13.21,13.21,13.21,13.21,72
ARCTIC,20160714,4.88,4.88,4.83,4.86,12011
ARCUS,20160714,1.78,1.78,1.78,1.78,2776
ARTERIA,20160714,13.26,13.26,13.15,13.15,3
ASBIS,20160714,2.23,2.34,2.23,2.32,363659
ASSECOBS,20160714,19.50,19.50,19.50,19.50,52
ASSECOPOL,20160714,55.00,55.80,53.96,55.45,131055
ASSECOSLO,20160714,19.11,19.11,19.10,19.10,322
ASTARTA,20160714,45.80,46.09,45.30,46.09,240
ATAL,20160714,24.38,24.38,24.38,24.38,10
ATENDE,20160714,2.74,2.74,2.69,2.70,506
ATLANTIS,20160714,0.70,0.70,0.69,0.70,11732
ATM,20160714,10.26,10.26,10.26,10.26,24
ATMGRUPA,20160714,3.70,3.70,3.70,3.70,2
ATREM,20160714,4.10,4.10,4.00,4.00,2523
AUTOPARTN,20160714,3.30,3.53,3.30,3.48,448253
AVIAAML,20160714,2.74,2.74,2.74,2.74,2
AVIASG,20160714,15.90,15.90,15.90,15.90,14
AWBUD,20160714,5.19,5.19,5.11,5.16,20400
BALTONA,20160714,2.94,2.99,2.94,2.99,425
BANKBPH,20160714,30.85,30.85,30.80,30.80,230
BBIDEV,20160714,0.98,1.07,0.98,1.03,1830197
BEDZIN,20160714,19.00,19.40,19.00,19.40,1199
BENEFIT,20160714,548.60,548.60,536.00,547.90,56
BEST,20160714,19.39,19.85,18.85,19.85,3597
BETACOM,20160714,11.09,11.09,11.09,11.09,2
BGZBNPP,20160714,46.00,46.00,44.59,45.00,1722
BIOMEDLUB,20160714,1.13,1.13,1.07,1.07,50368
BIOTON,20160714,8.50,8.96,8.46,8.96,46081
BMPAG,20160714,2.86,2.91,2.86,2.91,182
BOGDANKA,20160714,40.72,43.94,40.32,43.70,53380
BORYSZEW,20160714,5.57,5.57,5.50,5.57,56736
BOS,20160714,11.55,11.55,11.37,11.37,2832
BRASTER,20160714,15.92,16.04,15.75,16.00,16809
BRIJU,20160714,18.21,18.35,18.20,18.29,1836
BSCDRUK,20160714,38.00,38.42,37.35,38.42,1580
BUDIMEX,20160714,181.00,181.95,178.20,180.05,13853
BUMECH,20160714,1.03,1.13,1.03,1.11,1834433
BYTOM,20160714,2.66,2.67,2.63,2.67,46440
BZWBK,20160714,277.55,277.55,269.65,272.20,41771
CALATRAVA,20160714,0.56,0.56,0.56,0.56,400
CAPITAL,20160714,2.40,2.52,2.40,2.45,10933
CCC,20160714,178.00,180.00,176.10,177.75,38774
CDPROJEKT,20160714,29.05,29.50,28.94,29.18,64535
CDRL,20160714,31.50,31.50,30.30,30.99,5
CEZ,20160714,72.00,72.65,71.70,72.65,2372
CFI,20160714,49.00,49.00,47.68,47.73,327
CHEMOS,20160714,1.98,1.98,1.93,1.96,11297
CIECH,20160714,58.58,58.58,57.03,57.19,49063
CIGAMES,20160714,25.86,26.21,25.69,25.85,58987
CNT,20160714,8.55,8.59,8.55,8.59,256
COGNOR,20160714,1.06,1.10,1.05,1.10,13893
COLIAN,20160714,3.26,3.26,3.23,3.26,8050
COMARCH,20160714,146.00,150.60,144.00,150.60,2626
COMP,20160714,53.50,54.94,53.25,54.50,2707
COMPERIA,20160714,5.75,5.75,5.47,5.75,6
CORMAY,20160714,2.20,2.24,2.11,2.24,94334
CPGROUP,20160714,6.40,6.49,6.40,6.49,10318
CUBEITG,20160714,6.59,6.79,6.45,6.77,18523
CYFRPLSAT,20160714,22.55,22.86,22.33,22.54,382675
CZTOREBKA,20160714,0.94,0.94,0.90,0.92,9177
DEBICA,20160714,98.10,98.40,96.00,98.40,1073
DECORA,20160714,7.12,7.12,6.90,7.09,2840
DEKPOL,20160714,11.99,11.99,11.00,11.99,35
DGA,20160714,5.26,5.26,5.06,5.20,361
DOMDEV,20160714,52.98,52.98,52.50,52.60,998
DREWEX,20160714,1.85,1.93,1.85,1.93,365
DROZAPOL,20160714,2.91,2.91,2.91,2.91,20
DUDA,20160714,6.30,6.30,6.30,6.30,595
ECHO,20160714,4.83,4.83,4.71,4.71,51868
EDINVEST,20160714,2.12,2.13,2.12,2.13,2750
EFEKT,20160714,21.77,21.77,20.80,21.00,2733
EKOEXPORT,20160714,11.56,11.87,11.56,11.87,2401
ELBUDOWA,20160714,93.50,96.49,93.50,96.49,1102
ELEKTROTI,20160714,16.08,16.38,16.00,16.06,4774
ELEMENTAL,20160714,3.69,3.69,3.64,3.67,22269
ELKOP,20160714,1.37,1.37,1.28,1.36,4169
EMCINSMED,20160714,13.09,13.09,13.09,13.09,1
EMPERIA,20160714,55.61,57.00,55.61,57.00,3239
ENAP,20160714,1.01,1.01,1.01,1.01,10
ENEA,20160714,10.25,10.63,10.23,10.63,583799
ENERGA,20160714,9.24,9.40,9.23,9.40,858759
ENERGOINS,20160714,7.98,7.98,7.98,7.98,9
ENTER,20160714,21.88,21.88,20.84,21.48,555
ERBUD,20160714,25.50,26.10,25.50,26.10,873
ERG,20160714,31.85,31.85,31.00,31.00,1501
ERGIS,20160714,4.30,4.32,4.29,4.32,7669
ESOTIQ,20160714,8.90,8.90,8.50,8.52,134
ESSYSTEM,20160714,2.92,2.92,2.90,2.90,1753
ETFDAX,20160714,421.01,425.39,421.01,425.32,139
ETFSP500,20160714,87.65,87.85,87.49,87.70,5592
ETFW20L,20160714,206.00,206.00,201.76,201.76,642
EUCO,20160714,49.40,49.50,49.35,49.35,975
EUROCASH,20160714,48.00,48.50,47.28,48.30,181272
EUROTEL,20160714,17.00,17.36,16.85,17.00,1047
EVEREST,20160714,0.48,0.48,0.44,0.45,17167
FAM,20160714,5.00,5.10,4.85,5.00,22626
FAMUR,20160714,2.39,2.39,2.32,2.32,138983
FARMACOL,20160714,43.00,43.00,43.00,43.00,576
FASING,20160714,14.70,15.00,14.70,15.00,707
FASTFIN,20160714,1.48,1.48,1.45,1.48,1971
FEERUM,20160714,13.80,13.80,13.80,13.80,11
FERRO,20160714,10.16,10.44,10.16,10.44,1356
FERRUM,20160714,3.85,3.85,3.80,3.80,10
FON,20160714,0.64,0.66,0.64,0.66,7570
FORTE,20160714,65.77,65.77,64.35,65.39,518
FOTA,20160714,0.92,0.93,0.89,0.92,17865
GEKOPLAST,20160714,12.00,12.00,12.00,12.00,17611
GETIN,20160714,0.81,0.82,0.81,0.81,46202
GETINOBLE,20160714,0.42,0.43,0.41,0.42,703459
GINOROSSI,20160714,2.64,2.64,2.58,2.63,4200
GLCOSMED,20160714,4.92,5.00,4.92,5.00,3
GORENJE,20160714,29.00,29.00,29.00,29.00,2
GPW,20160714,33.28,33.40,33.01,33.30,60663
GRAAL,20160714,23.00,23.00,22.90,23.00,2611
GRAJEWO,20160714,28.20,28.89,28.00,28.60,4195
GRAVITON,20160714,2.15,2.22,1.98,2.22,1885
GROCLIN,20160714,14.72,15.80,14.40,15.58,24203
GRODNO,20160714,5.24,5.24,5.24,5.24,2
GRUPAAZOTY,20160714,75.00,75.78,73.16,75.05,84512
GTC,20160714,6.67,6.76,6.67,6.76,31679
HANDLOWY,20160714,68.00,68.22,66.81,67.67,13093
HAWE,20160714,0.43,0.44,0.41,0.42,1032538
HELIO,20160714,5.75,5.77,5.75,5.77,4
HERKULES,20160714,3.15,3.15,3.10,3.14,4990
HUBSTYLE,20160714,3.20,3.20,3.10,3.10,653
HYDROTOR,20160714,39.93,39.93,38.57,38.60,166
HYPERION,20160714,2.65,2.69,2.53,2.69,23454
I2DEV,20160714,19.01,19.01,19.01,19.01,417
IALBGR,20160714,14.10,14.10,14.05,14.09,116
IDEABANK,20160714,23.99,23.99,23.51,23.99,60
IFCAPITAL,20160714,0.67,0.67,0.66,0.67,8081
IFSA,20160714,0.60,0.61,0.59,0.61,22302
IIAAV,20160714,8.76,8.84,8.76,8.84,750
IMCOMPANY,20160714,6.89,6.89,6.89,6.89,139
IMMOBILE,20160714,2.98,2.98,2.90,2.98,795
IMPEL,20160714,22.20,22.20,22.20,22.20,4
IMPERA,20160714,1.43,1.49,1.43,1.45,1410
IMPEXMET,20160714,2.55,2.57,2.51,2.53,35755
IMS,20160714,2.40,2.40,2.36,2.38,6110
INC,20160714,1.83,1.83,1.83,1.83,75
INDATA,20160714,0.84,0.87,0.83,0.87,132688
INDYGO,20160714,2.28,2.32,2.28,2.28,6842
INDYKPOL,20160714,70.49,70.50,70.47,70.50,508
INGBSK,20160714,125.95,126.00,124.65,125.45,11424
INPOST,20160714,9.50,9.50,8.60,8.65,21804
INPRO,20160714,4.98,4.98,4.98,4.98,2
INTEGERPL,20160714,28.61,28.61,27.60,27.91,25994
INTERAOLT,20160714,15.45,15.50,15.08,15.50,723
INTERBUD,20160714,1.32,1.32,1.26,1.31,238
INTERCARS,20160714,263.90,263.90,260.05,262.00,349
INTERSPPL,20160714,1.73,1.73,1.68,1.73,872
INTLBCO13847,20160714,28.75,30.50,28.75,28.90,105
INTLBCO14092,20160714,28.40,28.40,28.40,28.40,351
INTLBCO14100,20160714,22.61,22.61,22.31,22.31,450
INTLBCO14274,20160714,15.01,15.01,15.01,15.01,200
INTLBMW03814,20160714,6.90,7.40,6.90,7.40,800
INTLBMW11031,20160714,9.15,9.15,9.15,9.15,50
INTLDAX00281,20160714,86.90,88.35,86.90,88.35,240
INTLDAX01800,20160714,72.05,74.00,72.05,74.00,75
INTLDAX13136,20160714,58.60,58.60,58.60,58.60,143
INTLDAX14829,20160714,41.99,41.99,40.09,41.89,122
INTLDAX15016,20160714,33.61,33.89,30.80,30.80,135
INTLDBK14894,20160714,15.58,16.20,15.31,15.31,728
INTLEUD12815,20160714,15.25,15.25,15.25,15.25,2
INTLGLD11726,20160714,152.60,152.60,152.60,152.60,20
INTLGLD12948,20160714,90.15,90.30,87.85,87.85,112
INTLGLD13177,20160714,72.45,72.50,70.90,72.50,567
INTLGLD14696,20160714,54.00,54.00,54.00,54.00,20
INTLGLD14993,20160714,37.99,37.99,37.99,37.99,40
INTLGOG11858,20160714,46.99,48.86,46.99,48.86,70
INTLNDX10868,20160714,42.44,42.44,42.44,42.44,10
INTLNKX01826,20160714,126.40,129.20,124.80,129.20,74
INTLNKX05413,20160714,90.35,90.85,90.35,90.85,110
INTLPEO12021,20160714,19.97,19.97,19.97,19.97,150
INTLPGE11981,20160714,2.27,2.27,2.27,2.27,1000
INTLPGE12377,20160714,2.90,2.92,2.90,2.92,1350
INTLPKN07013,20160714,17.00,17.00,16.85,16.85,175
INTLPKN08367,20160714,12.70,12.70,12.00,12.00,480
INTLPKN13060,20160714,9.67,10.08,9.57,10.08,1000
INTLPKO12401,20160714,3.33,3.33,3.33,3.33,400
INTLPZU12708,20160714,2.60,2.62,2.49,2.49,1000
INTLPZU14506,20160714,3.90,3.90,3.89,3.89,300
INTLSLV12955,20160714,27.09,27.09,27.09,27.09,50
INTLSLV13227,20160714,25.00,25.00,25.00,25.00,500
INTLSLV14563,20160714,20.32,20.32,20.32,20.32,25
INTLSLV14704,20160714,18.04,18.11,17.89,17.89,3922
INTLSLV14944,20160714,10.11,10.40,9.40,9.40,1942
INTLUSD13664,20160714,27.49,27.49,25.62,25.62,300
INTLUSD14605,20160714,15.43,15.43,15.30,15.30,247
INTLVOW13763,20160714,9.94,9.94,9.94,9.94,100
INTLW2012104,20160714,1.76,1.76,1.64,1.70,42542
INTLW2014621,20160714,1.40,1.40,1.23,1.23,17849
INTLW2015008,20160714,1.06,1.06,1.06,1.06,200
INTROL,20160714,9.97,9.97,9.97,9.97,26
INTSADS15040,20160714,10.38,10.57,10.38,10.57,150
INTSBCO09761,20160714,96.25,96.25,96.10,96.10,100
INTSBCO11759,20160714,37.49,37.49,35.69,35.69,460
INTSDAX07708,20160714,104.80,104.80,104.10,104.10,108
INTSDAX07757,20160714,126.90,126.90,126.90,126.90,80
INTSDAX08755,20160714,81.85,82.85,81.85,82.85,172
INTSDAX12146,20160714,61.20,64.70,61.20,61.70,240
INTSDAX12344,20160714,42.40,42.40,42.10,42.10,103
INTSDAX13839,20160714,32.00,32.37,32.00,32.37,110
INTSDAX13896,20160714,22.57,22.57,21.30,21.43,4677
INTSDAX14688,20160714,12.65,14.90,12.65,13.00,2554
INTSDOW06536,20160714,39.95,40.47,37.64,39.20,461
INTSDOW09225,20160714,80.55,80.70,77.70,80.70,264
INTSESX10413,20160714,24.10,24.10,24.10,24.10,50
INTSESX12591,20160714,8.43,8.52,8.43,8.52,654
INTSGLD00638,20160714,53.05,55.60,53.05,55.60,92
INTSGLD01057,20160714,80.90,80.90,80.85,80.85,26
INTSGLD14936,20160714,102.00,102.00,102.00,102.00,218
INTSKGH11627,20160714,26.87,26.87,26.87,26.87,100
INTSKGH11775,20160714,20.84,20.84,19.90,19.90,1141
INTSKGH13581,20160714,13.60,13.79,13.60,13.79,254
INTSNDX10256,20160714,11.13,11.13,10.92,10.99,886
INTSOPL11650,20160714,2.14,2.14,2.14,2.14,755
INTSPEO10025,20160714,52.70,52.70,51.80,51.80,15
INTSPGN08961,20160714,1.99,1.99,1.99,1.99,500
INTSPKO13938,20160714,7.63,7.63,7.63,7.63,33
INTSPZU14159,20160714,11.38,11.38,11.38,11.38,26
INTSSLV02584,20160714,11.22,11.22,11.22,11.22,140
INTSUSD11718,20160714,27.30,27.80,26.78,26.78,405
INTSUSD14795,20160714,21.00,21.00,21.00,21.00,208
INTSW2011700,20160714,3.16,3.16,3.16,3.16,500
INTSW2014647,20160714,1.03,1.03,1.03,1.03,3987
INTSW2014803,20160714,0.88,0.94,0.84,0.84,37100
INVFIZ,20160714,921.00,921.00,921.00,921.00,5
INVGLDFIZ,20160714,1649.00,1650.00,1649.00,1650.00,3
INVISTA,20160714,2.10,2.10,2.10,2.10,205
INVPEFIZ,20160714,750.00,750.00,750.00,750.00,13
IPOPEMA,20160714,1.88,1.95,1.88,1.95,4693
IQP,20160714,0.55,0.55,0.50,0.52,111
IZOBLOK,20160714,164.00,170.80,164.00,170.80,81
IZOLACJA,20160714,1.47,1.48,1.47,1.48,1298
IZOSTAL,20160714,6.58,6.58,6.57,6.57,100
JHMDEV,20160714,1.21,1.21,1.17,1.20,602
JSW,20160714,18.81,19.00,18.65,18.93,211116
JWCONSTR,20160714,4.09,4.20,4.07,4.13,50455
K2INTERNT,20160714,13.88,13.98,13.80,13.80,442
KANIA,20160714,2.20,2.20,2.15,2.17,21990
KERNEL,20160714,57.20,57.57,56.40,56.94,76376
KETY,20160714,316.40,316.40,306.60,307.20,3325
KGHM,20160714,72.50,73.98,71.91,73.98,2132697
KGL,20160714,20.70,21.70,20.70,21.70,49
KINOPOL,20160714,11.89,11.90,11.89,11.90,4835
KOGENERA,20160714,90.51,92.01,90.51,90.61,72
KOMPUTRON,20160714,6.07,6.17,6.07,6.15,2544
KONSSTALI,20160714,38.99,38.99,38.99,38.99,1
KOPEX,20160714,2.90,2.97,2.89,2.89,46960
KRAKCHEM,20160714,3.69,3.69,3.56,3.69,296
KREC,20160714,7.49,7.49,7.17,7.17,9427
KREDYTIN,20160714,19.00,19.20,18.61,19.00,2022
KREZUS,20160714,3.68,3.73,3.53,3.67,6490
KRUK,20160714,208.00,208.95,206.85,207.20,39437
KRUSZWICA,20160714,65.80,65.90,64.62,64.62,2142
KRVITAMIN,20160714,10.87,11.20,10.87,11.00,12
KSGAGRO,20160714,1.67,1.67,1.61,1.61,3823
LABOPRINT,20160714,9.24,9.24,9.24,9.24,2
LARK,20160714,0.78,0.80,0.78,0.80,4262
LARQ,20160714,4.74,4.75,4.73,4.75,2102
LCCORP,20160714,2.00,2.01,1.99,1.99,1252092
LENA,20160714,3.55,3.61,3.55,3.61,907
LENTEX,20160714,8.87,9.05,8.87,8.93,187497
LIBET,20160714,1.47,1.49,1.47,1.48,3428
LIVECHAT,20160714,45.20,45.35,44.85,45.00,2888
LOKUM,20160714,12.30,12.60,12.25,12.46,970
LOTOS,20160714,30.48,30.48,29.99,30.20,179072
LPP,20160714,4974.95,5050.00,4960.65,5050.00,1664
LSISOFT,20160714,9.12,9.12,9.01,9.11,1944
LUBAWA,20160714,0.90,0.94,0.89,0.94,196505
MABION,20160714,80.30,81.00,80.01,80.97,4098
MARVIPOL,20160714,6.88,6.88,6.88,6.88,100
MASTERPHA,20160714,7.00,7.00,7.00,7.00,3
MBANK,20160714,301.00,307.00,300.40,307.00,22512
MBWS,20160714,77.73,77.73,77.73,77.73,1
MCI,20160714,11.00,11.02,11.00,11.00,19106
MDIENERGIA,20160714,3.60,3.60,3.60,3.60,10
MEDIATEL,20160714,0.74,0.74,0.74,0.74,464
MEDICALG,20160714,231.60,231.60,226.00,227.90,3667
MENNICA,20160714,17.05,17.30,17.05,17.30,28
MERCATOR,20160714,14.18,14.18,13.90,13.99,1100
MERCOR,20160714,8.70,9.00,8.70,9.00,1040
MEXPOLSKA,20160714,6.61,6.61,6.20,6.37,5387
MFO,20160714,16.85,17.15,16.83,17.00,633
MILKILAND,20160714,1.75,1.79,1.70,1.75,6194
MILLENNIUM,20160714,4.56,4.56,4.45,4.51,523458
MIRACULUM,20160714,2.65,3.00,2.65,2.87,50372
MIRBUD,20160714,0.82,0.83,0.81,0.83,79673
MLPGROUP,20160714,38.00,38.00,38.00,38.00,32
MNI,20160714,0.52,0.52,0.50,0.52,6699
MOL,20160714,249.00,249.00,242.60,242.80,519
MONNARI,20160714,13.80,13.80,13.50,13.68,9589
MOSTALPLC,20160714,10.89,11.44,10.45,11.44,1795
MOSTALWAR,20160714,11.58,11.58,11.40,11.58,1455
MOSTALZAB,20160714,1.25,1.30,1.24,1.30,118682
MWTRADE,20160714,14.10,14.10,14.03,14.03,37
NETIA,20160714,4.64,4.64,4.45,4.58,77679
NETMEDIA,20160714,6.39,6.39,6.39,6.39,1
NEUCA,20160714,345.80,353.50,345.80,353.50,470
NEWAG,20160714,12.70,13.12,12.70,13.11,3257
NORTCOAST,20160714,5.00,5.00,5.00,5.00,43
NOVITA,20160714,53.50,53.50,52.80,53.50,133
NOWAGALA,20160714,1.45,1.47,1.44,1.47,1051
NTTSYSTEM,20160714,2.89,2.89,2.82,2.82,3059
ODLEWNIE,20160714,3.57,3.57,3.57,3.57,2
OEX,20160714,15.29,15.60,15.29,15.60,2505
OPENFIN,20160714,2.48,2.48,2.31,2.47,4599
OPONEO.PL,20160714,30.10,30.70,30.00,30.00,502
OPTEAM,20160714,11.25,11.25,11.10,11.25,1285
ORANGEPL,20160714,5.19,5.23,5.12,5.12,2029224
ORBIS,20160714,61.00,61.45,60.60,61.00,5903
ORCOGROUP,20160714,0.69,0.74,0.69,0.74,27992
ORION,20160714,84.56,84.56,78.00,78.00,41
ORZBIALY,20160714,6.64,7.07,6.48,6.86,8807
OTLOG,20160714,255.00,255.00,248.00,248.00,42
OTMUCHOW,20160714,4.68,4.68,4.68,4.68,1600
OVOSTAR,20160714,94.99,94.99,94.99,94.99,48
PAGED,20160714,53.44,54.50,53.44,54.50,1146
PAMAPOL,20160714,1.34,1.36,1.34,1.36,2211
PANOVA,20160714,20.20,20.20,20.10,20.10,13
PATENTUS,20160714,0.68,0.68,0.67,0.67,3100
PBG,20160714,2.14,2.18,2.10,2.18,55582
PBKM,20160714,48.49,48.50,47.50,48.50,441
PCCEXOL,20160714,1.80,1.83,1.80,1.83,30
PCCINTER,20160714,1.75,1.75,1.75,1.75,50
PCCROKITA,20160714,53.80,54.71,53.50,54.70,1760
PCM,20160714,32.00,32.20,31.70,31.92,270
PEKAES,20160714,13.79,13.79,13.79,13.79,5
PEKAO,20160714,126.40,127.20,125.70,126.50,1824368
PELION,20160714,48.00,48.00,46.00,46.00,272
PEMANAGER,20160714,92.98,92.98,92.01,92.98,227
PEP,20160714,10.22,10.60,10.08,10.54,16545
PEPEES,20160714,0.54,0.54,0.52,0.52,7415
PGE,20160714,12.25,12.40,12.17,12.40,2532389
PGNIG,20160714,5.76,5.76,5.60,5.69,4901163
PGODLEW,20160714,6.13,6.13,6.13,6.13,40
PHN,20160714,14.01,14.02,13.82,14.02,5249
PKNORLEN,20160714,64.00,64.00,61.30,62.20,1625514
PKOBL1,20160714,102.50,102.50,102.50,102.50,200
PKOBP,20160714,23.09,23.60,23.01,23.55,2896004
PKOGD,20160714,100.31,100.31,100.31,100.31,200
PKPCARGO,20160714,32.50,33.09,32.07,32.11,84788
PLASTBOX,20160714,1.85,1.85,1.80,1.84,1680
PLATYNINW,20160714,1.92,2.07,1.60,2.00,20338
PLAZACNTR,20160714,16.15,16.32,15.01,15.20,26178
PMPG,20160714,4.13,4.13,3.95,4.09,780
POLICE,20160714,21.98,22.00,21.45,21.80,1202
POLIMEXMS,20160714,4.18,4.30,4.13,4.22,71134
POLMED,20160714,2.83,2.83,2.79,2.80,188
POLNA,20160714,21.50,21.90,21.50,21.50,1063
POLNORD,20160714,11.12,11.34,10.90,11.14,48976
POLWAX,20160714,15.47,15.95,15.47,15.80,18300
POZBUD,20160714,3.03,3.03,3.03,3.03,2
PRAGMAFA,20160714,12.30,12.30,12.30,12.30,4
PRAIRIE,20160714,0.48,0.48,0.48,0.48,3104
PRESCO,20160714,7.18,7.18,7.18,7.18,56
PRIMAMODA,20160714,1.84,1.84,1.84,1.84,25
PROCAD,20160714,1.66,1.72,1.66,1.72,4134
PROCHEM,20160714,16.96,16.96,16.53,16.95,638
PROCHNIK,20160714,1.40,1.47,1.40,1.46,80601
PROJPRZEM,20160714,8.49,8.50,8.48,8.50,7945
PROTEKTOR,20160714,3.19,3.19,3.15,3.18,6807
PROVIDENT,20160714,14.75,14.75,14.75,14.75,1
PULAWY,20160714,209.00,210.95,206.60,210.95,20
PZU,20160714,27.53,27.76,27.34,27.70,3817953
PZUAKORD,20160714,106.79,106.80,106.00,106.00,378
QMULTIFIZ,20160714,1015.00,1015.00,1015.00,1015.00,5
QUANTUM,20160714,8.49,8.49,8.17,8.17,836
QUERCUS,20160714,5.46,5.58,5.45,5.55,7151
QUMAK,20160714,6.00,6.00,6.00,6.00,482
RADPOL,20160714,3.90,3.90,3.78,3.83,6821
RAFAKO,20160714,6.75,6.83,6.63,6.69,38396
RAFAMET,20160714,15.79,15.79,15.79,15.79,16
RAINBOW,20160714,24.50,24.93,24.45,24.93,775
RANKPROGR,20160714,2.05,2.14,1.97,2.04,1026949
RAWLPLUG,20160714,9.39,9.50,9.37,9.50,6340
RCAGRB10918,20160714,986.20,986.20,986.20,986.20,84
RCCRUAOPEN,20160714,8.38,8.40,8.29,8.40,30017
RCFL2BMW,20160714,78.25,78.25,78.25,78.25,50
RCFL3BAS,20160714,61.35,64.55,61.35,64.55,97
RCFL3DBK,20160714,2.32,2.44,2.32,2.44,1995
RCFL3FDX,20160714,102.50,103.40,102.50,103.40,83
RCFL3GOLD,20160714,45.00,45.77,44.25,44.25,449
RCFL3KGH,20160714,5.69,6.05,5.69,6.05,6007
RCFL3OIL,20160714,1.69,1.72,1.63,1.70,782989
RCFL3OIL2,20160714,195.40,195.40,188.00,188.00,20
RCFL3PEO,20160714,34.98,35.00,34.43,34.43,200
RCFL3PGE,20160714,17.50,17.50,17.50,17.50,50
RCFL3PKN,20160714,91.65,91.65,83.55,89.40,117
RCFL3PKO,20160714,11.82,12.26,11.82,12.26,299
RCFL3SILVE,20160714,15.69,15.69,14.89,15.27,6893
RCFL3W20,20160714,40.48,40.48,39.49,39.49,41
RCFL4ESX,20160714,150.00,151.30,144.60,151.30,165
RCFS2ESX,20160714,32.40,32.49,32.30,32.30,155
RCFS3BMW,20160714,20.12,20.12,20.12,20.12,10
RCFS3DBK,20160714,135.20,135.20,135.20,135.20,10
RCFS3GOLD,20160714,106.60,108.70,106.60,107.60,463
RCFS3KGH,20160714,42.56,42.56,40.02,40.50,2155
RCFS3OIL,20160714,173.60,178.30,170.00,171.40,136
RCFS3OIL2,20160714,31.50,31.50,31.50,31.50,20
RCFS3SILVE,20160714,56.30,57.25,56.30,57.25,600
RCFS3W20,20160714,98.00,98.00,97.45,97.45,62
RCFS4ESX,20160714,5.75,5.80,5.75,5.77,779
RCGBSH11116,20160714,1146.60,1146.60,1146.60,1146.60,5
RCGBSK0621A,20160714,981.80,981.80,981.80,981.80,101
RCGGLD10517,20160714,1031.60,1031.60,1031.60,1031.60,200
RCGLDAOPEN,20160714,529.40,529.40,525.00,525.00,75
RCKAOAOPEN,20160714,125.00,125.00,125.00,125.00,11
RCLCOAOPEN,20160714,12.92,13.00,12.92,12.97,14
RCLNAGOPEN,20160714,5.25,5.25,5.25,5.25,550
RCOGSB0818,20160714,957.50,957.50,957.50,957.50,55
RCSILAOPEN,20160714,80.30,80.40,80.05,80.40,710
RCSP5AOPEN,20160714,85.80,85.80,85.80,85.80,10
RCSUGAOPEN,20160714,4.87,4.87,4.87,4.87,300
RCTLGOLD06,20160714,137.10,137.20,134.80,134.80,15
RCTSGOLD07,20160714,155.50,155.50,155.50,155.50,2
RCTSMBK004,20160714,44.18,44.18,44.18,44.18,26
RCTVBAOPEN,20160714,41.49,41.49,41.49,41.49,7
RCWHTAOPEN,20160714,6.85,7.00,6.85,7.00,5575
REDAN,20160714,2.16,2.16,2.16,2.16,10
REDWOOD,20160714,1.33,1.33,1.33,1.33,10
RELPOL,20160714,9.18,9.18,9.18,9.18,3000
REMAK,20160714,16.78,16.78,16.77,16.77,2
RESBUD,20160714,3.14,3.20,2.85,2.97,34302
ROBYG,20160714,2.88,2.88,2.84,2.85,149694
RONSON,20160714,1.45,1.45,1.39,1.43,4941
ROPCZYCE,20160714,20.59,20.59,20.30,20.50,302
ROVESE,20160714,2.51,2.59,2.51,2.59,7505
RUBICON,20160714,1.34,1.34,1.25,1.32,405
SANOK,20160714,54.23,54.99,54.19,54.70,472
SANTANDER,20160714,15.32,16.71,15.32,15.90,3406
SCOPAK,20160714,1.95,1.95,1.86,1.86,900
SEKO,20160714,7.34,7.34,7.18,7.18,1250
SELENAFM,20160714,16.02,17.05,16.02,17.05,8155
SELVITA,20160714,21.96,21.96,21.51,21.51,720
SERINUS,20160714,1.28,1.29,1.24,1.24,44095
SFINKS,20160714,3.10,3.14,3.01,3.01,26897
SKARBIEC,20160714,27.94,28.00,27.94,28.00,26
SKOTAN,20160714,0.67,0.68,0.66,0.67,20970
SKYLINE,20160714,0.60,0.60,0.57,0.57,34831
SNIEZKA,20160714,61.20,61.50,61.20,61.50,77
SOHODEV,20160714,1.45,1.49,1.32,1.49,16027
SOLAR,20160714,1.04,1.08,1.04,1.08,2110
SONEL,20160714,12.20,12.40,12.20,12.40,1256
STALEXP,20160714,3.36,3.38,3.36,3.38,29339
STALPROD,20160714,313.90,313.90,309.75,312.00,299
STALPROFI,20160714,11.10,12.20,11.10,11.31,42418
STAPORKOW,20160714,4.22,4.28,3.91,4.05,2240
STARHEDGE,20160714,1.05,1.15,1.02,1.04,495897
SUNEX,20160714,4.60,4.97,4.60,4.97,302
SUWARY,20160714,9.00,9.00,9.00,9.00,2
SWISSMED,20160714,1.62,1.62,1.57,1.57,126
SYGNITY,20160714,5.87,6.03,5.81,6.03,6058
SYNEKTIK,20160714,15.48,15.48,15.48,15.48,2
SYNTHOS,20160714,3.77,3.77,3.72,3.77,253179
TALEX,20160714,25.99,25.99,25.33,25.99,1548
TARCZYNSKI,20160714,12.20,12.20,12.20,12.20,121
TATRY,20160714,129.20,129.20,129.20,129.20,15
TAURONPE,20160714,2.93,2.99,2.91,2.99,3465838
TERMOREX,20160714,2.51,2.59,2.50,2.59,5009
TESGAS,20160714,3.21,3.21,3.21,3.21,335
TFONE,20160714,2.97,3.04,2.97,3.04,3646
TIM,20160714,11.48,11.48,11.48,11.48,1348
TORPOL,20160714,9.80,9.97,9.80,9.89,72640
TOYA,20160714,4.50,4.50,4.50,4.50,1003
TRAKCJA,20160714,10.23,10.44,10.06,10.11,79886
TRANSPOL,20160714,4.25,4.44,4.25,4.44,850
TRIGONPP,20160714,125.50,126.00,125.50,126.00,7
TRITON,20160714,2.22,2.22,2.22,2.22,1000
UCPFTAOPEN,20160714,4.23,4.23,4.23,4.23,54
UCRDXAOPEN,20160714,63.00,63.00,63.00,63.00,54
ULMA,20160714,56.01,58.80,56.01,58.80,82
UNIBEP,20160714,9.45,9.72,9.45,9.72,1299
UNICREDIT,20160714,8.80,9.67,8.80,9.61,63153
UNIMA,20160714,2.61,2.61,2.61,2.61,100
UNIWHEELS,20160714,148.70,149.70,148.00,148.00,9304
URSUS,20160714,2.26,2.35,2.24,2.34,248103
VANTAGE,20160714,2.68,2.68,2.60,2.60,4014
VINDEXUS,20160714,6.55,6.70,6.55,6.60,9677
VISTAL,20160714,9.70,9.70,9.65,9.69,311
VISTULA,20160714,3.14,3.15,3.14,3.15,41635
VOTUM,20160714,13.74,13.74,13.50,13.70,255
VOXEL,20160714,17.62,17.62,17.50,17.62,1544
WASKO,20160714,1.58,1.59,1.58,1.59,2750
WAWEL,20160714,990.00,991.40,990.00,990.00,37
WDX,20160714,5.25,5.25,5.25,5.25,1221
WIELTON,20160714,9.00,9.00,8.79,8.80,18079
WIKANA,20160714,1.63,1.63,1.63,1.63,513
WINVEST,20160714,2.90,2.90,2.90,2.90,4
WIRTUALNA,20160714,45.85,45.86,45.85,45.86,232
WITTCHEN,20160714,17.20,17.20,17.19,17.19,2
WOJAS,20160714,5.58,5.69,5.58,5.68,1098
WORKSERV,20160714,10.10,10.10,9.85,10.00,666
XTB,20160714,14.75,14.75,14.55,14.72,19204
ZAMET,20160714,1.86,1.88,1.82,1.88,4780
ZASTAL,20160714,0.56,0.58,0.56,0.57,14680
ZEPAK,20160714,10.49,10.50,10.25,10.41,21346
ZETKAMA,20160714,110.95,110.95,107.55,110.80,123
ZPUE,20160714,409.35,409.35,390.00,406.00,47
ZUE,20160714,7.55,7.55,7.55,7.55,462
INVESTORMS,20160714,3720.78,3726.68,3720.78,3726.68,94686.995
MWIG40,20160714,3452.18,3452.83,3432.15,3447.42,56731.542
NCINDEX30,20160714,838.95,848.32,837.00,848.32,919.990
RESPECT,20160714,2215.90,2218.22,2193.85,2210.47,484985.771
SWIG80,20160714,13209.81,13234.63,13173.63,13234.63,20844.566
WIG,20160714,45197.13,45246.26,44951.37,45246.26,910717.355
WIG-BANKI,20160714,5562.46,5608.23,5562.46,5608.23,325945.357
WIG-BUDOW,20160714,2626.80,2631.43,2626.80,2631.43,5146.791
WIG-CEE,20160714,855.96,857.21,855.96,857.21,4705.768
WIG-CHEMIA,20160714,13289.49,13310.54,13213.78,13310.54,10524.969
WIG-DEWEL,20160714,1638.56,1638.56,1636.27,1638.17,8428.536
WIG-ENERG,20160714,2781.87,2806.66,2781.87,2806.66,56178.072
WIG-INFO,20160714,1780.42,1788.76,1780.42,1788.76,12764.451
WIG-MEDIA,20160714,4249.25,4249.25,4226.67,4232.52,8768.106
WIG-PALIWA,20160714,4512.77,4517.33,4493.11,4517.33,134156.339
WIG-POLAND,20160714,45797.58,45994.11,45779.04,45994.11,903078.424
WIG-SPOZYW,20160714,3743.69,3749.00,3743.69,3749.00,4787.061
WIG-SUROWC,20160714,2374.32,2400.86,2374.32,2400.86,162509.927
WIG-TELKOM,20160714,698.51,698.51,692.76,692.76,11341.321
WIG-UKRAIN,20160714,469.42,472.94,469.42,472.94,4390.746
WIG20,20160714,1740.03,1746.53,1729.82,1745.34,821668.018
WIG20LEV,20160714,426.57,429.76,421.55,429.18,821668.018
WIG20SHORT,20160714,4476.89,4503.03,4460.24,4463.29,821668.018
WIG20TR,20160714,2903.64,2920.16,2903.64,2920.16,821668.018
WIG30,20160714,1964.89,1969.08,1953.59,1968.85,848244.948
WIG30TR,20160714,3235.67,3251.97,3235.67,3251.97,848244.948
WIGDIV,20160714,943.64,945.37,939.27,945.03,587515.615
