06MAGNA,20160705,1.83,1.92,1.83,1.92,11
11BIT,20160705,79.50,81.50,79.50,81.40,9493
4FUNMEDIA,20160705,5.07,5.07,4.84,5.04,1981
AATHOLD,20160705,19.75,19.75,19.75,19.75,1
ABCDATA,20160705,2.91,2.94,2.91,2.91,12008
ABMSOLID,20160705,9.90,10.00,9.70,10.00,639
ABPL,20160705,28.35,28.95,28.35,28.95,3211
ACAUTOGAZ,20160705,39.00,39.00,39.00,39.00,3500
ACTION,20160705,15.90,16.00,15.55,15.90,2252
ADIUVO,20160705,26.00,26.00,25.50,26.00,161
AGORA,20160705,12.60,12.73,12.60,12.60,3156
AGROTON,20160705,1.08,1.14,1.08,1.14,4640
AILLERON,20160705,6.98,6.98,6.90,6.90,200
AIRWAY,20160705,1.10,1.13,1.06,1.10,33330
ALCHEMIA,20160705,5.01,5.02,4.97,5.02,36052
ALIOR,20160705,51.99,52.47,51.04,51.65,199821
ALMA,20160705,5.96,6.00,5.75,5.99,8539
ALTA,20160705,3.24,3.24,3.24,3.24,2
ALTUSTFI,20160705,13.98,14.01,13.94,13.94,1568
ALUMETAL,20160705,56.99,57.60,56.01,56.02,2187
AMBRA,20160705,7.50,7.59,7.50,7.56,5458
AMICA,20160705,184.00,186.95,184.00,185.40,961
AMREST,20160705,214.40,218.00,214.30,214.85,3145
APATOR,20160705,29.60,30.20,29.46,29.50,6156
APLISENS,20160705,12.15,12.27,12.15,12.27,127
APLITT,20160705,1.22,1.22,1.15,1.22,380
APSENERGY,20160705,3.54,3.54,3.50,3.50,2
ARCHICOM,20160705,13.90,13.90,13.35,13.35,271
ARCTIC,20160705,4.89,4.90,4.82,4.88,25333
ARCUS,20160705,1.84,1.84,1.84,1.84,5000
ARTERIA,20160705,13.46,13.50,13.06,13.50,566
ASBIS,20160705,1.98,2.00,1.92,1.95,199087
ASSECOBS,20160705,19.25,19.25,19.25,19.25,21
ASSECOPOL,20160705,51.70,52.65,51.45,52.50,80431
ASSECOSLO,20160705,18.95,19.14,18.95,19.14,270
ASTARTA,20160705,46.00,46.00,45.31,45.31,84
ATAL,20160705,24.20,24.39,23.66,24.39,651
ATENDE,20160705,2.75,2.83,2.75,2.83,1069
ATLANTIS,20160705,0.68,0.70,0.68,0.70,5794
ATLASEST,20160705,0.83,0.89,0.83,0.89,50540
ATM,20160705,10.48,10.48,10.48,10.48,33
ATMGRUPA,20160705,3.70,3.70,3.60,3.60,1102
ATREM,20160705,3.98,4.00,3.98,4.00,216
AUTOPARTN,20160705,3.00,3.00,2.91,2.95,4164
AUTOPARTN-PDA,20160705,2.88,2.89,2.86,2.88,7094
AVIAAML,20160705,2.70,2.70,2.49,2.54,5195
AVIASG,20160705,15.90,15.90,15.90,15.90,5
AWBUD,20160705,4.90,4.90,4.90,4.90,1200
BALTONA,20160705,3.10,3.15,3.01,3.15,2826
BANKBPH,20160705,30.80,30.80,30.80,30.80,500
BBIDEV,20160705,0.94,0.95,0.94,0.95,74054
BEDZIN,20160705,18.80,19.45,18.75,18.83,1068
BENEFIT,20160705,539.00,539.00,539.00,539.00,1
BEST,20160705,16.30,17.53,16.30,17.53,6942
BETACOM,20160705,11.15,11.15,11.15,11.15,2
BGZBNPP,20160705,46.00,46.00,46.00,46.00,1
BIOMEDLUB,20160705,1.13,1.13,1.09,1.13,29392
BIOTON,20160705,8.24,8.59,8.24,8.50,20430
BMPAG,20160705,3.14,3.14,3.14,3.14,2
BOGDANKA,20160705,36.64,36.65,35.54,35.74,17398
BORYSZEW,20160705,5.49,5.49,5.28,5.39,71885
BOS,20160705,11.56,11.64,11.36,11.61,1367
BPHFIZMLI,20160705,85.10,85.10,85.10,85.10,30
BRASTER,20160705,14.09,14.94,14.09,14.66,11421
BRIJU,20160705,16.52,17.00,16.52,16.53,1919
BSCDRUK,20160705,39.80,39.80,38.03,38.50,3402
BUDIMEX,20160705,174.00,174.15,171.70,172.80,1967
BUMECH,20160705,0.88,1.01,0.88,0.96,778825
BYTOM,20160705,2.69,2.72,2.61,2.72,17456
BZWBK,20160705,264.40,266.85,258.00,258.20,46969
CAPITAL,20160705,2.67,2.67,2.67,2.67,100
CCC,20160705,166.90,175.65,165.50,172.40,140089
CDPROJEKT,20160705,27.30,27.40,27.21,27.40,21658
CDRL,20160705,29.90,31.30,29.90,29.92,475
CELTIC,20160705,4.40,4.84,4.40,4.84,17587
CEZ,20160705,70.43,70.43,70.43,70.43,30
CFI,20160705,47.10,50.00,45.75,49.00,6307
CHEMOS,20160705,1.89,1.89,1.84,1.89,1357
CIECH,20160705,53.00,53.00,51.85,52.25,37571
CIGAMES,20160705,23.65,23.74,23.20,23.20,2394
CNT,20160705,8.50,8.59,8.50,8.59,118
COGNOR,20160705,1.09,1.14,1.09,1.09,1070
COLIAN,20160705,3.28,3.35,3.28,3.34,5580
COMARCH,20160705,144.00,144.05,142.50,143.50,689
COMPERIA,20160705,5.78,5.78,5.10,5.40,71
CORMAY,20160705,2.17,2.25,2.11,2.14,57498
CPGROUP,20160705,6.49,6.49,6.40,6.45,10001
CUBEITG,20160705,6.52,6.98,6.52,6.98,14416
CYFRPLSAT,20160705,22.00,22.00,21.63,21.70,265194
CZTOREBKA,20160705,0.94,0.94,0.91,0.91,5005
DBGBSH1117,20160705,98.25,98.25,98.25,98.25,1800
DECORA,20160705,6.87,7.18,6.75,7.17,69063
DGA,20160705,5.38,5.38,5.10,5.29,60
DOMDEV,20160705,51.90,51.90,51.50,51.50,1267
DREWEX,20160705,1.80,1.85,1.80,1.85,452
DROZAPOL,20160705,2.45,2.45,2.45,2.45,1310
DUDA,20160705,6.01,6.01,6.01,6.01,1668
ECHO,20160705,4.49,4.50,4.37,4.41,122275
EDINVEST,20160705,2.12,2.12,2.12,2.12,360
EFEKT,20160705,22.69,22.69,22.60,22.60,2
EKOEXPORT,20160705,11.59,12.05,11.57,11.98,13434
ELBUDOWA,20160705,90.60,90.60,87.58,87.58,104
ELEKTROTI,20160705,16.25,16.59,16.25,16.59,3665
ELEMENTAL,20160705,3.75,3.87,3.68,3.68,95506
EMCINSMED,20160705,11.98,11.98,11.98,11.98,1
EMPERIA,20160705,54.75,56.58,54.73,55.00,5269
ENAP,20160705,0.98,0.98,0.98,0.98,10
ENEA,20160705,9.86,9.93,9.75,9.76,207730
ENELMED,20160705,8.11,8.11,8.11,8.11,140
ENERGA,20160705,9.00,9.11,8.76,8.78,798936
ENERGOINS,20160705,7.93,7.93,7.93,7.93,134
ENTER,20160705,21.94,21.94,21.90,21.94,1031
ERBUD,20160705,26.51,26.51,26.00,26.00,47
ERG,20160705,30.60,31.80,30.00,30.00,1919
ERGIS,20160705,4.20,4.30,4.20,4.30,3510
ESOTIQ,20160705,11.63,11.63,9.44,10.89,2471
ESSYSTEM,20160705,2.94,2.94,2.94,2.94,1
ETFDAX,20160705,412.00,412.00,406.85,407.00,165
ETFSP500,20160705,86.49,86.49,85.28,86.02,1774
ETFW20L,20160705,201.37,202.09,200.50,200.50,1736
EUCO,20160705,49.20,49.99,49.20,49.90,370
EUROCASH,20160705,46.26,46.76,44.86,45.30,357844
EUROTEL,20160705,18.20,18.65,18.10,18.65,3008
EVEREST,20160705,0.55,0.58,0.55,0.58,1110
EXILLON,20160705,5.20,5.20,5.20,5.20,1
FAM,20160705,3.41,3.75,3.41,3.65,45887
FAMUR,20160705,2.33,2.40,2.30,2.30,7428
FARMACOL,20160705,42.50,42.50,42.50,42.50,60
FASING,20160705,14.90,14.90,14.90,14.90,1484
FASTFIN,20160705,1.40,1.40,1.32,1.35,1000
FEERUM,20160705,13.60,13.60,13.00,13.60,22
FERRO,20160705,10.49,10.60,10.29,10.60,1043
FERRUM,20160705,4.20,4.20,4.18,4.18,10
FON,20160705,0.64,0.65,0.63,0.65,23421
FORTE,20160705,65.44,65.76,64.51,64.80,2435
FORTUNA,20160705,14.00,14.00,14.00,14.00,83
FOTA,20160705,0.93,0.93,0.88,0.91,30814
GEKOPLAST,20160705,12.05,12.05,12.05,12.05,90
GETIN,20160705,0.85,0.85,0.83,0.83,87590
GETINOBLE,20160705,0.42,0.43,0.41,0.42,909456
GINOROSSI,20160705,2.50,2.50,2.45,2.50,30307
GLCOSMED,20160705,4.95,4.95,4.66,4.87,1876
GORENJE,20160705,27.80,27.80,27.80,27.80,2
GPW,20160705,32.22,33.00,32.22,32.50,29892
GRAAL,20160705,23.16,23.16,23.00,23.10,800
GRAJEWO,20160705,28.65,28.65,28.08,28.49,58730
GRAVITON,20160705,2.34,2.34,2.30,2.30,21
GROCLIN,20160705,14.58,14.60,14.50,14.50,1448
GRODNO,20160705,5.37,5.37,5.19,5.24,3547
GRUPAAZOTY,20160705,68.89,68.89,68.20,68.50,23808
GTC,20160705,6.72,6.75,6.62,6.64,31879
HANDLOWY,20160705,68.50,69.66,66.67,66.68,39163
HARPER,20160705,1.40,1.40,1.40,1.40,20
HELIO,20160705,5.90,6.17,5.77,5.77,13090
HERKULES,20160705,3.01,3.07,3.00,3.00,7962
HUBSTYLE,20160705,3.01,3.09,2.96,3.00,4443
HYDROTOR,20160705,36.90,36.90,36.90,36.90,2
HYPERION,20160705,2.74,2.74,2.69,2.74,11208
IALBGR,20160705,14.60,14.60,14.60,14.60,62
IDEABANK,20160705,24.14,24.14,24.10,24.11,1002
IFCAPITAL,20160705,0.68,0.69,0.65,0.68,24657
IFSA,20160705,0.62,0.62,0.61,0.61,38
IMCOMPANY,20160705,7.11,7.11,6.85,6.87,7129
IMMOBILE,20160705,3.28,3.28,3.00,3.06,749
IMPEXMET,20160705,2.45,2.52,2.44,2.50,24091
IMS,20160705,2.42,2.52,2.40,2.40,9038
INDATA,20160705,0.87,0.88,0.86,0.87,27531
INDYGO,20160705,2.65,2.91,2.60,2.62,12996
INDYKPOL,20160705,69.95,70.50,69.90,70.50,911
INGBSK,20160705,124.00,125.50,123.70,124.00,18304
INPOST,20160705,9.66,9.95,9.66,9.95,1431
INPRO,20160705,4.98,4.98,4.98,4.98,2
INSTALKRK,20160705,11.82,11.90,11.82,11.90,469
INTEGERPL,20160705,35.50,35.89,34.90,35.57,6057
INTERAOLT,20160705,15.39,15.45,15.16,15.16,2104
INTERBUD,20160705,1.26,1.30,1.23,1.30,623
INTERCARS,20160705,245.90,245.90,242.85,243.10,1455
INTERSPPL,20160705,1.74,1.74,1.74,1.74,132
INTLAPL05249,20160705,54.30,54.30,54.30,54.30,19
INTLBCO13847,20160705,37.50,37.50,37.50,37.50,35
INTLBCO13854,20160705,41.90,41.90,41.90,41.90,119
INTLBCO14092,20160705,33.89,33.89,33.89,33.89,148
INTLBCO14100,20160705,29.70,29.70,28.20,28.20,250
INTLBCO14274,20160705,20.30,20.30,20.20,20.20,328
INTLBMW11031,20160705,5.12,5.12,4.90,4.90,50
INTLBND14357,20160705,54.40,54.70,53.85,54.70,90
INTLDAX00281,20160705,67.00,67.00,65.45,66.00,285
INTLDAX01800,20160705,51.15,51.15,51.15,51.15,454
INTLDAX12872,20160705,110.70,110.70,108.00,108.00,80
INTLDAX13136,20160705,36.66,36.66,36.66,36.66,102
INTLDAX13300,20160705,30.23,30.50,25.70,25.70,1605
INTLDBK14761,20160705,9.28,9.28,9.28,9.28,100
INTLDOW13482,20160705,72.00,72.00,72.00,72.00,45
INTLESX00307,20160705,25.31,25.31,25.31,25.31,57
INTLESX02097,20160705,14.93,14.93,14.93,14.93,100
INTLGLD09746,20160705,146.30,146.30,146.30,146.30,2
INTLGLD12948,20160705,97.50,99.30,97.50,99.30,105
INTLGLD14696,20160705,61.35,61.75,61.00,61.00,82
INTLHSC00828,20160705,20.86,20.86,20.86,20.86,1601
INTLHSC14472,20160705,15.94,15.94,15.94,15.94,80
INTLNKX01826,20160705,91.50,91.50,91.45,91.45,263
INTLNKX05413,20160705,54.20,54.95,52.60,52.60,124
INTLOPL14001,20160705,0.86,0.86,0.86,0.86,1000
INTLPGE11981,20160705,1.55,1.55,1.55,1.55,1000
INTLPGE12377,20160705,2.23,2.23,2.17,2.17,1088
INTLPKN14753,20160705,8.00,8.00,8.00,8.00,200
INTLPKO12401,20160705,3.06,3.06,3.06,3.06,300
INTLPZU12708,20160705,2.63,2.63,2.63,2.63,200
INTLSLV09647,20160705,28.00,28.50,28.00,28.50,23
INTLSLV12054,20160705,31.25,31.25,31.25,31.25,1200
INTLSLV12955,20160705,26.38,26.64,25.36,26.64,101
INTLSLV13227,20160705,23.51,23.51,23.51,23.51,24
INTLSLV13706,20160705,21.60,21.64,20.83,20.83,1700
INTLSLV14704,20160705,17.29,17.40,15.80,16.11,6314
INTLUSD14605,20160705,17.54,17.54,17.54,17.54,15
INTLVOW12799,20160705,11.80,11.80,11.80,11.80,130
INTLVOW13094,20160705,9.24,9.35,9.24,9.35,120
INTLW2012104,20160705,1.47,1.47,1.47,1.47,1000
INTLW2012328,20160705,2.46,2.46,2.46,2.46,170
INTLW2014621,20160705,1.13,1.13,1.13,1.13,4369
INTSBCO11353,20160705,50.85,50.85,50.85,50.85,4
INTSBCO11759,20160705,27.00,29.50,27.00,29.50,210
INTSDAX13839,20160705,55.45,55.45,55.45,55.45,2
INTSDAX13896,20160705,43.10,45.94,43.10,45.94,578
INTSDAX14670,20160705,24.30,29.00,24.30,28.50,576
INTSDAX14688,20160705,38.00,38.00,38.00,38.00,100
INTSDOW06536,20160705,65.60,67.20,65.40,67.20,71
INTSDOW09225,20160705,106.10,107.90,106.10,107.90,133
INTSEUR12500,20160705,28.65,28.65,28.65,28.65,200
INTSEUR14589,20160705,20.97,20.97,20.97,20.97,4
INTSGLD00638,20160705,49.12,49.12,49.07,49.07,20
INTSKGH11627,20160705,34.23,34.23,34.23,34.23,3000
INTSKGH13581,20160705,19.49,19.49,19.49,19.49,150
INTSKGH14167,20160705,13.99,14.45,12.65,14.45,768
INTSNDX10256,20160705,18.88,19.55,18.88,19.55,250
INTSNDX11494,20160705,29.65,29.65,29.65,29.65,50
INTSPEO10025,20160705,49.32,49.32,49.32,49.32,15
INTSPGE14142,20160705,4.00,4.00,4.00,4.00,123
INTSPGN08961,20160705,2.06,2.06,2.06,2.06,1000
INTSW2009217,20160705,7.05,7.05,7.05,7.05,500
INTSW2011700,20160705,3.32,3.32,3.32,3.32,2000
INTSW2013813,20160705,2.75,2.75,2.75,2.75,1000
INTSW2014225,20160705,1.86,1.86,1.86,1.86,540
INTSW2014647,20160705,1.43,1.43,1.32,1.39,1000
INVCEEFIZ,20160705,420.00,420.00,420.00,420.00,60
INVFIZ,20160705,922.00,922.00,896.13,896.13,10
INVISTA,20160705,2.10,2.10,2.09,2.10,31835
INVPEFIZ,20160705,810.00,810.00,800.00,800.00,26
IPOPEMA,20160705,2.08,2.23,2.00,2.22,6499
IQP,20160705,0.60,0.60,0.60,0.60,100
IZOBLOK,20160705,168.00,168.00,162.10,168.00,200
IZOLACJA,20160705,1.59,1.59,1.59,1.59,2
IZOSTAL,20160705,6.45,6.46,6.40,6.41,1798
JHMDEV,20160705,1.31,1.31,1.20,1.24,63081
JSW,20160705,18.95,19.35,18.52,18.76,207801
JWCONSTR,20160705,3.88,3.88,3.85,3.85,342
K2INTERNT,20160705,15.29,15.29,15.00,15.00,244
KANIA,20160705,2.01,2.01,1.96,2.00,27616
KBDOM,20160705,2.03,2.05,2.00,2.05,6000
KERNEL,20160705,52.99,52.99,51.61,52.00,179597
KETY,20160705,309.85,316.15,308.85,315.50,3143
KGHM,20160705,68.55,69.50,67.01,67.01,967101
KGL,20160705,21.64,21.65,20.70,21.65,210
KINOPOL,20160705,11.27,11.27,11.00,11.27,1010
KOGENERA,20160705,91.50,91.50,90.15,90.15,720
KOMPUTRON,20160705,6.10,6.10,6.00,6.01,1638
KONSSTALI,20160705,39.00,39.00,39.00,39.00,1
KOPEX,20160705,2.93,3.10,2.93,2.97,61428
KRAKCHEM,20160705,3.69,3.69,3.69,3.69,1
KREC,20160705,7.74,7.74,7.37,7.74,402
KREDYTIN,20160705,18.74,18.95,18.70,18.80,3813
KREZUS,20160705,3.79,3.82,3.67,3.67,11990
KRUK,20160705,197.00,197.60,195.05,196.00,7167
KRUSZWICA,20160705,67.68,67.68,65.74,67.50,797
KRVITAMIN,20160705,11.40,11.40,10.90,11.30,55
KSGAGRO,20160705,1.57,1.57,1.51,1.56,2288
LABOPRINT,20160705,9.25,9.25,9.25,9.25,407
LARK,20160705,0.81,0.81,0.81,0.81,1000
LARQ,20160705,4.90,4.90,4.63,4.74,4387
LCCORP,20160705,1.87,1.88,1.82,1.82,16010
LENA,20160705,3.59,3.80,3.25,3.42,179080
LENTEX,20160705,9.08,9.10,9.00,9.06,10127
LIBET,20160705,1.50,1.50,1.44,1.44,23945
LIVECHAT,20160705,47.40,47.40,43.27,43.74,35271
LOKUM,20160705,12.80,12.80,12.60,12.79,1096
LOTOS,20160705,30.59,30.65,30.29,30.40,163026
LPP,20160705,4821.00,4933.00,4821.00,4929.00,1087
LSISOFT,20160705,9.41,9.42,9.20,9.32,6755
LUBAWA,20160705,0.81,0.84,0.81,0.83,84093
MABION,20160705,79.65,79.83,78.51,78.85,7985
MAKARONPL,20160705,6.50,6.66,6.38,6.44,4917
MARVIPOL,20160705,6.70,6.74,6.70,6.74,395
MASTERPHA,20160705,7.15,7.27,7.15,7.27,3
MBANK,20160705,306.70,306.70,303.00,305.00,24168
MBWS,20160705,80.08,80.08,77.00,77.00,299
MCI,20160705,10.86,10.88,10.81,10.88,9182
MCLOGIC,20160705,37.50,38.00,37.50,38.00,80
MDIENERGIA,20160705,3.60,3.65,3.60,3.65,10010
MEDIATEL,20160705,0.79,0.84,0.79,0.83,10958
MEDICALG,20160705,236.00,241.80,235.20,241.80,803
MENNICA,20160705,16.96,17.48,16.96,17.48,1013
MERCATOR,20160705,14.63,14.63,14.62,14.62,62
MERCOR,20160705,9.18,9.18,8.80,9.18,1820
MEXPOLSKA,20160705,6.45,7.06,6.45,6.75,25811
MFO,20160705,16.20,16.49,16.20,16.39,2497
MILKILAND,20160705,1.65,1.65,1.65,1.65,11
MILLENNIUM,20160705,4.60,4.61,4.57,4.59,1012625
MIRACULUM,20160705,2.80,2.80,2.73,2.79,20054
MIRBUD,20160705,0.77,0.77,0.74,0.76,1964
MLPGROUP,20160705,39.80,39.80,38.00,38.00,350
MNI,20160705,0.53,0.54,0.52,0.54,14460
MOL,20160705,232.25,232.25,232.25,232.25,20
MONNARI,20160705,13.93,13.95,13.43,13.43,7380
MOSTALPLC,20160705,11.44,11.44,10.91,10.91,692
MOSTALWAR,20160705,12.15,12.29,11.90,12.25,1534
MOSTALZAB,20160705,1.15,1.19,1.15,1.19,14469
MUZA,20160705,3.41,3.68,3.41,3.68,20
MWTRADE,20160705,13.99,13.99,13.99,13.99,2
NETIA,20160705,4.16,4.34,4.16,4.34,41551
NETMEDIA,20160705,6.16,6.16,6.16,6.16,113
NEUCA,20160705,348.15,349.00,341.40,344.85,344
NEWAG,20160705,12.45,12.59,12.20,12.59,2242
NORTCOAST,20160705,5.09,5.09,5.09,5.09,26
NOVITA,20160705,54.20,54.20,53.50,53.50,59
NOWAGALA,20160705,1.40,1.40,1.40,1.40,1723
NTTSYSTEM,20160705,2.88,2.88,2.82,2.82,1754
ODLEWNIE,20160705,3.56,3.57,3.56,3.57,40
OEX,20160705,14.91,15.40,14.90,15.40,810
OPENFIN,20160705,2.90,2.90,2.89,2.90,13347
OPERA3GR,20160705,229.00,229.00,229.00,229.00,4
OPONEO.PL,20160705,31.69,31.69,31.02,31.44,2061
OPTEAM,20160705,11.70,11.70,11.70,11.70,567
ORANGEPL,20160705,4.92,5.15,4.92,5.15,3594073
ORBIS,20160705,61.49,61.50,60.00,61.49,7121
ORCOGROUP,20160705,0.69,0.72,0.69,0.72,515
ORION,20160705,90.00,90.00,85.00,89.98,11
ORZBIALY,20160705,6.07,6.20,6.07,6.20,1126
OTLOG,20160705,246.00,246.00,240.00,240.00,4
OTMUCHOW,20160705,4.75,4.75,4.30,4.69,1917
PAGED,20160705,52.07,52.07,51.79,51.79,450
PAMAPOL,20160705,1.39,1.39,1.33,1.36,4017
PANOVA,20160705,20.78,20.78,20.78,20.78,28
PBG,20160705,2.33,2.33,2.02,2.05,138397
PBKM,20160705,49.98,49.98,49.98,49.98,1
PCCEXOL,20160705,1.81,1.81,1.81,1.81,20
PCCINTER,20160705,1.78,1.78,1.78,1.78,10
PCCROKITA,20160705,56.50,56.50,55.00,55.00,892
PCM,20160705,31.47,33.33,31.47,32.70,7706
PEGAS,20160705,127.30,133.00,127.30,133.00,2792
PEKAES,20160705,13.80,13.99,13.57,13.99,2526
PEKAO,20160705,129.80,131.15,127.70,128.20,551676
PELION,20160705,48.80,48.80,48.32,48.32,50
PEMANAGER,20160705,93.50,93.99,93.00,93.00,59
PEP,20160705,12.80,12.80,12.61,12.79,3214
PEPEES,20160705,0.54,0.54,0.52,0.52,1050
PGE,20160705,11.58,11.66,11.38,11.56,1922286
PGNIG,20160705,5.58,5.67,5.51,5.52,4075111
PGODLEW,20160705,6.22,6.22,6.22,6.22,28
PHN,20160705,14.05,14.05,14.00,14.00,1979
PKNORLEN,20160705,67.99,67.99,66.87,67.14,672087
PKOBL1,20160705,102.00,102.00,102.00,102.00,40
PKOBP,20160705,22.51,23.11,22.51,22.79,2135743
PKOSO,20160705,102.14,103.50,102.14,103.50,1161
PKPCARGO,20160705,33.00,33.18,32.58,32.58,12155
PLASTBOX,20160705,1.80,1.80,1.78,1.80,4866
PLATYNINW,20160705,1.90,1.94,1.72,1.90,437
PLAZACNTR,20160705,25.00,27.50,19.61,19.61,89576
PMPG,20160705,4.24,4.25,4.24,4.25,3205
POLICE,20160705,21.40,21.40,20.60,21.30,720
POLIMEXMS,20160705,4.17,4.17,4.11,4.17,14948
POLMED,20160705,2.78,2.78,2.78,2.78,4358
POLNA,20160705,20.89,20.89,20.89,20.89,291
POLNORD,20160705,10.46,10.50,10.30,10.30,15544
POLWAX,20160705,15.31,15.47,15.31,15.47,10291
POZBUD,20160705,3.05,3.05,3.00,3.02,1667
PRAGMAFA,20160705,11.99,11.99,11.99,11.99,150
PRAGMAINK,20160705,10.40,10.40,10.40,10.40,7
PRAIRIE,20160705,0.48,0.48,0.47,0.48,12600
PRESCO,20160705,7.20,7.20,7.00,7.20,662
PROCAD,20160705,1.70,1.73,1.69,1.73,6061
PROCHEM,20160705,15.95,16.97,15.95,16.40,1308
PROCHNIK,20160705,1.48,1.49,1.41,1.41,247250
PROJPRZEM,20160705,8.50,8.50,8.36,8.50,126120
PROTEKTOR,20160705,3.08,3.10,3.06,3.10,23726
PROVIDENT,20160705,14.75,14.75,14.75,14.75,2
PULAWY,20160705,205.50,205.55,204.00,205.55,46
PWRMEDIA,20160705,1.34,1.34,1.34,1.34,370
PZU,20160705,27.80,27.89,27.43,27.75,1716440
PZUAKORD,20160705,105.00,106.50,105.00,105.15,793
QUERCUS,20160705,5.33,5.33,5.09,5.10,18217
QUMAK,20160705,6.18,6.18,6.00,6.00,333
RADPOL,20160705,3.90,3.90,3.90,3.90,2
RAFAKO,20160705,5.95,6.14,5.93,6.12,21540
RAFAMET,20160705,16.29,16.29,16.00,16.00,531
RAINBOW,20160705,22.40,22.59,22.13,22.31,2523
RANKPROGR,20160705,2.22,2.22,2.15,2.16,61802
RAWLPLUG,20160705,8.95,8.95,8.91,8.94,92
RCBSX5E0320,20160705,870.50,870.50,870.50,870.50,100
RCCORAOPEN,20160705,10.17,10.17,10.08,10.08,600
RCCRUAOPEN,20160705,8.86,8.86,8.66,8.70,42755
RCEPZU10917,20160705,568.40,568.40,568.40,568.40,200
RCFL2DBK,20160705,10.71,10.71,10.71,10.71,170
RCFL2GOLD,20160705,73.20,73.50,73.20,73.50,233
RCFL2OIL,20160705,11.90,11.90,11.65,11.65,3301
RCFL2SILVE,20160705,42.10,42.16,41.49,41.49,170
RCFL3BAS,20160705,54.70,54.70,53.95,53.95,80
RCFL3BMW,20160705,31.74,31.82,31.36,31.36,200
RCFL3DBK,20160705,2.19,2.20,2.19,2.20,3000
RCFL3GOLD,20160705,46.90,47.90,46.90,47.90,355
RCFL3KGH,20160705,4.80,4.99,4.45,4.45,41011
RCFL3OIL,20160705,2.03,2.04,1.90,1.91,525809
RCFL3PGE,20160705,15.05,15.05,14.88,14.88,82
RCFL3PKO,20160705,11.69,11.69,11.25,11.32,825
RCFL3PZU,20160705,23.00,23.42,22.81,23.38,2530
RCFL3SIE,20160705,75.75,75.75,75.75,75.75,30
RCFL3SILVE,20160705,15.34,15.34,14.43,14.63,6141
RCFL3W20,20160705,38.47,39.22,37.60,37.60,1054
RCFL4ESX,20160705,128.60,128.60,122.60,122.60,127
RCFODAOPEN,20160705,59.10,59.10,59.10,59.10,4
RCFS1GOLD,20160705,125.00,125.00,124.30,124.40,4
RCFS2GOLD,20160705,120.40,120.50,120.40,120.50,3
RCFS2SILVE,20160705,99.50,99.50,99.50,99.50,16
RCFS3GOLD,20160705,106.00,106.00,106.00,106.00,20
RCFS3KGH,20160705,56.40,58.00,54.00,58.00,465
RCFS3OIL,20160705,157.20,168.90,157.20,168.90,567
RCFS3OIL2,20160705,29.50,29.50,29.50,29.50,300
RCFS3SILVE,20160705,59.55,61.70,59.55,61.55,520
RCFS4ESX,20160705,7.00,7.18,7.00,7.18,2190
RCGESX10119,20160705,977.80,977.80,977.80,977.80,5
RCGLDAOPEN,20160705,537.30,539.90,535.00,538.00,64
RCLCOAOPEN,20160705,12.66,12.77,12.66,12.77,8
RCNAGAOPEN,20160705,58.30,58.30,58.30,58.30,1
RCNMBAOPEN,20160705,108.80,109.00,108.80,109.00,21
RCRDXAOPEN,20160705,47.40,47.40,47.25,47.27,4000
RCSILAOPEN,20160705,80.15,80.15,78.10,79.05,4679
RCSP5AOPEN,20160705,83.15,83.25,83.15,83.25,10
RCSUGAOPEN,20160705,5.30,5.30,5.30,5.30,670
RCTLGOLD06,20160705,143.00,143.00,143.00,143.00,250
RCW20AOPEN,20160705,17.30,17.30,17.30,17.30,115
RCWHTAOPEN,20160705,6.86,6.86,6.71,6.73,596
REDAN,20160705,2.03,2.20,2.03,2.14,26640
REDWOOD,20160705,1.36,1.36,1.23,1.34,10118
RELPOL,20160705,8.94,9.02,8.85,9.02,2595
REMAK,20160705,16.78,16.78,16.78,16.78,2
RESBUD,20160705,3.81,4.00,3.75,3.75,44707
ROBYG,20160705,2.87,2.87,2.71,2.75,158495
RONSON,20160705,1.48,1.48,1.48,1.48,2
ROPCZYCE,20160705,20.49,20.49,20.47,20.47,2
ROVESE,20160705,2.36,2.60,2.36,2.55,19729
RUBICON,20160705,1.19,1.19,1.19,1.19,20
SANOK,20160705,52.89,52.89,50.75,50.75,1339
SANTANDER,20160705,16.30,16.30,15.20,15.59,1481
SCOPAK,20160705,2.40,2.40,2.30,2.30,2
SECOGROUP,20160705,21.80,21.80,21.80,21.80,707
SELVITA,20160705,21.96,21.96,21.89,21.89,335
SERINUS,20160705,1.32,1.32,1.28,1.31,1317
SFINKS,20160705,3.19,3.24,3.08,3.17,7338
SIMPLE,20160705,6.45,6.57,6.45,6.57,3779
SKARBIEC,20160705,27.66,29.29,27.66,28.98,582
SKOTAN,20160705,0.65,0.66,0.64,0.64,69311
SKYLINE,20160705,0.53,0.53,0.53,0.53,7050
SNIEZKA,20160705,61.50,61.50,60.90,60.90,185
SOHODEV,20160705,1.55,1.55,1.55,1.55,12317
SOLAR,20160705,1.06,1.06,1.00,1.02,8711
SONEL,20160705,12.55,12.76,12.13,12.51,4621
SOPHARMA,20160705,5.20,5.20,5.20,5.20,20
STALEXP,20160705,3.40,3.43,3.40,3.42,18569
STALPROD,20160705,316.00,317.00,313.00,314.90,925
STALPROFI,20160705,11.00,11.00,10.91,11.00,1137
STAPORKOW,20160705,4.49,4.54,4.20,4.26,301
SUNEX,20160705,4.53,4.68,4.52,4.68,283
SUWARY,20160705,9.00,9.00,9.00,9.00,2
SWISSMED,20160705,1.58,1.58,1.55,1.55,305
SYGNITY,20160705,6.20,6.20,5.95,5.97,6794
SYNEKTIK,20160705,15.25,15.25,15.20,15.25,182
SYNTHOS,20160705,3.54,3.54,3.50,3.51,453239
TALEX,20160705,25.98,25.98,25.98,25.98,2
TARCZYNSKI,20160705,12.20,12.20,11.91,12.19,2503
TAURONPE,20160705,2.94,2.94,2.88,2.89,3480406
TESGAS,20160705,3.35,3.35,3.35,3.35,275
TFONE,20160705,3.07,3.07,3.07,3.07,80778
TIM,20160705,11.47,11.47,11.42,11.45,1917
TORPOL,20160705,8.50,8.60,8.50,8.54,2880
TOYA,20160705,4.71,4.81,4.71,4.80,1703
TRAKCJA,20160705,10.25,10.25,10.14,10.19,17409
TRIGONPP,20160705,126.46,126.46,125.00,126.44,12
TRITON,20160705,2.03,2.03,2.03,2.03,1800
ULMA,20160705,56.05,56.05,56.05,56.05,1
UNIBEP,20160705,9.54,9.55,9.31,9.55,243
UNICREDIT,20160705,8.15,8.50,7.86,8.30,581989
UNIMA,20160705,2.55,2.55,2.42,2.52,3905
UNIWHEELS,20160705,141.00,143.00,141.00,142.95,3167
URSUS,20160705,2.20,2.28,2.18,2.21,69956
VANTAGE,20160705,2.73,2.73,2.71,2.71,490
VINDEXUS,20160705,6.18,6.18,6.03,6.18,2141
VISTAL,20160705,8.98,8.98,8.98,8.98,1389
VISTULA,20160705,3.20,3.20,3.16,3.16,15540
VOTUM,20160705,13.81,13.81,13.60,13.81,1370
VOXEL,20160705,17.71,17.71,17.71,17.71,15
WADEX,20160705,5.32,5.32,5.32,5.32,102
WASKO,20160705,1.58,1.59,1.58,1.59,514
WAWEL,20160705,990.00,1000.00,990.00,1000.00,105
WDX,20160705,5.19,5.19,5.10,5.10,122
WIELTON,20160705,8.06,8.15,8.02,8.03,16111
WILBO,20160705,1.03,1.10,1.03,1.10,4788
WINVEST,20160705,2.94,2.94,2.94,2.94,1
WIRTUALNA,20160705,47.00,47.00,46.30,46.30,366
WITTCHEN,20160705,16.28,16.29,16.28,16.29,82
WOJAS,20160705,5.87,5.87,5.57,5.84,421
WORKSERV,20160705,9.43,9.49,9.43,9.49,100
XTB,20160705,14.78,14.80,14.68,14.69,31578
ZAMET,20160705,2.00,2.00,2.00,2.00,42
ZASTAL,20160705,0.58,0.58,0.58,0.58,200
ZEPAK,20160705,10.55,10.55,10.26,10.28,24388
ZETKAMA,20160705,100.90,102.95,100.00,102.70,431
ZPUE,20160705,400.95,400.95,400.95,400.95,2
ZUE,20160705,7.42,7.42,7.20,7.20,4896
ZYWIEC,20160705,445.00,450.00,445.00,450.00,19
INVESTORMS,20160705,3620.34,3620.34,3613.05,3613.05,71675.763
MWIG40,20160705,3343.65,3346.00,3324.59,3326.86,41226.124
NCINDEX30,20160705,844.60,849.29,842.21,849.29,704.202
RESPECT,20160705,2155.25,2164.18,2135.18,2135.18,269999.664
SWIG80,20160705,13113.76,13144.53,13050.69,13063.04,8615.747
WIG,20160705,44344.85,44422.31,44117.31,44118.09,514292.874
WIG-BANKI,20160705,5553.24,5553.24,5520.09,5520.09,164440.275
WIG-BUDOW,20160705,2549.96,2549.96,2539.16,2539.16,2373.938
WIG-CEE,20160705,833.03,833.66,833.03,833.59,9827.180
WIG-CHEMIA,20160705,12342.80,12342.80,12309.59,12309.59,5409.541
WIG-DEWEL,20160705,1609.43,1609.43,1588.41,1588.41,1906.377
WIG-ENERG,20160705,2659.39,2659.39,2647.78,2647.78,41798.722
WIG-INFO,20160705,1708.92,1716.33,1708.92,1716.33,7773.103
WIG-MEDIA,20160705,4134.45,4136.71,4103.35,4103.35,5896.188
WIG-PALIWA,20160705,4636.75,4636.75,4598.77,4598.77,73090.123
WIG-POLAND,20160705,45062.84,45062.84,44887.60,44887.60,498849.163
WIG-SPOZYW,20160705,3570.96,3570.96,3568.03,3569.36,9873.828
WIG-SUROWC,20160705,2178.74,2185.90,2143.95,2143.95,70604.871
WIG-TELKOM,20160705,673.61,691.65,673.61,691.65,18454.453
WIG-UKRAIN,20160705,457.15,457.15,453.65,453.65,9402.820
WIG20,20160705,1722.62,1731.95,1715.95,1715.95,451793.233
WIG20LEV,20160705,418.67,423.21,415.42,415.42,451793.233
WIG20SHORT,20160705,4523.69,4541.17,4499.24,4541.17,451793.233
WIG20TR,20160705,2868.17,2868.17,2855.56,2855.56,451793.233
WIG30,20160705,1933.39,1939.28,1923.05,1923.05,477015.849
WIG30TR,20160705,3176.61,3176.61,3162.84,3162.84,477015.849
WIGDIV,20160705,915.76,918.60,910.22,910.22,267442.976
