06MAGNA,20160822,1.92,1.95,1.90,1.95,39
11BIT,20160822,98.50,99.00,97.55,97.58,6055
4FUNMEDIA,20160822,5.80,5.80,5.55,5.80,182
AATHOLD,20160822,19.70,19.70,19.65,19.65,2
ABCDATA,20160822,2.41,2.41,2.29,2.29,79110
ABMSOLID,20160822,10.49,10.49,10.49,10.49,5
ABPL,20160822,29.51,29.51,28.25,28.25,1505
ACAUTOGAZ,20160822,38.89,38.89,37.61,38.89,7
ACTION,20160822,5.82,6.02,5.40,5.40,217751
ADIUVO,20160822,27.89,27.89,25.72,25.72,6
AGORA,20160822,10.94,11.08,10.94,11.02,6865
AGROTON,20160822,2.29,2.59,2.29,2.53,247424
AILLERON,20160822,7.34,7.42,7.20,7.29,4665
AIRWAY,20160822,1.38,1.39,1.34,1.39,54054
ALCHEMIA,20160822,5.05,5.10,5.00,5.09,97915
ALIOR,20160822,53.00,54.30,53.00,53.70,658738
ALMA,20160822,3.63,3.70,3.55,3.70,10559
ALTA,20160822,3.63,3.63,3.63,3.63,2
ALTUSTFI,20160822,14.49,14.87,14.49,14.87,1889
ALUMETAL,20160822,63.20,63.20,59.10,60.75,15844
AMBRA,20160822,7.55,7.55,7.55,7.55,318
AMICA,20160822,191.00,195.25,189.00,195.20,1492
AMREST,20160822,250.05,253.50,250.05,252.40,3884
APATOR,20160822,30.16,30.65,30.16,30.50,5369
APLISENS,20160822,12.10,12.10,11.81,12.10,540
APLITT,20160822,1.11,1.11,1.11,1.11,13
APSENERGY,20160822,3.46,3.46,3.33,3.46,1384
ARCTIC,20160822,4.96,4.99,4.96,4.99,5808
ARCUS,20160822,1.43,1.50,1.43,1.50,1199
ARTERIA,20160822,13.29,13.30,12.75,13.30,80
ASBIS,20160822,2.40,2.43,2.19,2.19,408398
ASSECOBS,20160822,23.94,23.94,23.94,23.94,64
ASSECOPOL,20160822,56.19,56.20,55.43,55.43,88481
ASSECOSLO,20160822,22.45,22.95,22.45,22.73,3665
ASTARTA,20160822,49.49,50.50,49.49,50.02,6083
ATAL,20160822,24.95,25.00,24.90,25.00,2084
ATENDE,20160822,2.71,2.71,2.71,2.71,820
ATLANTIS,20160822,0.69,0.70,0.67,0.69,17684
ATLASEST,20160822,0.79,0.79,0.78,0.78,4900
ATM,20160822,10.40,10.40,10.38,10.38,44
ATMGRUPA,20160822,3.75,3.75,3.63,3.72,14649
AUTOPARTN,20160822,3.63,3.64,3.62,3.62,24009
AVIAAML,20160822,3.04,3.04,2.82,2.98,2326
AVIASG,20160822,21.94,21.94,21.94,21.94,2
AWBUD,20160822,5.36,5.49,5.36,5.49,956
BALTONA,20160822,3.48,3.48,3.17,3.39,28479
BANKBPH,20160822,30.73,30.75,30.73,30.75,70
BBIDEV,20160822,1.00,1.00,0.98,0.99,95985
BEDZIN,20160822,24.00,24.40,24.00,24.40,55
BENEFIT,20160822,637.00,665.00,637.00,664.00,5044
BEST,20160822,20.45,20.55,20.45,20.55,1350
BETACOM,20160822,11.03,11.98,11.03,11.98,2860
BGZBNPP,20160822,47.29,47.29,44.15,44.90,27183
BIOMEDLUB,20160822,0.80,0.85,0.80,0.80,389694
BIOTON,20160822,8.20,8.71,8.15,8.61,128541
BMPAG,20160822,3.00,3.00,3.00,3.00,2
BOGDANKA,20160822,54.00,54.50,54.00,54.28,7458
BORYSZEW,20160822,5.87,6.03,5.81,6.01,125583
BOS,20160822,11.35,11.35,11.26,11.27,337
BOWIM,20160822,3.70,3.78,3.66,3.77,13983
BRASTER,20160822,26.99,26.99,25.86,25.90,24753
BRIJU,20160822,17.99,18.15,17.83,18.15,2209
BUDIMEX,20160822,191.55,193.45,191.55,193.00,2857
BUMECH,20160822,1.07,1.11,1.07,1.08,197697
BYTOM,20160822,2.85,2.85,2.66,2.81,265659
BZWBK,20160822,311.00,317.45,310.30,313.00,25877
CALATRAVA,20160822,1.19,1.30,1.08,1.08,343437
CAPITAL,20160822,2.95,2.95,2.85,2.94,4734
CCC,20160822,183.00,183.70,179.20,181.35,60448
CDPROJEKT,20160822,36.36,37.89,36.20,37.85,266527
CDRL,20160822,30.00,30.40,29.52,30.38,211
CELTIC,20160822,4.30,4.30,4.30,4.30,200
CEZ,20160822,67.50,67.90,66.50,66.70,1314
CFI,20160822,135.30,141.00,134.10,138.00,920
CHEMOS,20160822,1.81,1.84,1.79,1.84,4921
CIECH,20160822,63.50,63.99,62.31,63.12,58348
CIGAMES,20160822,30.60,31.00,28.75,31.00,91993
CITYSERV,20160822,8.22,8.32,8.09,8.25,4104
CNT,20160822,8.69,8.69,8.20,8.45,8355
COGNOR,20160822,1.22,1.23,1.18,1.18,38204
COLIAN,20160822,3.50,3.50,3.44,3.50,9784
COMARCH,20160822,173.15,176.00,173.15,175.00,1986
COMP,20160822,58.70,58.80,57.80,58.00,827
COMPERIA,20160822,7.00,7.39,7.00,7.39,793
CORMAY,20160822,2.51,2.53,2.37,2.38,367472
CPGROUP,20160822,6.49,6.49,6.49,6.49,2
CUBEITG,20160822,6.80,6.80,6.80,6.80,608
CYFRPLSAT,20160822,24.05,24.27,23.97,24.09,127007
CZTOREBKA,20160822,0.86,0.86,0.83,0.86,2004
DEBICA,20160822,110.65,110.65,110.00,110.20,2905
DECORA,20160822,7.89,8.10,7.80,7.96,827
DELKO,20160822,9.52,9.52,9.52,9.52,771
DGA,20160822,5.23,5.24,5.23,5.24,231
DOMDEV,20160822,54.00,54.00,52.90,52.99,358
DREWEX,20160822,1.75,1.75,1.63,1.63,1619
DROZAPOL,20160822,2.53,2.62,2.53,2.62,57
DUDA,20160822,6.31,6.31,6.31,6.31,645
ECHO,20160822,4.29,4.35,4.26,4.28,23091
EDINVEST,20160822,2.01,2.01,1.95,1.95,840
EFEKT,20160822,22.60,22.70,22.01,22.70,1679
EKOEXPORT,20160822,11.32,11.33,11.23,11.23,857
ELBUDOWA,20160822,100.00,101.50,100.00,101.50,143
ELEKTROTI,20160822,15.80,15.80,15.60,15.74,660
ELEMENTAL,20160822,4.00,4.01,3.98,4.01,316645
ELKOP,20160822,1.36,1.40,1.32,1.40,7144
ELZAB,20160822,14.41,14.55,14.40,14.55,1429
EMCINSMED,20160822,12.00,12.00,12.00,12.00,1
EMPERIA,20160822,66.80,66.80,65.18,65.97,14335
ENAP,20160822,1.06,1.06,1.03,1.03,3102
ENEA,20160822,10.10,10.46,10.10,10.40,401060
ENELMED,20160822,8.60,8.60,8.60,8.60,289
ENERGA,20160822,8.37,8.49,8.35,8.37,1073842
ENERGOINS,20160822,8.06,8.06,7.73,7.86,351
ENTER,20160822,21.70,21.71,21.70,21.71,48
ERBUD,20160822,31.00,31.10,31.00,31.10,4370
ERG,20160822,41.44,41.44,40.04,40.65,80
ERGIS,20160822,4.87,4.87,4.81,4.85,2092
ESOTIQ,20160822,9.49,9.49,8.72,9.24,13098
ESSYSTEM,20160822,2.73,2.74,2.62,2.74,1327
ETFDAX,20160822,435.00,440.45,430.82,432.75,1026
ETFSP500,20160822,84.53,85.00,83.86,85.00,166
ETFW20L,20160822,210.98,211.66,210.60,210.60,2940
EUCO,20160822,49.75,51.41,49.75,51.40,4731
EUROCASH,20160822,46.40,47.13,45.75,46.00,484062
EUROHOLD,20160822,1.22,1.22,1.16,1.16,1670
EUROTEL,20160822,16.90,18.45,16.90,18.45,52851
EVEREST,20160822,0.36,0.37,0.36,0.37,3095
FAM,20160822,5.36,5.43,5.28,5.36,5558
FAMUR,20160822,3.38,3.38,3.30,3.31,32877
FARMACOL,20160822,47.00,47.99,47.00,47.99,870
FASING,20160822,15.20,15.21,15.00,15.21,1225
FASTFIN,20160822,1.64,1.64,1.58,1.62,10070
FEERUM,20160822,12.90,12.99,12.88,12.99,3079
FERRO,20160822,11.80,11.80,11.61,11.77,3127
FERRUM,20160822,4.06,4.09,3.85,4.09,11007
FON,20160822,0.65,0.66,0.64,0.66,11299
FORTE,20160822,71.97,71.97,69.91,71.25,1846
FOTA,20160822,1.10,1.10,1.00,1.02,136467
GEKOPLAST,20160822,12.05,12.05,12.05,12.05,4
GETIN,20160822,1.00,1.01,0.99,1.00,146672
GETINOBLE,20160822,0.50,0.50,0.48,0.48,4386532
GINOROSSI,20160822,2.70,2.70,2.68,2.68,50817
GLCOSMED,20160822,5.30,5.30,5.30,5.30,2
GORENJE,20160822,32.60,32.60,32.60,32.60,2
GPW,20160822,35.01,35.36,35.00,35.19,34085
GRAAL,20160822,24.01,24.90,24.00,24.80,5504
GRAJEWO,20160822,31.35,31.97,31.25,31.30,16440
GRAVITON,20160822,1.90,1.90,1.90,1.90,5
GROCLIN,20160822,17.16,17.65,17.16,17.53,15677
GRODNO,20160822,5.29,5.29,5.29,5.29,2
GRUPAAZOTY,20160822,69.00,69.44,67.67,68.03,26095
GTC,20160822,6.98,7.09,6.94,6.98,129175
HANDLOWY,20160822,70.71,72.49,70.71,71.58,20470
HARPER,20160822,1.31,1.31,1.31,1.31,2
HAWE,20160822,0.35,0.41,0.35,0.39,3184808
HELIO,20160822,5.94,5.94,5.94,5.94,252
HERKULES,20160822,3.30,3.34,3.30,3.33,18258
HUBSTYLE,20160822,3.50,3.50,3.43,3.50,1167
HYDROTOR,20160822,39.79,39.79,39.50,39.50,2
HYPERION,20160822,3.40,3.45,3.40,3.45,5096
IALBGR,20160822,13.40,13.50,13.29,13.29,2657
IDEABANK,20160822,23.98,23.98,23.41,23.41,389
IFCAPITAL,20160822,0.65,0.68,0.65,0.67,15994
IFSA,20160822,0.61,0.64,0.60,0.64,9328
IMCOMPANY,20160822,7.35,7.35,7.13,7.20,1232
IMMOBILE,20160822,2.95,2.95,2.80,2.94,1362
IMPEL,20160822,21.85,22.10,21.85,22.10,13
IMPERA,20160822,1.55,1.55,1.55,1.55,29
IMPEXMET,20160822,2.71,2.74,2.68,2.68,154447
IMS,20160822,2.40,2.40,2.37,2.37,8499
INC,20160822,1.85,1.89,1.67,1.89,12047
INDATA,20160822,0.84,0.84,0.82,0.82,11361
INDYGO,20160822,1.47,1.47,1.37,1.42,13128
INDYKPOL,20160822,67.60,67.60,67.20,67.20,16
INGBSK,20160822,143.50,145.00,143.50,144.90,28276
INPOST,20160822,7.88,7.88,7.40,7.50,2554
INPRO,20160822,4.46,4.46,4.46,4.46,731
INSTALKRK,20160822,12.92,12.93,12.23,12.90,909
INTEGERPL,20160822,31.98,32.00,31.09,31.60,1910
INTERAOLT,20160822,16.99,16.99,16.81,16.81,184
INTERBUD,20160822,1.17,1.19,1.12,1.19,7151
INTERCARS,20160822,295.00,295.00,294.60,295.00,936
INTERSPPL,20160822,1.72,1.72,1.66,1.72,52
INTLADS14787,20160822,21.00,21.00,21.00,21.00,60
INTLBCO12542,20160822,105.20,105.20,105.20,105.20,25
INTLBCO13235,20160822,56.75,56.75,56.75,56.75,111
INTLBCO14084,20160822,43.55,43.55,43.55,43.55,15
INTLBCO15420,20160822,37.14,37.78,34.73,34.73,294
INTLBMW14779,20160822,11.39,11.39,11.39,11.39,50
INTLDAX00281,20160822,101.60,101.60,101.60,101.60,22
INTLDAX01800,20160822,86.90,86.90,86.90,86.90,10
INTLDAX14829,20160822,57.05,57.05,57.05,57.05,30
INTLDAX15081,20160822,32.42,34.12,32.42,34.12,20000
INTLDAX15099,20160822,47.30,47.30,47.30,47.30,600
INTLDAX15271,20160822,29.17,29.17,24.84,25.83,482
INTLDAX15396,20160822,20.77,23.10,15.24,15.48,2580
INTLEUD12815,20160822,19.13,19.13,19.13,19.13,300
INTLEUR08078,20160822,16.23,16.23,16.00,16.00,700
INTLEUR08607,20160822,21.20,21.20,21.20,21.20,200
INTLGLD12831,20160822,101.80,103.00,101.80,103.00,20
INTLGLD12948,20160822,85.50,85.50,85.50,85.50,20
INTLGLD13177,20160822,69.05,70.15,69.05,70.15,155
INTLGLD14993,20160822,37.03,37.54,37.03,37.54,108
INTLKGH12393,20160822,34.59,34.59,34.59,34.59,20
INTLKGH14720,20160822,25.41,25.41,25.41,25.41,800
INTLKGH15024,20160822,16.14,16.14,16.14,16.14,103
INTLKGH15115,20160822,13.11,13.20,13.01,13.01,162
INTLKGH15180,20160822,10.72,10.72,10.72,10.72,500
INTLPGE15107,20160822,1.27,1.27,1.27,1.27,200
INTLPKN13060,20160822,12.97,13.86,12.97,13.78,1000
INTLPKN15131,20160822,11.24,11.24,11.20,11.20,1070
INTLPKO12781,20160822,7.10,7.10,7.10,7.10,190
INTLPKO15438,20160822,3.03,3.03,2.67,2.67,4400
INTLSLV10652,20160822,24.54,24.54,24.54,24.54,107
INTLSLV12955,20160822,20.86,20.86,20.86,20.86,20
INTLSLV13706,20160822,16.20,16.23,16.18,16.23,567
INTLSLV14563,20160822,14.44,14.44,14.44,14.44,30
INTLSLV14704,20160822,11.49,11.49,11.49,11.49,100
INTLSLV14944,20160822,4.02,4.42,4.02,4.25,500
INTLSLV14951,20160822,7.05,7.05,7.05,7.05,130
INTLSLV14969,20160822,9.60,9.60,9.60,9.60,200
INTLUSD05702,20160822,46.23,46.23,46.23,46.23,11
INTLUSD05850,20160822,42.00,42.00,41.00,41.00,190
INTLUSD06304,20160822,32.46,32.46,32.46,32.46,35
INTLUSD13607,20160822,16.44,16.64,14.49,14.49,683
INTLVOW13763,20160822,10.63,10.63,10.63,10.63,140
INTLW2012104,20160822,2.29,2.29,2.29,2.29,7000
INTLW2012484,20160822,4.42,4.53,4.34,4.44,61732
INTLW2014621,20160822,1.91,1.91,1.75,1.75,7000
INTLW2014639,20160822,2.03,2.03,2.03,2.03,200
INTLW2015008,20160822,1.60,1.60,1.60,1.60,2000
INTLW2015065,20160822,1.24,1.24,1.24,1.24,9000
INTLW2015370,20160822,0.76,0.81,0.67,0.73,8367
INTLW2015388,20160822,0.95,1.01,0.86,0.95,39932
INTROL,20160822,9.80,9.80,9.80,9.80,35
INTSADS15339,20160822,9.47,9.47,9.47,9.47,150
INTSAPL08011,20160822,269.60,269.60,269.60,269.60,8
INTSBCO06825,20160822,139.00,139.00,139.00,139.00,6
INTSBCO09589,20160822,108.40,108.40,108.40,108.40,10
INTSBCO11353,20160822,46.60,47.42,46.16,47.42,120
INTSBCO11759,20160822,25.21,27.40,24.60,25.99,3912
INTSDAX07708,20160822,81.90,81.90,81.90,81.90,99
INTSDAX08755,20160822,54.70,62.00,54.70,60.80,235
INTSDAX12146,20160822,39.31,41.30,33.74,39.99,859
INTSDBK15479,20160822,18.88,18.88,18.88,18.88,99
INTSDOW06536,20160822,31.23,31.90,31.23,31.50,54
INTSDOW09225,20160822,71.00,71.00,68.50,69.05,2346
INTSDOW15404,20160822,110.40,110.40,109.40,109.40,16
INTSESX12278,20160822,13.59,14.09,13.59,14.09,88
INTSEUC07260,20160822,22.59,22.59,22.59,22.59,4
INTSGLD00638,20160822,49.28,49.28,49.09,49.09,233
INTSGLD01057,20160822,72.95,72.95,71.55,71.55,190
INTSKGH09779,20160822,40.21,40.21,40.21,40.21,45
INTSKGH11775,20160822,16.93,17.00,16.60,17.00,686
INTSNDX11494,20160822,11.28,11.28,11.28,11.28,6
INTSNDX15412,20160822,21.21,21.21,21.21,21.21,200
INTSPEO10025,20160822,52.30,52.30,52.30,52.30,8
INTSPKN11023,20160822,11.58,11.58,11.58,11.58,105
INTSSLV02279,20160822,22.84,22.84,22.74,22.74,417
INTSSLV02584,20160822,15.04,15.16,15.04,15.16,220
INTSSLV15222,20160822,12.00,12.00,11.81,11.81,1187
INTSUSD15248,20160822,27.64,27.64,27.64,27.64,300
INTSW2009217,20160822,6.10,6.10,6.10,6.10,100
INTSW2014043,20160822,1.40,1.50,1.40,1.40,9000
INVGLDFIZ,20160822,1621.27,1621.27,1621.27,1621.27,8
INVISTA,20160822,2.00,2.00,1.99,2.00,110
INVPEFIZ,20160822,750.00,750.00,750.00,750.00,5
IPOPEMA,20160822,1.94,1.94,1.94,1.94,56
IQP,20160822,0.52,0.54,0.52,0.54,3
IZOBLOK,20160822,179.40,185.00,179.40,180.00,3452
IZOLACJA,20160822,1.51,1.51,1.51,1.51,2
IZOSTAL,20160822,6.71,7.04,6.71,7.04,69
JHMDEV,20160822,1.16,1.17,1.12,1.14,66905
JSW,20160822,29.12,29.99,28.41,28.75,282316
JWCONSTR,20160822,4.12,4.29,4.12,4.22,26415
K2INTERNT,20160822,14.29,14.29,13.90,14.20,178
KANIA,20160822,2.15,2.18,2.13,2.17,13900
KBCASFIZ,20160822,98.75,99.39,98.75,99.39,1051
KBDOM,20160822,1.87,1.87,1.86,1.86,5890
KERNEL,20160822,58.80,59.20,57.42,58.00,66174
KETY,20160822,371.80,372.50,365.10,369.00,3390
KGHM,20160822,76.72,76.98,75.75,76.10,1211021
KGL,20160822,21.50,21.50,21.50,21.50,10
KINOPOL,20160822,12.65,12.66,12.55,12.66,458
KOFOL,20160822,66.66,66.66,60.00,60.00,32
KOGENERA,20160822,95.00,95.94,94.53,95.94,1701
KOMPAP,20160822,8.87,9.30,8.87,9.30,23
KOMPUTRON,20160822,5.40,5.40,5.20,5.24,2077
KONSSTALI,20160822,39.70,39.99,39.70,39.99,1001
KOPEX,20160822,3.38,3.58,3.37,3.51,305920
KPPD,20160822,26.00,26.00,26.00,26.00,1231
KRAKCHEM,20160822,3.49,3.49,3.43,3.43,442
KREC,20160822,6.29,6.29,6.29,6.29,2
KREDYTIN,20160822,22.70,22.70,20.70,22.40,4097
KREZUS,20160822,3.40,3.46,3.30,3.43,13162
KRUK,20160822,236.50,242.65,235.50,241.00,30224
KRUSZWICA,20160822,62.00,62.00,61.90,61.90,40
KRVITAMIN,20160822,12.00,12.00,11.65,11.90,377
KSGAGRO,20160822,1.91,2.10,1.90,2.08,369594
LABOPRINT,20160822,8.55,8.70,8.51,8.70,1060
LARK,20160822,0.71,0.73,0.71,0.73,238
LARQ,20160822,7.40,7.40,7.13,7.39,100431
LCCORP,20160822,2.03,2.05,2.02,2.05,3827
LENA,20160822,3.68,3.68,3.51,3.60,8688
LENTEX,20160822,9.23,9.34,9.23,9.34,1561
LIBET,20160822,1.38,1.38,1.31,1.36,2326
LIVECHAT,20160822,49.45,49.69,48.80,49.40,3312
LOTOS,20160822,28.90,29.57,28.80,29.37,132720
LPP,20160822,4650.05,4760.00,4650.05,4720.00,1519
LSISOFT,20160822,9.19,9.19,9.05,9.05,3728
LUBAWA,20160822,0.96,0.99,0.96,0.98,200711
MABION,20160822,87.90,87.90,87.00,87.90,1466
MAKARONPL,20160822,6.30,6.30,6.30,6.30,220
MARVIPOL,20160822,6.25,6.30,6.21,6.30,70779
MASTERPHA,20160822,6.75,6.75,6.69,6.75,206
MBANK,20160822,365.80,365.80,360.15,364.50,15193
MBWS,20160822,70.00,70.00,69.10,70.00,33
MCI,20160822,10.21,10.21,10.06,10.15,23314
MCLOGIC,20160822,37.51,38.20,37.44,38.20,821
MDIENERGIA,20160822,3.55,3.55,3.53,3.53,12
MEDICALG,20160822,269.10,269.15,262.30,263.00,13491
MEDYCZNYFIZ,20160822,98.09,99.00,98.09,99.00,1301
MENNICA,20160822,19.80,19.99,19.31,19.99,15565
MERCATOR,20160822,15.00,15.00,14.70,14.83,3790
MERCOR,20160822,9.08,9.19,9.00,9.19,5444
MEXPOLSKA,20160822,6.20,6.20,6.00,6.01,7442
MFO,20160822,19.39,19.90,19.39,19.84,28734
MILKILAND,20160822,1.93,2.06,1.88,2.06,92337
MILLENNIUM,20160822,5.30,5.33,5.26,5.31,249071
MIRACULUM,20160822,2.53,2.71,2.50,2.60,30905
MIRBUD,20160822,0.84,0.84,0.82,0.83,10184
MLPGROUP,20160822,39.48,39.50,39.48,39.50,10
MNI,20160822,0.57,0.57,0.53,0.55,126429
MOJ,20160822,0.84,0.84,0.84,0.84,52
MOL,20160822,237.40,237.40,236.70,236.70,26
MONNARI,20160822,14.14,14.14,13.95,13.99,8644
MOSTALPLC,20160822,11.65,11.65,11.00,11.17,4327
MOSTALWAR,20160822,11.80,12.00,11.75,12.00,741
MOSTALZAB,20160822,1.29,1.29,1.27,1.28,13351
MWTRADE,20160822,12.55,12.55,12.27,12.27,1377
NETIA,20160822,4.81,4.96,4.76,4.85,145969
NEUCA,20160822,367.00,369.60,365.00,366.10,490
NEWAG,20160822,13.60,13.81,13.60,13.81,584
NORTCOAST,20160822,4.98,4.98,4.98,4.98,52
NOVITA,20160822,52.99,52.99,52.99,52.99,5
NOWAGALA,20160822,1.36,1.39,1.35,1.39,5292
NTTSYSTEM,20160822,3.05,3.05,2.96,3.05,780
ODLEWNIE,20160822,3.38,3.38,3.38,3.38,296
OEX,20160822,15.83,15.83,15.83,15.83,1
OPENFIN,20160822,1.86,1.92,1.82,1.85,3398
OPONEO.PL,20160822,29.90,29.90,29.11,29.40,1543
ORANGEPL,20160822,5.34,5.34,5.28,5.28,1398363
ORBIS,20160822,70.50,72.18,70.50,72.18,2651
ORCOGROUP,20160822,0.67,0.69,0.66,0.68,29240
ORION,20160822,90.40,90.40,82.25,87.80,66
ORZBIALY,20160822,6.61,6.64,6.60,6.64,3745
OTLOG,20160822,268.00,268.00,268.00,268.00,14
OTMUCHOW,20160822,4.20,4.20,4.19,4.19,455
OVOSTAR,20160822,91.00,91.00,91.00,91.00,146
PAGED,20160822,53.40,53.40,53.35,53.35,2
PAMAPOL,20160822,1.27,1.38,1.27,1.38,23485
PANOVA,20160822,21.00,21.00,21.00,21.00,3
PBG,20160822,2.22,2.25,2.15,2.25,28980
PBKM,20160822,49.46,49.46,49.46,49.46,5
PCCEXOL,20160822,1.86,1.86,1.86,1.86,300
PCCINTER,20160822,1.90,1.90,1.90,1.90,10
PCCROKITA,20160822,61.40,61.75,61.40,61.75,1621
PCM,20160822,32.25,32.30,32.21,32.25,2266
PEKABEX,20160822,12.71,13.00,12.71,13.00,2459
PEKAES,20160822,14.65,14.94,14.65,14.80,39799
PEKAO,20160822,126.90,129.00,125.65,127.60,522004
PELION,20160822,44.00,44.00,43.70,44.00,1567
PEMANAGER,20160822,98.00,98.80,96.90,96.90,215
PEP,20160822,11.83,12.49,11.70,12.19,3092
PEPEES,20160822,0.55,0.55,0.55,0.55,2
PGE,20160822,11.91,12.14,11.81,12.14,1757766
PGNIG,20160822,5.49,5.50,5.37,5.37,3346462
PGODLEW,20160822,6.18,6.18,6.18,6.18,31
PHN,20160822,14.15,14.15,14.05,14.10,3119
PKNORLEN,20160822,65.00,66.60,65.00,66.30,902651
PKOBP,20160822,25.95,26.21,25.76,26.00,1873126
PKOGS,20160822,105.40,105.40,105.00,105.02,465
PKOSO,20160822,104.11,104.11,104.11,104.11,35
PKPCARGO,20160822,38.67,40.45,38.43,40.43,173188
PLASTBOX,20160822,2.00,2.05,1.98,2.03,13259
PLATYNINW,20160822,2.06,2.06,1.94,1.94,1558
PLAZACNTR,20160822,12.35,12.89,12.20,12.72,1705
PMPG,20160822,5.19,5.25,5.06,5.24,3175
POLICE,20160822,20.00,20.00,19.66,20.00,1073
POLIMEXMS,20160822,3.85,3.89,3.76,3.80,68343
POLNA,20160822,23.75,23.75,22.88,23.70,102
POLNORD,20160822,9.60,9.70,9.60,9.70,37982
POLWAX,20160822,16.89,17.08,16.51,17.04,28794
POZBUD,20160822,3.00,3.10,3.00,3.02,2128
PRAGMAFA,20160822,12.03,12.03,12.03,12.03,53
PRAGMAINK,20160822,10.12,10.12,10.12,10.12,15
PRAIRIE,20160822,0.47,0.49,0.47,0.49,42238
PRESCO,20160822,6.77,6.77,6.76,6.76,317
PRIMAMODA,20160822,1.82,1.84,1.82,1.84,275
PROCAD,20160822,1.49,1.53,1.49,1.53,4443
PROCHEM,20160822,15.74,15.74,15.00,15.69,1502
PROCHNIK,20160822,1.42,1.43,1.33,1.36,270904
PROJPRZEM,20160822,8.40,8.40,8.40,8.40,1200
PROTEKTOR,20160822,3.38,3.39,3.36,3.39,6852
PROVIDENT,20160822,14.65,14.65,13.80,13.80,552
PULAWY,20160822,212.00,215.00,212.00,213.00,89
PWRMEDIA,20160822,1.22,1.22,1.22,1.22,1050
PZU,20160822,28.53,28.64,28.15,28.15,1092334
PZUAKORD,20160822,107.36,107.36,107.36,107.36,5
QUERCUS,20160822,5.44,5.44,5.28,5.35,19526
QUMAK,20160822,4.86,4.88,4.56,4.67,11881
RADPOL,20160822,3.21,3.22,3.12,3.22,3402
RAFAKO,20160822,6.78,6.78,6.75,6.78,48666
RAFAMET,20160822,17.60,17.60,17.60,17.60,10
RAINBOW,20160822,21.21,21.40,21.15,21.30,3495
RANKPROGR,20160822,1.94,1.98,1.93,1.96,98332
RAWLPLUG,20160822,9.61,9.71,9.61,9.69,3457
RCAGRB10918,20160822,990.60,990.60,990.60,990.60,150
RCBESX10519,20160822,1019.30,1019.30,1019.30,1019.30,300
RCBSH10617,20160822,933.60,933.60,933.60,933.60,100
RCCOFAOPEN,20160822,3.04,3.04,3.04,3.04,1000
RCCRUAOPEN,20160822,8.49,8.49,8.36,8.40,3569
RCFL2OIL,20160822,11.18,11.18,11.18,11.18,13
RCFL2OPL,20160822,37.27,37.27,37.27,37.27,3
RCFL2PKN,20160822,147.80,149.70,147.80,149.70,115
RCFL2SILVE,20160822,35.75,35.75,35.75,35.75,50
RCFL2W20,20160822,68.75,68.75,68.75,68.75,215
RCFL3FDX,20160822,114.10,114.50,114.10,114.50,374
RCFL3GOLD,20160822,43.00,43.12,42.69,43.12,181
RCFL3KGH,20160822,6.80,6.80,6.46,6.55,2760
RCFL3OIL,20160822,1.73,1.78,1.66,1.72,225205
RCFL3OIL2,20160822,205.70,205.70,205.70,205.70,50
RCFL3OPL,20160822,15.37,15.37,15.37,15.37,5
RCFL3PGE,20160822,16.09,16.09,16.09,16.09,63
RCFL3PKN,20160822,101.10,101.10,101.10,101.10,60
RCFL3PKO,20160822,16.12,16.12,16.12,16.12,130
RCFL3SILVE,20160822,11.89,12.03,11.65,11.90,12100
RCFL3W20,20160822,44.39,44.72,43.30,43.30,353
RCFL4ESX,20160822,150.00,150.00,142.80,143.00,100
RCFS2KGH,20160822,72.05,72.05,72.05,72.05,150
RCFS3BMW,20160822,16.64,16.64,16.64,16.64,50
RCFS3DBK,20160822,153.60,153.60,153.60,153.60,37
RCFS3FDX,20160822,26.52,26.52,26.52,26.52,47
RCFS3GOLD,20160822,102.40,102.40,102.40,102.40,20
RCFS3KGH,20160822,34.90,34.97,34.38,34.45,5810
RCFS3OIL,20160822,132.80,139.80,132.20,136.00,2103
RCFS3OIL2,20160822,25.13,25.71,25.13,25.30,945
RCFS3SILVE,20160822,66.30,66.30,65.20,65.85,575
RCFS4ESX,20160822,5.25,5.25,5.09,5.09,950
RCGBSH11116,20160822,1164.20,1164.20,1164.20,1164.20,10
RCGBSH11217,20160822,1174.90,1174.90,1174.90,1174.90,40
RCGLDAOPEN,20160822,508.20,509.90,508.20,509.90,35
RCGSDG10319,20160822,1068.00,1068.00,1068.00,1068.00,10
RCGSXLV1220,20160822,962.70,962.70,962.70,962.70,11
RCKAOAOPEN,20160822,119.20,119.20,117.00,117.00,100
RCNIKAOPEN,20160822,62.10,62.10,62.10,62.10,4
RCSDGP0717,20160822,1158.70,1158.70,1158.70,1158.70,90
RCSILAOPEN,20160822,72.35,72.40,72.00,72.40,1434
RCTLGOLD06,20160822,131.00,131.00,131.00,131.00,65
RCWHTAOPEN,20160822,6.44,6.44,6.38,6.38,230
REDAN,20160822,1.92,1.92,1.92,1.92,400
REDWOOD,20160822,1.45,1.45,1.43,1.45,1470
RELPOL,20160822,10.50,10.59,10.40,10.59,7635
REMAK,20160822,18.20,18.20,17.01,17.62,795
RESBUD,20160822,0.42,0.46,0.32,0.32,12765443
ROBYG,20160822,2.99,2.99,2.95,2.98,131966
RONSON,20160822,1.48,1.48,1.43,1.45,542
ROPCZYCE,20160822,21.10,21.10,21.00,21.10,847
ROVESE,20160822,2.45,2.47,2.40,2.47,35050
RUBICON,20160822,1.46,1.46,1.36,1.36,6459
SANOK,20160822,60.80,60.80,59.50,60.10,7205
SANTANDER,20160822,15.80,15.80,15.80,15.80,66
SCOPAK,20160822,1.35,1.35,1.35,1.35,2
SELENAFM,20160822,19.00,19.00,18.50,18.90,2559
SELVITA,20160822,24.77,26.00,24.48,25.70,14375
SERINUS,20160822,1.25,1.25,1.20,1.25,12654
SFINKS,20160822,2.65,2.68,2.61,2.64,32348
SIMPLE,20160822,6.40,6.99,6.40,6.80,3745
SKARBIEC,20160822,29.55,29.55,29.55,29.55,234
SKOTAN,20160822,0.60,0.60,0.58,0.60,35567
SKYLINE,20160822,0.55,0.55,0.55,0.55,10
SNIEZKA,20160822,58.00,58.00,58.00,58.00,1000
SOHODEV,20160822,1.52,1.53,1.52,1.53,918
SOLAR,20160822,1.23,1.28,1.19,1.24,25507
SONEL,20160822,11.56,11.85,11.56,11.85,762
STALEXP,20160822,3.59,3.59,3.53,3.53,49726
STALPROD,20160822,419.95,424.60,415.40,424.60,426
STALPROFI,20160822,11.95,12.42,11.94,12.10,8116
STAPORKOW,20160822,4.09,4.09,4.02,4.05,1943
STARHEDGE,20160822,0.86,0.86,0.78,0.78,27717
SUNEX,20160822,4.20,4.20,4.20,4.20,40
SUWARY,20160822,9.69,9.69,9.23,9.68,1042
SWISSMED,20160822,1.66,1.66,1.66,1.66,15
SYGNITY,20160822,4.80,4.83,4.59,4.60,71735
SYNEKTIK,20160822,15.07,15.40,14.90,15.40,2822
SYNTHOS,20160822,3.96,4.01,3.94,4.01,254404
TALEX,20160822,28.75,28.75,28.15,28.15,1098
TARCZYNSKI,20160822,12.65,12.65,12.65,12.65,460
TAURONPE,20160822,2.95,3.03,2.93,2.95,2772899
TERMOREX,20160822,2.56,2.56,2.56,2.56,300
TESGAS,20160822,3.49,3.49,3.49,3.49,2
TFONE,20160822,3.10,3.10,3.04,3.04,17286
TIM,20160822,12.64,12.79,12.20,12.79,8985
TORPOL,20160822,11.18,11.20,11.05,11.20,16081
TOYA,20160822,4.49,4.49,4.41,4.48,267
TRAKCJA,20160822,12.01,12.21,11.86,12.13,35915
TRANSPOL,20160822,4.45,4.89,4.45,4.71,53238
TRIGONPP,20160822,126.10,128.80,126.10,128.43,1502
TRIGONPP1,20160822,129.70,129.70,129.70,129.70,11
TRITON,20160822,2.20,2.20,2.20,2.20,25
ULMA,20160822,60.00,60.00,60.00,60.00,1
UNIBEP,20160822,11.42,11.59,11.42,11.50,8532
UNICREDIT,20160822,8.45,8.66,8.31,8.55,61896
UNIMA,20160822,2.99,2.99,2.99,2.99,195
UNIWHEELS,20160822,187.40,194.70,187.05,194.40,23431
URSUS,20160822,2.50,2.50,2.46,2.48,49649
VANTAGE,20160822,2.56,2.56,2.52,2.52,251
VINDEXUS,20160822,7.46,7.59,7.45,7.50,16584
VISTAL,20160822,9.04,9.27,9.03,9.25,3523
VISTULA,20160822,3.39,3.40,3.35,3.40,82606
VOTUM,20160822,12.89,12.99,12.85,12.85,2727
VOXEL,20160822,17.78,17.78,17.29,17.76,1225
WADEX,20160822,5.36,5.36,5.35,5.35,115
WASKO,20160822,1.49,1.49,1.47,1.47,2927
WAWEL,20160822,915.85,933.00,913.00,913.00,69
WDX,20160822,5.30,5.30,5.15,5.30,354
WIELTON,20160822,9.30,9.31,9.13,9.30,10691
WIKANA,20160822,1.70,1.77,1.70,1.77,1693
WILBO,20160822,0.94,0.97,0.94,0.97,1600
WINVEST,20160822,2.75,2.75,2.50,2.75,23
WIRTUALNA,20160822,47.36,47.36,46.61,47.00,239
WITTCHEN,20160822,17.35,17.80,17.30,17.80,3703
WOJAS,20160822,5.95,5.95,5.95,5.95,123
WORKSERV,20160822,11.00,11.00,10.95,10.98,302
XTB,20160822,11.35,11.46,11.00,11.42,22823
ZASTAL,20160822,0.58,0.59,0.57,0.59,7950
ZEPAK,20160822,12.50,13.00,12.50,12.92,7244
ZETKAMA,20160822,120.60,120.60,120.00,120.60,108
ZPUE,20160822,420.00,420.00,419.00,419.00,9
ZUE,20160822,8.04,8.04,8.00,8.00,51
ZYWIEC,20160822,422.00,423.50,420.00,423.50,12
INVESTORMS,20160822,4022.91,4031.70,4022.91,4031.70,142269.055
MWIG40,20160822,3814.26,3833.53,3807.39,3833.53,73645.480
NCINDEX30,20160822,898.50,900.12,889.69,896.90,2408.505
RESPECT,20160822,2295.80,2309.37,2291.52,2296.42,270193.296
SWIG80,20160822,14009.80,14014.13,13935.51,14008.15,20372.704
WIG,20160822,47513.29,47751.24,47475.27,47619.49,578179.271
WIG-BANKI,20160822,6092.74,6092.74,6056.82,6089.35,173524.365
WIG-BUDOW,20160822,2824.99,2828.99,2824.99,2828.99,6791.029
WIG-CEE,20160822,849.32,849.32,846.17,846.17,5822.223
WIG-CHEMIA,20160822,13316.30,13316.30,13211.37,13286.44,7139.684
WIG-DEWEL,20160822,1646.15,1646.15,1640.63,1642.43,2296.743
WIG-ENERG,20160822,2727.07,2748.75,2727.07,2748.75,42984.608
WIG-INFO,20160822,1958.01,1968.63,1958.01,1968.63,22965.324
WIG-MEDIA,20160822,4432.84,4438.81,4428.50,4438.81,3271.607
WIG-PALIWA,20160822,4668.51,4668.51,4645.75,4645.75,81737.464
WIG-POLAND,20160822,48434.04,48436.81,48325.75,48436.81,566419.928
WIG-SPOZYW,20160822,3796.92,3798.28,3790.03,3790.03,6026.930
WIG-SUROWC,20160822,2608.87,2608.87,2592.07,2593.13,101012.151
WIG-TELKOM,20160822,726.00,726.00,719.56,719.56,9464.141
WIG-UKRAIN,20160822,496.49,496.95,496.46,496.46,5705.703
WIG20,20160822,1799.87,1811.69,1793.96,1800.34,467340.325
WIG20LEV,20160822,454.68,460.65,451.69,454.92,467340.325
WIG20SHORT,20160822,4332.06,4346.28,4303.63,4330.93,467340.325
WIG20TR,20160822,3022.09,3022.09,3012.89,3018.21,467340.325
WIG30,20160822,2045.04,2059.09,2042.92,2049.29,505762.673
WIG30TR,20160822,3393.14,3393.14,3384.65,3391.35,505762.673
WIGDIV,20160822,978.60,982.34,974.39,975.65,261051.873
