06MAGNA,20160524,2.05,2.05,2.05,2.05,19
11BIT,20160524,75.87,77.77,75.87,77.70,8061
4FUNMEDIA,20160524,6.20,6.25,5.96,6.10,4175
AATHOLD,20160524,18.98,19.20,18.67,18.67,881
ABCDATA,20160524,3.45,3.47,3.43,3.45,76302
ABMSOLID,20160524,12.00,12.00,10.00,10.69,1702
ABPL,20160524,30.84,31.00,30.84,31.00,680
ACAUTOGAZ,20160524,38.55,38.55,38.01,38.50,568
ACTION,20160524,13.50,13.70,13.36,13.50,8699
ADIUVO,20160524,24.50,24.50,24.50,24.50,1
AGORA,20160524,12.85,12.99,12.85,12.98,1191
AGROTON,20160524,1.13,1.13,1.10,1.13,9437
AILLERON,20160524,7.12,7.17,7.09,7.17,1959
AIRWAY,20160524,1.35,1.35,1.28,1.30,18151
ALCHEMIA,20160524,4.99,5.00,4.96,4.99,1390
ALIOR,20160524,55.96,57.90,54.55,54.63,532924
ALMA,20160524,7.89,7.89,7.71,7.73,147
ALTA,20160524,3.78,3.78,3.25,3.40,2161
ALTUSTFI,20160524,13.75,13.99,13.75,13.99,1528
ALUMETAL,20160524,51.77,53.50,51.77,52.99,37407
AMBRA,20160524,7.28,7.28,7.25,7.25,2019
AMICA,20160524,188.00,191.00,188.00,190.00,12458
AMREST,20160524,230.10,232.35,229.00,231.00,11193
APATOR,20160524,30.93,32.33,30.63,32.01,44906
APLISENS,20160524,12.79,13.87,12.72,13.10,11489
APLITT,20160524,1.35,1.35,1.35,1.35,13
APSENERGY,20160524,3.07,3.07,2.95,3.04,3431
ARCHICOM,20160524,15.50,15.60,15.50,15.51,968
ARCTIC,20160524,5.22,5.25,5.17,5.22,54804
ARCUS,20160524,1.68,1.84,1.68,1.84,25110
ARTERIA,20160524,13.45,13.56,13.04,13.14,1695
ASBIS,20160524,2.30,2.34,2.27,2.29,99370
ASSECOBS,20160524,18.90,19.14,18.38,18.85,832
ASSECOPOL,20160524,54.37,54.79,53.83,54.79,61982
ASSECOSEE,20160524,9.71,9.71,9.71,9.71,150
ASSECOSLO,20160524,19.00,19.00,19.00,19.00,205
ASTARTA,20160524,40.50,41.00,38.53,40.00,3857
ATAL,20160524,25.22,25.48,24.91,24.95,12418
ATENDE,20160524,2.93,2.93,2.90,2.93,1019
ATLANTAPL,20160524,7.01,7.19,7.01,7.19,120
ATLANTIS,20160524,0.71,0.71,0.70,0.71,1608
ATM,20160524,9.99,9.99,9.99,9.99,35
ATMGRUPA,20160524,3.75,3.75,3.70,3.73,11341
ATREM,20160524,4.40,4.40,4.40,4.40,3
AVIAAML,20160524,3.46,3.60,3.46,3.48,12280
AVIASG,20160524,12.31,12.91,12.31,12.91,600
AWBUD,20160524,4.24,4.34,4.08,4.17,16000
BALTONA,20160524,5.04,5.04,5.04,5.04,22
BANKBPH,20160524,30.13,31.00,30.08,31.00,357
BBIDEV,20160524,0.92,0.95,0.92,0.94,114744
BENEFIT,20160524,528.80,528.80,516.00,516.00,322
BEST,20160524,15.44,15.90,15.44,15.90,2278
BETACOM,20160524,10.25,10.25,10.25,10.25,2
BGZBNPP,20160524,53.50,53.50,52.00,53.49,2922
BIOMEDLUB,20160524,1.41,1.42,1.27,1.33,208090
BIOTON,20160524,10.08,10.16,9.86,10.12,16979
BMPAG,20160524,3.39,3.50,3.39,3.50,2510
BOGDANKA,20160524,40.99,40.99,40.21,40.23,3195
BORYSZEW,20160524,5.35,5.38,5.33,5.36,141679
BOS,20160524,12.81,12.81,12.71,12.74,3016
BOWIM,20160524,2.49,2.49,2.49,2.49,15286
BRASTER,20160524,16.16,16.92,16.10,16.61,25290
BRIJU,20160524,18.01,18.21,17.86,18.21,10306
BSCDRUK,20160524,39.00,39.00,39.00,39.00,75
BUDIMEX,20160524,184.45,184.50,181.05,182.00,5301
BUMECH,20160524,1.22,1.23,1.21,1.22,167219
BUWOG,20160524,82.50,83.19,82.50,83.19,19
BYTOM,20160524,3.33,3.35,3.28,3.28,23643
BZWBK,20160524,267.25,270.70,265.75,268.35,51213
CALATRAVA,20160524,0.60,0.60,0.59,0.59,61160
CAPITAL,20160524,2.98,3.05,2.95,3.05,7660
CCC,20160524,169.00,171.90,167.00,169.00,100735
CDPROJEKT,20160524,26.91,26.99,26.45,26.68,107500
CDRL,20160524,29.66,29.80,29.00,29.80,5169
CELTIC,20160524,5.11,5.20,5.11,5.20,1200
CEZ,20160524,72.10,72.10,69.82,70.65,2083
CIECH,20160524,66.20,66.20,65.24,65.50,53324
CIGAMES,20160524,24.60,25.37,24.40,25.20,69937
CNT,20160524,7.95,7.95,7.95,7.95,762
COGNOR,20160524,1.15,1.18,1.15,1.18,14962
COLIAN,20160524,3.32,3.48,3.28,3.48,22650
COMARCH,20160524,133.05,134.00,130.35,132.20,1422
COMPERIA,20160524,6.29,6.29,5.81,6.09,3285
CORMAY,20160524,2.25,2.25,2.20,2.22,78045
CPGROUP,20160524,6.11,6.57,6.11,6.57,155183
CUBEITG,20160524,6.14,6.14,6.06,6.14,1022
CYFRPLSAT,20160524,22.37,23.19,22.31,23.10,264371
CZTOREBKA,20160524,1.15,1.16,1.07,1.16,77687
DEBICA,20160524,100.15,100.15,99.50,100.00,826
DECORA,20160524,7.98,9.30,7.75,8.79,23952
DEKPOL,20160524,11.80,12.39,11.80,12.39,115
DELKO,20160524,9.65,9.65,9.65,9.65,17
DGA,20160524,5.45,5.45,5.01,5.19,3114
DOMDEV,20160524,54.10,54.12,54.10,54.12,213
DROZAPOL,20160524,2.45,2.45,2.39,2.45,15611
DUDA,20160524,6.00,6.00,5.95,6.00,4315
ECHO,20160524,6.74,6.74,6.73,6.73,1054
EDINVEST,20160524,2.34,2.40,2.34,2.40,749
EFEKT,20160524,21.38,21.38,21.38,21.38,332
EKOEXPORT,20160524,12.00,12.18,12.00,12.18,15263
ELBUDOWA,20160524,105.45,105.65,105.30,105.50,127
ELEKTROTI,20160524,14.36,14.83,14.32,14.83,4803
ELEMENTAL,20160524,3.54,3.55,3.48,3.51,288640
ELKOP,20160524,1.73,1.73,1.73,1.73,300
ELZAB,20160524,15.84,15.84,15.84,15.84,7
EMCINSMED,20160524,13.46,13.46,13.46,13.46,1
EMPERIA,20160524,55.99,56.00,55.90,56.00,25522
ENAP,20160524,1.03,1.03,1.00,1.00,654
ENEA,20160524,10.50,10.78,10.40,10.43,227188
ENELMED,20160524,8.20,8.20,8.16,8.16,513
ENERGA,20160524,9.82,10.10,9.71,9.80,1865738
ENERGOINS,20160524,7.97,7.97,7.90,7.97,400
ENTER,20160524,19.00,19.00,19.00,19.00,32
ERBUD,20160524,28.19,28.19,27.80,27.80,8107
ERG,20160524,30.40,31.40,30.40,31.35,1888
ERGIS,20160524,4.39,4.40,4.34,4.38,28694
ESOTIQ,20160524,17.25,17.25,16.97,17.19,3
ESSYSTEM,20160524,3.29,3.30,3.23,3.23,2020
ETFDAX,20160524,419.00,425.99,419.00,425.99,1183
ETFSP500,20160524,83.49,84.79,83.49,84.77,1805
ETFW20L,20160524,209.95,212.15,209.00,211.00,212
EUCO,20160524,50.05,50.99,50.05,50.99,308
EUROCASH,20160524,49.37,49.86,49.00,49.20,435532
EUROHOLD,20160524,1.65,1.65,1.65,1.65,14
EUROTEL,20160524,18.48,18.48,18.48,18.48,130
EVEREST,20160524,0.88,0.95,0.88,0.89,8086
FAM,20160524,3.08,3.10,3.05,3.10,8700
FAMUR,20160524,2.84,2.87,2.60,2.60,171725
FARMACOL,20160524,45.50,45.50,45.00,45.02,1125
FASING,20160524,15.83,15.83,15.83,15.83,20
FASTFIN,20160524,1.11,1.12,1.08,1.12,13006
FEERUM,20160524,13.99,14.08,13.55,14.08,824
FERRO,20160524,11.20,11.25,11.20,11.25,51167
FERRUM,20160524,3.97,3.97,3.88,3.94,2432
FON,20160524,0.72,0.73,0.69,0.69,1994
FORTE,20160524,67.69,67.69,64.21,66.40,2231
FORTUNA,20160524,13.69,13.69,13.69,13.69,20
FOTA,20160524,0.91,0.97,0.91,0.96,30392
GEKOPLAST,20160524,12.45,12.45,12.45,12.45,1538
GETIN,20160524,1.05,1.07,1.05,1.07,157895
GETINOBLE,20160524,0.50,0.51,0.50,0.50,456421
GINOROSSI,20160524,2.40,2.40,2.33,2.35,225571
GLCOSMED,20160524,4.36,4.53,4.36,4.53,11717
GORENJE,20160524,26.66,28.00,26.66,28.00,195
GPW,20160524,36.49,36.60,36.31,36.35,43654
GRAAL,20160524,26.60,26.95,26.00,26.95,1386
GRAJEWO,20160524,29.50,29.50,28.60,29.20,3312
GROCLIN,20160524,16.00,16.00,15.30,15.50,27136
GRODNO,20160524,5.60,5.60,5.60,5.60,121
GRUPAAZOTY,20160524,69.24,73.19,69.04,72.71,95537
GTC,20160524,6.99,6.99,6.80,6.88,33751
HANDLOWY,20160524,76.89,77.22,75.80,77.22,23713
HARPER,20160524,1.62,1.62,1.62,1.62,2
HELIO,20160524,4.34,4.34,4.34,4.34,552
HERKULES,20160524,3.43,3.45,3.34,3.34,65397
HUBSTYLE,20160524,3.64,3.70,3.64,3.68,29047
HUTMEN,20160524,5.30,5.30,5.30,5.30,756
HYDROTOR,20160524,37.27,37.27,37.26,37.26,2
HYPERION,20160524,3.19,3.65,3.00,3.65,13820
I2DEV,20160524,19.50,20.00,19.50,20.00,2049
IALBGR,20160524,13.97,14.00,13.61,14.00,13464
IDEABANK,20160524,24.36,24.36,23.85,24.35,171
IDMSA,20160524,1.12,1.16,1.12,1.12,1055
IFCAPITAL,20160524,0.69,0.72,0.69,0.72,3002
IFSA,20160524,0.57,0.60,0.57,0.60,1298
IIAAV,20160524,9.13,9.13,8.94,8.94,54
IMCOMPANY,20160524,6.90,7.24,6.90,7.24,661
IMMOBILE,20160524,2.99,3.15,2.85,2.85,9789
IMPEL,20160524,23.97,23.97,23.40,23.40,262
IMPERA,20160524,1.26,1.26,1.26,1.26,80
IMPEXMET,20160524,2.82,2.85,2.79,2.85,75706
IMS,20160524,2.62,2.62,2.58,2.58,4997
INC,20160524,1.95,1.98,1.95,1.98,905
INDATA,20160524,1.05,1.05,1.02,1.04,92244
INDYKPOL,20160524,68.00,68.00,66.21,67.00,5503
INGBSK,20160524,120.95,121.00,119.55,119.55,689
INPOST,20160524,10.68,11.28,10.33,11.10,13144
INPRO,20160524,5.90,6.02,5.90,6.00,1645
INSTALKRK,20160524,13.36,13.36,12.93,13.15,2178
INTEGERPL,20160524,47.97,48.20,47.20,47.50,18176
INTERAOLT,20160524,16.00,16.39,15.90,16.39,782
INTERBUD,20160524,1.50,1.50,1.45,1.49,9506
INTERCARS,20160524,273.00,278.00,267.00,274.00,25251
INTERSPPL,20160524,1.87,1.87,1.87,1.87,2
INTLADS13532,20160524,10.10,10.10,10.10,10.10,500
INTLAPL05249,20160524,61.45,62.75,61.45,62.75,617
INTLBCO12542,20160524,113.60,113.60,113.60,113.60,10
INTLBCO13334,20160524,52.66,55.40,52.66,55.40,244
INTLDAX00281,20160524,76.00,76.00,76.00,76.00,130
INTLDAX01800,20160524,62.90,66.95,62.90,66.95,500
INTLDAX13136,20160524,48.59,53.80,48.15,53.76,400
INTLDAX13169,20160524,133.51,133.51,133.51,133.51,25
INTLDAX13318,20160524,34.85,37.50,34.85,37.50,200
INTLDAX13649,20160524,24.19,28.37,24.19,28.37,1300
INTLDAX13680,20160524,11.78,19.60,11.78,19.19,7386
INTLDAX13698,20160524,18.00,24.06,17.28,24.06,1800
INTLDOW13482,20160524,62.15,65.75,62.15,65.75,192
INTLEUD08045,20160524,30.96,30.96,29.86,29.86,1000
INTLEUD08235,20160524,41.19,41.19,40.09,40.09,500
INTLEUR08078,20160524,34.43,34.60,34.43,34.60,45
INTLEUR08615,20160524,46.82,46.82,46.82,46.82,63
INTLEUR09175,20160524,27.63,27.63,27.63,27.63,280
INTLGLD11726,20160524,122.60,122.60,122.60,122.60,100
INTLGLD12948,20160524,57.90,57.90,56.70,56.70,110
INTLGLD13177,20160524,37.00,37.55,37.00,37.55,121
INTLHSC00828,20160524,16.36,16.36,16.36,16.36,825
INTLKGH13045,20160524,11.78,12.24,11.53,11.53,450
INTLNAG12849,20160524,2.04,2.04,2.04,2.04,210
INTLNAG13185,20160524,2.58,2.58,2.56,2.56,13073
INTLNDX13425,20160524,19.35,19.35,19.35,19.35,21
INTLNOK08839,20160524,3.10,3.10,3.10,3.10,300
INTLPGN04978,20160524,1.47,1.47,1.47,1.47,1600
INTLPKN13524,20160524,10.33,10.33,10.33,10.33,89
INTLPKO12401,20160524,4.85,4.85,4.85,4.85,500
INTLPKO12641,20160524,3.92,3.92,3.65,3.76,1312
INTLPZU13029,20160524,3.91,4.07,3.30,3.30,1640
INTLSLV13706,20160524,7.23,7.65,7.09,7.65,1005
INTLUSD13664,20160524,30.85,30.85,29.84,29.84,415
INTLW2012104,20160524,2.50,2.50,2.50,2.50,40
INTLW2012328,20160524,3.25,3.25,3.25,3.25,750
INTLW2013128,20160524,1.48,1.48,1.46,1.46,500
INTROL,20160524,9.55,9.99,9.41,9.99,22612
INTSADS13961,20160524,10.30,10.30,10.30,10.30,100
INTSBCO09944,20160524,74.10,74.10,73.30,73.30,58
INTSBCO11353,20160524,50.90,50.95,49.80,49.80,630
INTSBCO11676,20160524,36.50,36.50,36.50,36.50,30
INTSBCO11759,20160524,29.45,29.45,27.78,27.78,353
INTSDAX07757,20160524,137.10,137.10,131.40,131.40,54
INTSDAX08342,20160524,216.10,216.10,216.10,216.10,20
INTSDAX12146,20160524,77.55,77.55,68.00,68.00,665
INTSDAX12344,20160524,58.20,58.20,45.28,45.69,2823
INTSDAX13896,20160524,32.73,33.33,25.59,25.59,5251
INTSDOW05934,20160524,40.05,40.05,40.00,40.00,20
INTSDOW06536,20160524,78.90,78.90,76.55,76.55,151
INTSESX12591,20160524,8.10,8.10,8.10,8.10,134
INTSEUD06080,20160524,70.50,70.50,70.50,70.50,100
INTSEUD07120,20160524,31.23,33.01,31.23,33.01,1511
INTSEUR12096,20160524,15.38,16.26,14.64,16.26,563
INTSEUR12500,20160524,29.48,29.63,29.48,29.63,23
INTSEUR12534,20160524,42.99,43.49,42.68,42.68,821
INTSGLD01057,20160524,118.40,118.40,118.40,118.40,3
INTSNDX10256,20160524,19.45,19.45,19.45,19.45,43
INTSNDX11494,20160524,29.94,29.94,29.94,29.94,1000
INTSPGE10991,20160524,4.40,4.40,4.40,4.40,162
INTSPKN11023,20160524,11.25,11.25,11.25,11.25,96
INTSSLV05991,20160524,13.55,13.55,13.45,13.45,161
INTSUSD12633,20160524,41.39,41.39,41.39,41.39,3
INTSUSD12930,20160524,14.90,14.90,14.90,14.90,300
INTSVOW10918,20160524,19.82,19.82,19.82,19.82,200
INTSW2009217,20160524,6.26,6.26,6.26,6.26,32
INTSW2011700,20160524,2.60,2.60,2.59,2.59,600
INTSW2011817,20160524,2.15,2.20,2.08,2.08,12654
INTSW2013888,20160524,1.78,1.78,1.72,1.72,7500
INTSW2014043,20160524,1.48,1.48,1.48,1.48,2500
INVGLDFIZ,20160524,1562.00,1562.00,1562.00,1562.00,1
INVISTA,20160524,2.14,2.14,2.14,2.14,350
IPOPEMA,20160524,2.40,2.40,2.33,2.33,2
IQP,20160524,0.58,0.58,0.56,0.56,4620
IZOBLOK,20160524,178.00,178.00,173.00,175.00,532
IZOLACJA,20160524,1.59,1.60,1.55,1.55,10421
JHMDEV,20160524,1.29,1.30,1.24,1.28,1892
JSW,20160524,15.21,15.50,15.07,15.15,258397
JWCONSTR,20160524,3.78,3.79,3.78,3.79,123440
K2INTERNT,20160524,16.28,16.28,16.00,16.00,2986
KANIA,20160524,2.29,2.34,2.27,2.31,26402
KBDOM,20160524,2.35,2.35,2.35,2.35,7000
KERNEL,20160524,52.51,53.17,52.19,52.70,63833
KETY,20160524,333.10,338.00,333.10,333.30,1356
KGHM,20160524,62.40,63.68,62.20,63.26,908252
KINOPOL,20160524,13.50,13.75,13.21,13.64,2689
KOGENERA,20160524,88.23,88.40,88.23,88.40,229
KOMPAP,20160524,9.90,10.17,9.90,10.17,700
KOMPUTRON,20160524,6.14,6.14,5.90,5.92,11535
KONSSTALI,20160524,38.00,38.00,37.33,37.99,113
KOPEX,20160524,3.63,3.66,3.42,3.43,314161
KRAKCHEM,20160524,3.79,3.79,3.68,3.79,2811
KREC,20160524,7.09,7.13,7.09,7.13,3502
KREDYTIN,20160524,17.49,17.55,16.90,17.20,2636
KREZUS,20160524,5.40,5.46,5.29,5.42,44349
KRUK,20160524,190.00,192.50,190.00,190.45,29005
KRUSZWICA,20160524,62.80,62.80,62.80,62.80,8
KRVITAMIN,20160524,11.80,11.80,11.26,11.80,195
KSGAGRO,20160524,1.36,1.36,1.26,1.31,15054
LABOPRINT,20160524,10.88,10.88,10.88,10.88,2
LARK,20160524,1.00,1.03,1.00,1.03,8578
LARQ,20160524,4.48,4.48,4.48,4.48,2
LCCORP,20160524,1.96,1.96,1.93,1.94,20858
LENA,20160524,4.07,4.07,4.00,4.00,13208
LENTEX,20160524,9.00,9.13,9.00,9.10,2614
LIBET,20160524,1.63,1.66,1.63,1.66,5870
LIVECHAT,20160524,39.70,40.07,39.70,40.00,2515
LOTOS,20160524,30.80,31.24,30.65,30.73,204550
LPP,20160524,5200.05,5447.45,5200.05,5386.00,1773
LSISOFT,20160524,9.20,9.20,8.42,8.50,74779
LUBAWA,20160524,0.97,0.99,0.96,0.98,105322
MABION,20160524,77.00,77.50,72.26,73.00,71573
MAGELLAN,20160524,67.21,67.21,66.40,67.05,207
MARVIPOL,20160524,6.60,6.89,6.60,6.89,510
MASTERPHA,20160524,6.83,6.90,6.83,6.90,26
MBANK,20160524,316.00,319.35,308.50,318.70,16339
MBWS,20160524,73.00,74.58,73.00,74.58,271
MCI,20160524,11.10,11.16,10.83,10.91,14051
MDIENERGIA,20160524,3.81,3.88,3.81,3.88,59
MEDICALG,20160524,260.80,261.15,257.00,257.25,959
MENNICA,20160524,17.80,17.80,17.60,17.60,475
MERCATOR,20160524,15.44,15.44,15.43,15.43,187
MERCOR,20160524,9.69,9.69,9.30,9.69,509
MEXPOLSKA,20160524,5.10,5.44,5.01,5.44,66334
MFO,20160524,14.90,14.90,14.90,14.90,5
MIDAS,20160524,0.80,0.81,0.80,0.80,514445
MILKILAND,20160524,1.65,1.65,1.58,1.63,2932
MILLENNIUM,20160524,4.64,4.79,4.61,4.74,845699
MIRACULUM,20160524,2.78,2.78,2.51,2.56,27913
MIRBUD,20160524,0.88,0.88,0.86,0.87,19779
MLPGROUP,20160524,38.99,38.99,38.00,38.00,751
MNI,20160524,0.48,0.51,0.48,0.50,15302
MOL,20160524,228.90,228.90,228.90,228.90,4009
MONNARI,20160524,15.30,15.30,15.15,15.20,11788
MOSTALPLC,20160524,10.49,10.49,10.29,10.29,850
MOSTALWAR,20160524,15.12,15.37,15.06,15.37,26
MOSTALZAB,20160524,1.30,1.35,1.29,1.34,127599
MUZA,20160524,3.28,3.28,3.01,3.24,1632
MWTRADE,20160524,15.80,15.80,15.80,15.80,220
NETIA,20160524,4.71,4.85,4.71,4.82,59103
NETMEDIA,20160524,6.63,6.63,6.63,6.63,5
NEUCA,20160524,335.00,335.00,334.00,335.00,995
NEWAG,20160524,14.43,14.43,13.81,13.81,6289
NORTCOAST,20160524,5.15,5.15,5.15,5.15,45
NOVITA,20160524,58.00,58.00,56.70,57.90,360
NOWAGALA,20160524,1.60,1.60,1.50,1.57,24162
NTTSYSTEM,20160524,3.20,3.20,3.18,3.18,6736
ODLEWNIE,20160524,3.46,3.65,3.46,3.65,1522
OEX,20160524,16.04,16.20,16.04,16.20,1642
OPENFIN,20160524,3.14,3.15,3.05,3.06,3562
OPERA3GR,20160524,238.20,238.20,238.20,238.20,6
OPONEO.PL,20160524,33.50,33.58,32.50,32.89,6237
OPTEAM,20160524,11.70,12.20,11.70,12.20,367
ORANGEPL,20160524,5.86,5.93,5.86,5.86,883711
ORBIS,20160524,58.12,58.12,57.50,57.50,1364
ORCOGROUP,20160524,0.78,0.82,0.78,0.82,21650
ORION,20160524,93.99,94.00,89.56,93.99,423
ORZBIALY,20160524,6.50,6.70,6.50,6.63,5629
OTLOG,20160524,220.00,220.00,220.00,220.00,1
OTMUCHOW,20160524,5.06,5.18,4.95,5.18,684
OVOSTAR,20160524,96.50,98.00,96.00,98.00,1160
PAGED,20160524,50.00,50.50,50.00,50.50,651
PAMAPOL,20160524,1.45,1.45,1.41,1.45,5205
PANOVA,20160524,21.00,21.60,20.81,21.60,375
PATENTUS,20160524,0.68,0.72,0.68,0.72,3520
PBG,20160524,2.65,2.88,2.60,2.87,232854
PBKM,20160524,51.26,51.26,51.26,51.26,43
PCCINTER,20160524,1.86,1.86,1.80,1.80,560
PCCROKITA,20160524,59.65,59.89,59.60,59.85,1455
PCM,20160524,38.51,39.00,38.35,38.50,6132
PEKABEX,20160524,11.70,12.25,11.70,12.25,6020
PEKAES,20160524,13.49,13.60,13.27,13.40,1199
PEKAO,20160524,150.00,152.30,149.00,150.70,253891
PELION,20160524,52.50,52.50,52.50,52.50,78
PEMANAGER,20160524,113.40,116.00,113.00,116.00,1150
PEP,20160524,17.75,18.45,17.75,18.38,18559
PEPEES,20160524,0.57,0.57,0.55,0.55,3005
PGE,20160524,12.08,12.55,12.04,12.31,8179536
PGNIG,20160524,5.37,5.45,5.26,5.40,7080690
PGODLEW,20160524,6.00,6.00,6.00,6.00,54
PHN,20160524,14.15,14.50,14.15,14.21,1841
PKNORLEN,20160524,68.47,69.42,67.73,69.20,681242
PKOBP,20160524,24.14,24.64,24.08,24.50,2061718
PKOGS,20160524,105.03,105.03,105.03,105.03,100
PKOSO,20160524,103.45,103.45,103.45,103.45,100
PKPCARGO,20160524,29.34,32.25,29.20,32.00,88046
PLASTBOX,20160524,2.15,2.16,2.10,2.14,24966
PLATYNINW,20160524,2.52,2.52,2.52,2.52,4
PMPG,20160524,5.03,5.44,5.00,5.44,56044
POLICE,20160524,24.40,24.40,24.13,24.35,197
POLIMEXMS,20160524,5.17,5.17,5.06,5.08,24166
POLMED,20160524,3.00,3.00,2.92,2.95,2091
POLNA,20160524,22.82,22.82,22.82,22.82,141
POLNORD,20160524,11.67,11.67,11.33,11.48,126831
POLWAX,20160524,15.03,15.25,15.02,15.25,997
POZBUD,20160524,3.82,3.82,3.80,3.80,2722
PRAGMAFA,20160524,12.55,12.55,12.55,12.55,358
PRAGMAINK,20160524,12.46,12.46,11.88,11.88,2240
PRESCO,20160524,6.06,6.06,6.00,6.00,599
PRIMAMODA,20160524,1.66,1.66,1.61,1.66,1360
PROCAD,20160524,1.88,1.88,1.76,1.84,6509
PROCHEM,20160524,17.49,17.49,17.31,17.31,2016
PROCHNIK,20160524,1.42,1.45,1.38,1.44,89445
PROJPRZEM,20160524,8.31,8.33,8.31,8.33,369
PROTEKTOR,20160524,3.06,3.16,3.06,3.16,488
PSG,20160524,0.46,0.46,0.46,0.46,83
PULAWY,20160524,214.10,214.30,214.10,214.30,151
PWRMEDIA,20160524,1.26,1.26,1.26,1.26,5
PZU,20160524,32.99,33.15,32.36,32.47,1740587
QUERCUS,20160524,5.94,5.99,5.86,5.94,7111
QUMAK,20160524,6.50,6.50,6.36,6.48,2492
RADPOL,20160524,3.86,4.00,3.80,4.00,47718
RAFAKO,20160524,7.28,7.43,7.28,7.37,17502
RAFAMET,20160524,15.00,15.00,15.00,15.00,1
RAINBOW,20160524,27.98,27.98,27.52,27.60,5503
RANKPROGR,20160524,3.80,3.91,3.42,3.80,807108
RAWLPLUG,20160524,9.87,9.87,9.50,9.86,2751
RCCIBAOPEN,20160524,52.73,52.73,52.73,52.73,2
RCCRUAOPEN,20160524,8.78,9.00,8.78,8.99,40768
RCFL2DBK,20160524,17.74,17.74,17.74,17.74,138
RCFL2OIL,20160524,12.25,12.25,12.25,12.25,189
RCFL3DBK,20160524,4.36,4.65,4.35,4.65,4804
RCFL3GOLD,20160524,37.90,37.90,37.38,37.38,931
RCFL3KGH,20160524,3.87,4.08,3.87,3.92,23611
RCFL3OIL,20160524,2.05,2.15,2.01,2.15,75136
RCFL3PGE,20160524,18.95,18.95,18.95,18.95,150
RCFL3PKO,20160524,14.16,14.39,14.16,14.39,150
RCFL3PZU,20160524,39.80,39.80,39.40,39.57,1811
RCFL3SILVE,20160524,8.46,8.55,8.18,8.55,902
RCFL3W20,20160524,45.94,45.99,45.94,45.99,100
RCFL4ESX,20160524,159.74,165.03,159.71,164.00,125
RCFS2ESX,20160524,35.15,35.15,34.39,34.39,75
RCFS2OIL,20160524,221.84,221.84,221.84,221.84,41
RCFS3BAS,20160524,31.18,31.18,29.50,29.50,445
RCFS3DBK,20160524,123.35,123.35,123.35,123.35,25
RCFS3FDX,20160524,35.34,35.40,35.34,35.40,181
RCFS3GOLD,20160524,136.03,136.03,136.03,136.03,10
RCFS3KGH,20160524,79.72,79.72,79.31,79.31,41
RCFS3OIL,20160524,175.40,175.43,164.00,165.99,905
RCFS3PKO,20160524,80.66,80.66,80.66,80.66,45
RCFS3PZU,20160524,31.49,31.52,31.49,31.52,100
RCFS3SIE,20160524,24.12,24.12,24.12,24.12,120
RCFS3W20,20160524,95.70,95.70,95.70,95.70,15
RCFS4ESX,20160524,6.81,6.93,6.55,6.55,3856
RCGBSH11116,20160524,1074.19,1074.19,1074.19,1074.19,30
RCGBSH11217,20160524,1093.01,1093.01,1093.01,1093.01,50
RCGETNA0321,20160524,985.00,985.00,985.00,985.00,3
RCGNS010920,20160524,977.40,977.40,977.40,977.40,2
RCSBOAOPEN,20160524,8.28,8.28,8.28,8.28,28
RCSCRAOPEN,20160524,340.00,340.00,340.00,340.00,50
RCSILAOPEN,20160524,64.51,65.00,64.51,65.00,6670
RCSOJAOPEN,20160524,68.11,68.11,68.11,68.11,182
RCSUGAOPEN,20160524,4.19,4.19,4.19,4.19,325
RCTSSUG010,20160524,4.97,4.97,4.97,4.97,200
REDAN,20160524,2.26,2.35,2.26,2.33,14074
REDWOOD,20160524,2.02,2.02,2.02,2.02,89
RELPOL,20160524,9.19,9.19,9.07,9.19,2612
REMAK,20160524,18.19,18.19,18.18,18.18,46
RESBUD,20160524,1.48,1.50,1.45,1.50,7600
ROBYG,20160524,3.07,3.14,3.07,3.13,64376
RONSON,20160524,1.49,1.49,1.49,1.49,2
ROPCZYCE,20160524,21.57,21.57,21.40,21.40,272
RUBICON,20160524,1.24,1.26,1.15,1.25,1042
SANOK,20160524,60.80,61.49,60.80,61.49,612
SANTANDER,20160524,17.20,18.39,17.20,18.39,203
SARE,20160524,21.99,21.99,21.99,21.99,50
SCOPAK,20160524,2.60,2.60,2.60,2.60,2
SECOGROUP,20160524,18.20,18.20,17.50,18.14,8502
SEKO,20160524,7.99,8.00,7.99,8.00,250
SELENAFM,20160524,15.30,16.05,15.30,16.05,148
SELVITA,20160524,22.05,22.35,22.05,22.08,4344
SERINUS,20160524,1.52,1.55,1.51,1.55,14730
SFINKS,20160524,3.52,3.52,3.38,3.49,15215
SILVANO,20160524,8.31,8.31,8.31,8.31,90
SIMPLE,20160524,6.80,6.80,6.62,6.80,696
SKARBIEC,20160524,28.40,28.40,27.90,27.90,272
SKOTAN,20160524,0.74,0.74,0.72,0.72,76362
SNIEZKA,20160524,59.00,59.00,59.00,59.00,108
SOHODEV,20160524,1.47,1.50,1.47,1.50,3172
SOLAR,20160524,1.07,1.08,1.06,1.08,19712
SONEL,20160524,13.25,13.25,13.25,13.25,25
STALEXP,20160524,3.30,3.33,3.24,3.33,67669
STALPROD,20160524,292.00,305.00,291.00,301.20,2358
STALPROFI,20160524,12.20,12.20,12.00,12.00,5844
STAPORKOW,20160524,4.75,4.83,4.68,4.68,426
SUNEX,20160524,4.95,5.17,4.95,5.16,2381
SUWARY,20160524,9.30,9.30,9.25,9.25,2
SWISSMED,20160524,1.67,1.67,1.67,1.67,1690
SYGNITY,20160524,7.02,7.04,7.01,7.02,3334
SYNEKTIK,20160524,15.40,15.40,15.00,15.30,1605
SYNTHOS,20160524,3.75,3.79,3.72,3.79,481190
TALEX,20160524,25.87,25.87,25.50,25.53,2893
TARCZYNSKI,20160524,12.65,12.70,12.65,12.65,202
TAURONPE,20160524,2.60,2.69,2.59,2.68,3589919
TERMOREX,20160524,2.82,2.82,2.69,2.69,2970
TESGAS,20160524,3.49,3.49,3.49,3.49,105
TFONE,20160524,3.07,3.08,3.07,3.08,25521
TIM,20160524,10.21,10.90,10.20,10.80,51173
TORPOL,20160524,10.40,10.40,10.29,10.37,4167
TOYA,20160524,4.48,4.48,4.48,4.48,5
TRAKCJA,20160524,12.45,12.82,12.42,12.69,150117
TRIGONPP,20160524,122.00,122.00,121.90,122.00,96
TRITON,20160524,2.22,2.22,2.22,2.22,250
ULMA,20160524,68.24,68.24,68.24,68.24,1
UNIBEP,20160524,10.99,11.08,10.99,11.08,168
UNICREDIT,20160524,13.01,13.55,13.00,13.45,7775
UNIMA,20160524,2.44,2.44,2.44,2.44,1008
UNIWHEELS,20160524,143.00,144.30,142.00,144.05,12445
URSUS,20160524,2.33,2.34,2.26,2.28,211308
VANTAGE,20160524,2.91,2.91,2.83,2.89,332
VIGOSYS,20160524,240.00,247.40,239.00,247.40,59
VINDEXUS,20160524,6.99,7.01,6.91,6.99,6501
VISTAL,20160524,9.88,10.07,9.80,10.05,2497
VISTULA,20160524,3.25,3.25,3.22,3.23,138522
VOTUM,20160524,14.39,14.39,14.31,14.38,266
VOXEL,20160524,17.90,17.90,17.90,17.90,15
WADEX,20160524,5.39,5.40,5.30,5.31,1312
WASKO,20160524,1.58,1.60,1.56,1.58,36177
WAWEL,20160524,1064.00,1064.00,1038.05,1045.00,52
WDX,20160524,5.18,5.18,5.17,5.17,6
WIELTON,20160524,8.96,8.96,8.83,8.89,6489
WIKANA,20160524,1.79,1.89,1.79,1.89,214
WILBO,20160524,1.05,1.09,1.05,1.09,1620
WINVEST,20160524,3.02,3.02,3.00,3.00,17
WIRTUALNA,20160524,47.00,47.00,45.29,46.47,2871
WITTCHEN,20160524,16.90,17.10,16.90,17.05,1484
WOJAS,20160524,5.80,5.80,5.74,5.75,1574
WORKSERV,20160524,9.40,9.40,8.66,9.33,72594
XTB,20160524,13.85,14.48,12.85,14.20,96938
ZAMET,20160524,1.80,1.80,1.77,1.77,493
ZASTAL,20160524,0.56,0.58,0.54,0.55,66632
ZEPAK,20160524,12.50,12.89,12.22,12.84,39997
ZETKAMA,20160524,114.00,115.10,113.00,115.10,7039
ZPUE,20160524,419.00,419.00,403.50,417.90,1010
ZUE,20160524,7.70,7.90,7.70,7.90,6767
ZYWIEC,20160524,449.95,450.00,442.00,442.00,536
INVESTORMS,20160524,3727.15,3727.15,3721.75,3721.75,128698.238
MWIG40,20160524,3495.01,3512.12,3487.98,3509.86,62218.385
NCINDEX30,20160524,909.07,912.24,887.38,889.75,2399.521
RESPECT,20160524,2187.09,2207.71,2184.92,2203.47,369351.679
SWIG80,20160524,13688.53,13689.98,13619.99,13648.20,25388.279
WIG,20160524,45968.72,46343.29,45916.01,46275.18,638682.654
WIG-BANKI,20160524,5917.24,5925.97,5912.27,5912.27,144235.470
WIG-BUDOW,20160524,2805.20,2805.20,2792.60,2792.60,4060.658
WIG-CEE,20160524,806.69,807.29,806.60,806.60,4814.684
WIG-CHEMIA,20160524,13352.16,13442.12,13352.16,13442.12,12294.183
WIG-DEWEL,20160524,1586.80,1586.80,1578.43,1586.14,6930.224
WIG-ENERG,20160524,2734.21,2751.74,2734.21,2751.74,131380.622
WIG-INFO,20160524,1739.87,1739.87,1737.33,1738.22,10157.206
WIG-MEDIA,20160524,4248.71,4332.30,4248.71,4332.30,6988.787
WIG-PALIWA,20160524,4602.72,4652.04,4602.72,4652.04,92263.324
WIG-POLAND,20160524,47004.09,47132.70,47004.09,47132.70,631698.733
WIG-SPOZYW,20160524,3604.17,3604.17,3592.64,3592.64,4358.149
WIG-SUROWC,20160524,2005.90,2015.29,2005.90,2011.83,61364.781
WIG-TELKOM,20160524,741.73,742.35,740.38,740.38,5537.916
WIG-UKRAIN,20160524,437.41,438.15,435.08,435.08,3676.643
WIG20,20160524,1817.47,1836.71,1811.70,1831.15,536092.563
WIG20LEV,20160524,470.17,480.14,467.19,477.26,536092.563
WIG20SHORT,20160524,4304.42,4318.06,4258.93,4272.08,536092.563
WIG20TR,20160524,3008.89,3020.21,3008.89,3020.21,536092.563
WIG30,20160524,2014.51,2038.42,2012.51,2033.40,562070.254
WIG30TR,20160524,3305.99,3318.56,3305.99,3318.43,562070.254
WIGDIV,20160524,950.42,957.83,948.77,955.39,336940.499
