06MAGNA,20160223,1.84,1.84,1.84,1.84,5
11BIT,20160223,74.75,75.85,74.00,75.70,1630
4FUNMEDIA,20160223,4.95,4.95,4.89,4.89,512
AATHOLD,20160223,19.29,19.29,19.29,19.29,50
ABCDATA,20160223,3.36,3.36,3.33,3.33,30845
ABMSOLID,20160223,3.20,3.20,3.20,3.20,10
ABPL,20160223,32.90,33.05,32.70,33.05,1140
ACAUTOGAZ,20160223,32.20,33.50,32.00,32.50,2787
ACTION,20160223,24.05,24.50,24.05,24.50,693
ADIUVO,20160223,24.97,24.97,24.02,24.50,2172
AGORA,20160223,11.57,11.65,11.41,11.50,19771
AGROTON,20160223,0.97,1.01,0.94,0.98,7551
AILLERON,20160223,6.14,6.20,6.14,6.20,1354
ALCHEMIA,20160223,5.00,5.00,4.96,5.00,12195
ALIOR,20160223,62.39,62.70,61.92,62.26,90837
ALMA,20160223,5.35,5.39,5.27,5.30,5633
ALTA,20160223,3.14,3.14,3.14,3.14,100
ALTUSTFI,20160223,10.99,10.99,10.40,10.96,1103
ALUMETAL,20160223,49.00,49.20,48.51,49.00,2737
AMBRA,20160223,7.20,7.25,7.18,7.20,1461
AMICA,20160223,164.00,166.45,163.90,165.60,3914
AMREST,20160223,172.00,177.70,172.00,177.70,1202
APATOR,20160223,26.25,26.70,26.06,26.69,10294
APLISENS,20160223,12.03,12.03,12.01,12.03,191
APSENERGY,20160223,3.95,3.95,3.95,3.95,2
ARCTIC,20160223,4.13,4.19,4.10,4.10,42529
ARKASWE17,20160223,67.00,67.01,67.00,67.01,151
ARTERIA,20160223,13.04,13.04,12.90,13.04,307
ASBIS,20160223,1.76,1.81,1.69,1.73,728759
ASSECOBS,20160223,14.08,14.08,14.00,14.00,241
ASSECOPOL,20160223,57.10,57.24,56.20,56.32,126008
ASSECOSEE,20160223,9.00,9.00,9.00,9.00,13665
ASSECOSLO,20160223,19.90,20.50,19.90,20.30,3655
ASTARTA,20160223,31.29,31.29,30.03,31.05,411
ATAL,20160223,20.97,20.97,20.50,20.50,3358
ATENDE,20160223,2.74,2.80,2.74,2.80,72186
ATLANTAPL,20160223,7.49,7.49,7.49,7.49,20
ATLANTIS,20160223,0.60,0.61,0.58,0.59,45817
ATLASEST,20160223,0.96,1.02,0.96,1.02,7901
ATM,20160223,9.37,9.39,9.37,9.38,117
ATMGRUPA,20160223,3.70,3.80,3.70,3.80,11500
ATREM,20160223,4.00,4.00,4.00,4.00,301
AVIAAML,20160223,3.50,3.51,3.48,3.48,2230
AVIASG,20160223,15.49,15.49,14.60,14.60,31
AWBUD,20160223,3.13,3.24,3.13,3.23,2711
BALTONA,20160223,5.40,5.40,5.20,5.20,3
BANKBPH,20160223,31.37,31.37,30.63,31.33,313
BBIDEV,20160223,0.90,0.92,0.90,0.90,66609
BENEFIT,20160223,399.00,399.00,399.00,399.00,1
BEST,20160223,12.80,12.80,12.80,12.80,500
BETACOM,20160223,9.23,9.24,9.23,9.24,271
BGZBNPP,20160223,46.25,46.25,46.25,46.25,8
BIOMEDLUB,20160223,0.99,1.02,0.97,0.99,74708
BIOTON,20160223,11.97,12.47,11.90,12.28,170531
BMPAG,20160223,3.00,3.01,3.00,3.01,111
BOGDANKA,20160223,34.60,34.60,34.11,34.55,9090
BORYSZEW,20160223,4.55,4.59,4.53,4.55,182521
BOS,20160223,14.95,14.99,14.80,14.80,2263
BOWIM,20160223,1.72,1.72,1.72,1.72,100
BRASTER,20160223,14.90,14.90,13.48,14.19,31715
BRIJU,20160223,13.29,13.29,13.01,13.26,344
BSCDRUK,20160223,33.10,33.70,32.00,32.98,4623
BUDIMEX,20160223,187.60,191.45,187.00,191.45,3676
BUMECH,20160223,0.71,0.86,0.71,0.86,1229220
BYTOM,20160223,3.33,3.33,3.25,3.25,22688
BZWBK,20160223,280.60,290.75,280.10,288.15,33919
CALATRAVA,20160223,0.58,0.62,0.54,0.56,306461
CAPITAL,20160223,2.61,2.61,2.60,2.60,5158
CCC,20160223,134.00,135.65,132.40,134.00,47952
CDPROJEKT,20160223,23.10,23.68,23.01,23.12,226656
CDRL,20160223,21.91,22.29,21.91,22.00,2818
CEZ,20160223,61.00,61.50,60.70,60.80,6157
CHEMOS,20160223,1.96,2.03,1.95,2.03,19514
CIECH,20160223,78.00,78.00,75.75,76.50,28306
CIGAMES,20160223,21.01,21.07,20.72,21.07,14870
COGNOR,20160223,0.99,1.02,0.94,1.02,140140
COLIAN,20160223,3.42,3.45,3.42,3.44,3996
COMARCH,20160223,116.80,116.80,115.00,115.00,191
COMP,20160223,48.73,50.42,48.61,50.42,280
CORMAY,20160223,1.61,1.63,1.60,1.62,35362
CPGROUP,20160223,5.70,5.70,5.70,5.70,5
CUBEITG,20160223,5.30,5.40,5.30,5.40,9650
CYFRPLSAT,20160223,23.30,23.46,22.80,22.90,288269
CZTOREBKA,20160223,0.99,1.01,0.90,0.91,130241
DEBICA,20160223,87.51,87.99,87.50,87.99,233
DECORA,20160223,7.47,7.50,7.26,7.50,3347
DELKO,20160223,7.70,7.70,7.70,7.70,288
DOMDEV,20160223,50.00,50.56,50.00,50.56,2011
DREWEX,20160223,2.95,3.56,2.77,3.56,52776
DROZAPOL,20160223,1.74,1.76,1.71,1.71,10563
DTP,20160223,4.34,4.49,4.27,4.40,29644
DUDA,20160223,5.50,5.50,5.50,5.50,593
DUON,20160223,3.83,3.84,3.83,3.83,97601
ECHO,20160223,5.48,5.54,5.38,5.44,5045
EDINVEST,20160223,2.07,2.08,2.07,2.07,10295
EFEKT,20160223,20.38,20.38,18.99,18.99,1251
EKOEXPORT,20160223,12.46,13.32,12.36,13.19,74121
ELBUDOWA,20160223,122.65,122.95,121.00,122.00,1945
ELEKTROTI,20160223,17.60,17.94,17.14,17.80,6647
ELEMENTAL,20160223,3.60,3.69,3.55,3.63,127554
ELKOP,20160223,1.30,1.33,1.22,1.30,7109
ELZAB,20160223,15.01,15.88,15.00,15.87,2580
EMCINSMED,20160223,14.47,14.47,14.47,14.47,1
EMPERIA,20160223,68.51,68.60,67.00,67.10,5440
ENAP,20160223,0.93,0.93,0.90,0.90,1010
ENEA,20160223,11.05,11.15,10.95,11.00,201781
ENELMED,20160223,9.12,9.40,9.12,9.40,2392
ENERGA,20160223,13.10,13.19,12.93,12.95,717896
ENERGOINS,20160223,8.00,8.00,7.94,8.00,121
ENTER,20160223,13.89,13.89,13.89,13.89,1
ERBUD,20160223,28.39,28.39,28.35,28.39,113
ERG,20160223,18.90,18.90,18.90,18.90,1
ERGIS,20160223,4.00,4.13,4.00,4.13,26694
ESOTIQ,20160223,27.49,27.49,27.49,27.49,2
ESSYSTEM,20160223,2.80,2.80,2.80,2.80,10
ETFDAX,20160223,400.03,400.93,397.65,400.50,710
ETFSP500,20160223,78.23,78.78,77.77,78.78,529
ETFW20L,20160223,215.76,215.76,211.31,212.67,1854
EUCO,20160223,41.94,41.94,41.00,41.88,3349
EUROCASH,20160223,56.36,56.50,55.04,55.84,434327
EUROTEL,20160223,15.25,15.85,15.25,15.77,1668
EVEREST,20160223,1.17,1.27,1.10,1.20,226179
FAM,20160223,1.88,1.88,1.85,1.85,500
FAMUR,20160223,1.67,1.70,1.67,1.70,41368
FARMACOL,20160223,50.60,51.49,50.50,51.49,24
FASING,20160223,16.90,17.20,15.70,17.20,1317
FASTFIN,20160223,0.77,0.77,0.73,0.76,44204
FEERUM,20160223,18.90,18.90,18.90,18.90,10
FERRO,20160223,11.18,11.20,11.18,11.20,1980
FERRUM,20160223,3.75,3.75,3.70,3.70,10
FON,20160223,0.56,0.57,0.54,0.57,25753
FORTE,20160223,53.50,53.89,52.56,53.48,1043
FORTUNA,20160223,15.75,15.75,15.75,15.75,2000
FOTA,20160223,0.55,0.55,0.50,0.53,39987
GETIN,20160223,1.29,1.32,1.28,1.30,80487
GETINOBLE,20160223,0.56,0.56,0.54,0.55,3024180
GINOROSSI,20160223,2.26,2.27,2.22,2.26,370478
GLCOSMED,20160223,4.00,4.00,3.88,4.00,5826
GPW,20160223,35.98,37.44,35.80,37.19,186433
GRAAL,20160223,25.70,25.70,25.25,25.25,1524
GRAJEWO,20160223,25.49,25.90,25.00,25.49,2653
GREMINWES,20160223,1.55,1.55,1.55,1.55,990
GROCLIN,20160223,11.58,11.58,11.23,11.23,2373
GRODNO,20160223,5.70,5.75,5.65,5.75,1981
GRUPAAZOTY,20160223,93.55,95.36,93.00,95.10,31307
GTC,20160223,6.62,6.70,6.62,6.66,557556
HANDLOWY,20160223,80.50,81.06,80.11,81.00,32711
HARPER,20160223,1.33,1.33,1.32,1.32,666
HAWE,20160223,0.93,0.93,0.84,0.87,2944487
HERKULES,20160223,3.94,3.97,3.88,3.92,79531
HUBSTYLE,20160223,1.93,1.93,1.81,1.92,75222
HUTMEN,20160223,5.95,5.95,5.95,5.95,10
HYDROTOR,20160223,36.95,36.95,36.95,36.95,2
HYPERION,20160223,3.76,3.76,3.63,3.75,535
IDEABANK,20160223,24.43,24.43,24.43,24.43,2
IDMSA,20160223,1.40,1.40,1.26,1.36,831
IFCAPITAL,20160223,1.70,1.83,1.39,1.46,485565
IFSA,20160223,0.65,0.65,0.54,0.58,165266
IIAAV,20160223,8.00,8.01,8.00,8.01,200
IMMOBILE,20160223,2.96,3.24,2.95,3.08,12740
IMPEL,20160223,28.66,28.66,28.66,28.66,19
IMPERA,20160223,1.33,1.33,1.33,1.33,10
IMPEXMET,20160223,2.25,2.27,2.23,2.27,167567
IMS,20160223,2.00,2.03,1.96,2.03,7328
INC,20160223,2.10,2.10,2.10,2.10,5183
INDATA,20160223,0.93,0.93,0.92,0.93,27885
INDYGO,20160223,0.51,0.51,0.49,0.51,380383
INDYKPOL,20160223,83.49,83.49,81.00,82.95,309
INGBSK,20160223,115.60,119.80,115.60,119.80,4578
INPOST,20160223,15.20,15.20,14.86,15.20,5961
INPRO,20160223,4.35,4.35,4.35,4.35,117
INSTALKRK,20160223,11.24,11.33,11.00,11.33,913
INTEGERPL,20160223,85.47,89.79,85.47,89.50,4611
INTERBUD,20160223,0.99,0.99,0.90,0.96,12836
INTERCARS,20160223,250.00,253.00,249.15,253.00,1080
INTERSPPL,20160223,2.03,2.04,2.00,2.00,1114
INTLBCO12542,20160223,60.04,64.50,60.04,60.20,48
INTLBCO12559,20160223,35.09,37.50,34.14,34.14,2567
INTLBCO12567,20160223,39.26,40.57,39.26,39.52,93
INTLBCO12674,20160223,26.49,26.49,26.49,26.49,50
INTLBCO12963,20160223,23.51,25.95,23.51,25.95,520
INTLBMW11031,20160223,7.77,7.77,7.76,7.77,10000
INTLDAX00281,20160223,65.67,66.12,65.42,65.42,542
INTLDAX00752,20160223,81.25,81.25,81.25,81.25,500
INTLDAX01800,20160223,51.00,53.30,51.00,51.85,202
INTLDOW03251,20160223,80.50,80.50,80.50,80.50,1
INTLEUD12815,20160223,17.29,17.93,16.98,17.93,955
INTLEUR12492,20160223,13.59,14.03,13.59,14.03,200
INTLGLD11726,20160223,116.70,119.35,116.70,117.60,325
INTLGLD12948,20160223,52.06,55.13,52.06,55.13,309
INTLGOG04895,20160223,121.85,121.85,121.85,121.85,4
INTLHSC00828,20160223,13.05,13.05,13.05,13.05,55
INTLKGH12773,20160223,19.69,21.18,19.69,21.00,300
INTLNAG12088,20160223,1.68,1.68,1.62,1.62,10500
INTLNAG12682,20160223,0.90,0.90,0.90,0.90,1218
INTLNAG12849,20160223,1.99,2.14,1.99,1.99,22641
INTLOPL11643,20160223,1.21,1.21,1.21,1.21,35
INTLOPL12443,20160223,1.53,1.53,1.53,1.53,4000
INTLPGE12765,20160223,1.81,1.81,1.81,1.81,25
INTLPKN05496,20160223,27.81,27.81,27.81,27.81,100
INTLPKN08367,20160223,13.26,13.26,13.26,13.26,100
INTLPZU12153,20160223,7.13,7.13,7.11,7.11,206
INTLSLV12955,20160223,7.95,7.95,7.95,7.95,130
INTLUSD12351,20160223,18.87,18.87,18.26,18.26,296
INTLVOW11171,20160223,16.80,16.80,16.76,16.76,55
INTLW2012047,20160223,2.32,2.52,2.32,2.48,13288
INTLW2012104,20160223,2.74,2.81,2.74,2.79,2500
INTLW2012484,20160223,4.83,4.83,4.83,4.83,100
INTLW2012617,20160223,2.14,2.22,2.11,2.11,2300
INTROL,20160223,8.20,8.20,8.20,8.20,39
INTSBCO12310,20160223,34.77,34.77,31.40,32.90,415
INTSBCO12369,20160223,27.50,27.75,27.12,27.12,183
INTSBND08672,20160223,30.85,30.85,30.85,30.85,30
INTSBND12757,20160223,47.60,47.60,47.60,47.60,14
INTSDAX08755,20160223,116.19,116.19,116.19,116.19,55
INTSDAX12146,20160223,94.25,94.25,92.23,92.23,40
INTSDAX12344,20160223,74.00,74.76,72.00,72.00,51
INTSDAX12476,20160223,54.36,54.36,52.69,53.88,590
INTSDAX12856,20160223,17.24,18.85,15.85,16.64,1076
INTSDOW06536,20160223,135.50,135.50,133.00,135.35,80
INTSESX12591,20160223,15.62,15.62,15.62,15.62,300
INTSEUD07658,20160223,29.28,29.28,29.28,29.28,2
INTSEUR12096,20160223,25.56,25.56,25.56,25.56,40
INTSGLD02576,20160223,56.18,56.18,55.59,55.59,4
INTSKGH06601,20160223,68.64,68.64,68.64,68.64,11
INTSKGH09985,20160223,43.06,43.06,43.06,43.06,12
INTSKGH11775,20160223,27.89,27.89,26.85,26.85,202
INTSPGN08961,20160223,2.70,2.70,2.70,2.70,8000
INTSPKN11023,20160223,17.49,17.49,17.49,17.49,27
INTSPKO09399,20160223,10.80,10.80,10.80,10.80,65
INTSPZU09258,20160223,10.97,11.28,10.93,11.28,401
INTSUSD11718,20160223,31.20,31.30,31.20,31.30,71
INTSUSD12930,20160223,18.12,18.12,18.12,18.12,250
INTSVOW10918,20160223,30.37,30.37,30.37,30.37,31
INTSW2010090,20160223,4.49,4.49,4.49,4.49,300
INTSW2011700,20160223,2.58,2.58,2.58,2.58,1000
INTSW2011817,20160223,2.28,2.28,2.24,2.24,170
INTSW2011932,20160223,1.81,1.81,1.81,1.81,200
INTSW2012260,20160223,1.50,1.54,1.34,1.44,13818
INVISTA,20160223,2.10,2.10,2.10,2.10,447
INVPEFIZ,20160223,965.00,965.00,965.00,965.00,4
IPOPEMA,20160223,2.48,2.48,2.47,2.48,79
IQP,20160223,0.69,0.69,0.69,0.69,2
IZOBLOK,20160223,156.00,157.00,152.50,156.90,105
IZOLACJA,20160223,1.05,1.05,1.05,1.05,2334
IZOSTAL,20160223,4.29,4.29,4.24,4.24,691
JHMDEV,20160223,0.94,0.95,0.94,0.95,32628
JSW,20160223,11.00,11.00,10.64,10.76,88759
JWCONSTR,20160223,3.95,3.95,3.88,3.95,14438
K2INTERNT,20160223,15.76,15.76,15.50,15.50,2
KANIA,20160223,1.92,1.95,1.90,1.91,19004
KERNEL,20160223,47.91,48.84,47.81,48.79,46238
KETY,20160223,285.00,291.00,285.00,286.00,17283
KGHM,20160223,68.88,69.83,67.63,68.62,1046628
KINOPOL,20160223,12.00,12.27,12.00,12.26,2430
KOGENERA,20160223,72.80,72.80,70.01,72.50,808
KOMPUTRON,20160223,5.90,5.90,5.75,5.75,3047
KONSSTALI,20160223,30.00,30.00,29.00,29.00,112
KOPEX,20160223,4.04,4.06,3.88,3.95,56626
KRAKCHEM,20160223,3.59,3.59,3.59,3.59,81
KREC,20160223,7.19,7.19,6.90,7.19,262
KREDYTIN,20160223,23.12,23.20,21.81,22.78,26943
KREZUS,20160223,3.17,3.17,3.07,3.11,9437
KRKA,20160223,269.00,269.50,255.00,269.50,1315
KRUK,20160223,178.75,187.45,177.55,186.50,103123
KRUSZWICA,20160223,49.80,49.80,49.00,49.00,1698
KRVITAMIN,20160223,10.00,10.10,10.00,10.00,10430
KSGAGRO,20160223,0.93,0.94,0.91,0.91,25500
LABOPRINT,20160223,10.14,10.14,10.14,10.14,3
LARQ,20160223,5.19,5.19,4.95,4.96,1518
LCCORP,20160223,1.84,1.85,1.82,1.82,37518
LENA,20160223,3.99,3.99,3.96,3.96,4868
LENTEX,20160223,8.15,8.20,8.14,8.15,22196
LIBET,20160223,1.68,1.69,1.62,1.66,79998
LIVECHAT,20160223,36.39,36.39,35.50,35.85,3576
LOTOS,20160223,25.55,25.83,25.35,25.79,248562
LPP,20160223,5050.05,5144.00,5050.05,5060.00,1804
LSISOFT,20160223,6.08,6.18,5.94,6.17,4844
LUBAWA,20160223,0.88,0.91,0.85,0.88,691743
MABION,20160223,48.00,48.95,46.12,48.50,55482
MAGELLAN,20160223,62.31,63.30,62.31,63.27,2895
MAKARONPL,20160223,5.75,5.94,5.70,5.94,13213
MBANK,20160223,342.20,353.40,342.20,347.00,12158
MBWS,20160223,75.19,77.79,75.19,77.79,105
MCI,20160223,10.52,10.53,10.44,10.50,9294
MCLOGIC,20160223,39.50,39.50,39.10,39.10,4
MDIENERGIA,20160223,3.90,3.90,3.90,3.90,4
MEDIATEL,20160223,1.14,1.14,1.05,1.14,1791
MEDICALG,20160223,199.00,203.45,198.80,203.45,14237
MERCATOR,20160223,14.94,15.20,14.87,15.20,606
MEXPOLSKA,20160223,4.45,4.45,4.33,4.45,502
MFO,20160223,11.70,12.23,11.70,12.23,77681
MIDAS,20160223,0.71,0.73,0.70,0.72,2763448
MILKILAND,20160223,1.41,1.43,1.35,1.36,16148
MILLENNIUM,20160223,5.94,6.10,5.94,6.00,870269
MIRACULUM,20160223,1.93,1.93,1.85,1.85,25
MIRBUD,20160223,0.76,0.78,0.75,0.76,53784
MLPGROUP,20160223,37.30,37.30,36.50,37.30,12
MNI,20160223,0.88,0.90,0.84,0.85,17374
MOJ,20160223,0.83,0.83,0.83,0.83,2
MOL,20160223,197.20,197.45,197.20,197.45,128
MONNARI,20160223,14.87,15.00,14.81,14.88,13258
MOSTALPLC,20160223,13.49,13.50,12.35,13.30,1363
MOSTALWAR,20160223,13.24,13.26,13.00,13.23,20967
MOSTALZAB,20160223,1.33,1.35,1.30,1.35,109343
MUZA,20160223,4.43,4.43,4.26,4.42,266
MWTRADE,20160223,16.95,16.95,16.75,16.75,259
NETIA,20160223,5.31,5.43,5.31,5.42,83209
NETMEDIA,20160223,5.09,5.09,5.09,5.09,1
NEUCA,20160223,327.05,333.90,326.40,327.05,1100
NEWAG,20160223,15.54,15.54,15.35,15.46,9186
NORTCOAST,20160223,5.15,5.15,5.15,5.15,121
NOVITA,20160223,49.91,49.91,49.90,49.90,42
NOWAGALA,20160223,1.21,1.21,1.21,1.21,18
NTTSYSTEM,20160223,2.46,2.46,2.44,2.44,10
ODLEWNIE,20160223,3.46,3.47,3.46,3.47,600
OEX,20160223,13.90,14.10,13.90,13.90,1285
OPENFIN,20160223,2.89,2.89,2.89,2.89,2250
OPONEO.PL,20160223,24.00,24.50,23.40,24.50,7461
OPTEAM,20160223,10.80,10.80,10.71,10.71,1464
ORANGEPL,20160223,6.14,6.30,6.14,6.25,1396457
ORBIS,20160223,60.94,60.94,60.94,60.94,51
ORCOGROUP,20160223,0.63,0.65,0.60,0.65,9446
ORION,20160223,91.41,91.41,91.39,91.39,7
ORZBIALY,20160223,6.15,6.15,6.10,6.15,750
OTLOG,20160223,165.00,165.00,165.00,165.00,1
OTMUCHOW,20160223,5.89,5.89,5.70,5.89,3014
OVOSTAR,20160223,93.00,94.00,93.00,94.00,656
PAGED,20160223,54.65,54.65,53.40,54.50,2176
PAMAPOL,20160223,1.19,1.25,1.19,1.25,2355
PANOVA,20160223,19.18,19.19,19.18,19.19,107
PATENTUS,20160223,0.58,0.60,0.57,0.60,7506
PBG,20160223,1.69,1.69,1.62,1.66,16779
PCCEXOL,20160223,2.10,2.10,2.09,2.09,30
PCCINTER,20160223,1.72,1.72,1.72,1.72,30
PCCROKITA,20160223,46.90,47.00,46.90,47.00,3020
PCM,20160223,35.80,35.80,35.75,35.75,988
PEKABEX,20160223,10.10,10.10,9.62,10.10,22
PEKAES,20160223,12.54,12.54,12.21,12.36,1077
PEKAO,20160223,150.50,152.40,149.30,149.30,436549
PELION,20160223,49.86,49.86,49.86,49.86,4
PEMANAGER,20160223,125.00,125.00,125.00,125.00,40
PEP,20160223,21.99,21.99,20.00,20.93,43478
PEPEES,20160223,0.55,0.55,0.55,0.55,500
PGE,20160223,13.40,13.66,13.31,13.49,1897863
PGNIG,20160223,5.07,5.09,4.95,4.99,3906580
PGODLEW,20160223,5.60,5.87,5.60,5.87,3373
PHN,20160223,17.95,17.95,17.70,17.81,4212
PKNORLEN,20160223,63.59,63.96,62.23,63.23,963331
PKOBP,20160223,25.01,25.49,24.88,24.97,1902366
PKOGS,20160223,103.61,103.61,103.61,103.61,200
PKOSO,20160223,101.47,101.55,101.47,101.55,356
PKPCARGO,20160223,47.12,47.50,46.96,47.30,33132
PLASTBOX,20160223,2.18,2.18,2.16,2.16,4445
PLATYNINW,20160223,3.01,3.18,2.81,3.18,7938
PMPG,20160223,1.98,1.98,1.88,1.98,6840
POLICE,20160223,24.20,24.21,24.20,24.21,145
POLIMEXMS,20160223,4.75,4.79,4.70,4.73,59290
POLMED,20160223,2.88,2.88,2.88,2.88,58
POLNA,20160223,21.81,21.81,20.51,21.69,394
POLNORD,20160223,11.09,11.44,11.03,11.15,83731
POLWAX,20160223,16.05,16.10,16.00,16.00,1150
POZBUD,20160223,4.40,4.51,4.40,4.40,2544
PRAGMAFA,20160223,13.45,13.45,13.45,13.45,115
PRAGMAINK,20160223,9.90,9.90,9.90,9.90,212
PRAIRIE,20160223,0.50,0.59,0.49,0.52,1429294
PRESCO,20160223,5.00,5.18,5.00,5.15,6000
PRIMAMODA,20160223,1.21,1.21,1.20,1.21,1030
PROCAD,20160223,1.59,1.59,1.57,1.59,1064
PROCHEM,20160223,16.40,16.40,16.40,16.40,12
PROCHNIK,20160223,0.99,1.00,0.98,0.99,93872
PROJPRZEM,20160223,8.41,8.59,8.41,8.47,3418
PROTEKTOR,20160223,2.97,2.97,2.97,2.97,5800
PROVIDENT,20160223,14.00,14.00,14.00,14.00,35
PSG,20160223,0.51,0.51,0.51,0.51,106
PULAWY,20160223,236.95,236.95,230.00,234.85,154
PWRMEDIA,20160223,1.21,1.34,1.21,1.33,11179
PZU,20160223,34.00,34.63,33.83,34.50,1004883
PZUAKORD,20160223,102.40,102.40,102.00,102.00,548
QUERCUS,20160223,5.50,5.80,5.50,5.60,25238
QUMAK,20160223,8.17,8.31,8.16,8.31,195
RADPOL,20160223,6.49,6.49,6.45,6.45,2
RAFAKO,20160223,7.71,7.94,7.65,7.88,48115
RAFAMET,20160223,13.83,13.83,13.83,13.83,3
RAINBOW,20160223,20.50,20.70,20.50,20.70,1715
RANKPROGR,20160223,0.64,0.67,0.62,0.64,476968
RAWLPLUG,20160223,8.35,8.35,8.28,8.33,741
RCBSH10617,20160223,931.07,931.07,931.07,931.07,10
RCCRUAOPEN,20160223,6.44,6.59,6.34,6.35,46411
RCFL2OIL,20160223,6.92,7.15,6.92,7.15,610
RCFL2SILVE,20160223,25.91,25.91,25.91,25.91,500
RCFL2W20,20160223,68.56,69.89,68.56,69.89,202
RCFL3GOLD,20160223,36.10,36.80,36.10,36.80,390
RCFL3KGH,20160223,5.99,6.03,5.99,6.03,500
RCFL3OIL,20160223,0.97,1.00,0.92,0.92,455958
RCFL3PGE,20160223,28.49,28.49,28.49,28.49,21
RCFL3W20,20160223,45.72,47.37,45.72,47.37,540
RCFL4ESX,20160223,147.42,149.95,147.24,147.24,161
RCFS2DBK,20160223,170.00,170.00,170.00,170.00,2
RCFS2W20,20160223,110.79,110.79,110.79,110.79,10
RCFS3DBK,20160223,156.06,156.06,156.06,156.06,2
RCFS3GOLD,20160223,146.78,146.78,146.78,146.78,30
RCFS3KGH,20160223,82.72,82.72,75.10,75.83,433
RCFS3OIL,20160223,573.59,600.05,544.09,600.05,425
RCFS3OIL2,20160223,89.40,89.40,89.40,89.40,50
RCFS3PKN,20160223,6.16,6.43,6.16,6.42,524
RCFS3W20,20160223,99.49,99.49,99.49,99.49,3
RCFS4ESX,20160223,8.62,8.71,8.62,8.71,175
RCGGLD10517,20160223,999.65,999.65,999.65,999.65,100
RCGLDAOPEN,20160223,482.22,486.50,482.13,486.48,47
RCGNS010920,20160223,966.00,966.00,966.00,966.00,1
RCLLCOOPEN,20160223,9.43,9.43,9.39,9.39,2000
RCLNAGOPEN,20160223,4.32,4.32,4.32,4.32,500
RCSCRAOPEN,20160223,490.76,490.76,490.76,490.76,20
RCSILAOPEN,20160223,60.24,60.24,60.24,60.24,100
RCSUGAOPEN,20160223,3.35,3.46,3.35,3.46,3500
RCTLGOLD06,20160223,96.14,99.44,96.14,99.44,1000
RCTSKGH015,20160223,11.66,11.66,11.66,11.66,85
RCTSKGH021,20160223,7.66,7.66,7.66,7.66,131
RCTSSUG010,20160223,6.12,6.12,6.12,6.12,102
RCTVBAOPEN,20160223,41.76,41.76,41.76,41.76,50
RCWHTAOPEN,20160223,7.85,7.85,7.85,7.85,100
REDAN,20160223,1.80,1.80,1.78,1.79,1946
REDWOOD,20160223,3.80,3.80,3.78,3.80,1067
RELPOL,20160223,7.74,7.92,7.65,7.90,9389
REMAK,20160223,18.00,18.00,17.50,17.50,522
RESBUD,20160223,1.49,1.55,1.42,1.50,26737
ROBYG,20160223,2.86,2.89,2.85,2.87,60442
RONSON,20160223,1.34,1.34,1.31,1.33,6543
ROPCZYCE,20160223,20.29,20.29,20.20,20.20,17
RUBICON,20160223,1.15,1.15,1.11,1.15,2004
SANOK,20160223,52.00,52.20,51.52,52.20,1228
SANTANDER,20160223,16.10,16.25,15.20,15.20,10192
SARE,20160223,22.00,23.30,22.00,22.00,19
SCOPAK,20160223,2.79,2.79,2.67,2.67,2
SECOGROUP,20160223,13.25,13.30,13.20,13.30,739
SELENAFM,20160223,15.28,15.28,15.28,15.28,116
SELVITA,20160223,20.70,20.70,20.70,20.70,200
SERINUS,20160223,1.50,1.54,1.49,1.51,14964
SFINKS,20160223,3.80,3.88,3.77,3.87,48605
SIMPLE,20160223,8.36,8.36,8.33,8.35,2284
SKARBIEC,20160223,26.21,26.86,26.20,26.86,635
SKOTAN,20160223,0.67,0.68,0.65,0.68,115746
SKYLINE,20160223,0.53,0.53,0.48,0.48,1013
SMT,20160223,13.57,13.57,12.90,13.22,6535
SNIEZKA,20160223,56.01,56.01,56.00,56.00,160
SOHODEV,20160223,1.14,1.19,1.14,1.19,6198
SOLAR,20160223,1.05,1.05,1.00,1.03,29778
SONEL,20160223,11.80,12.18,11.71,12.00,3785
STALEXP,20160223,3.09,3.11,3.05,3.11,28287
STALPROD,20160223,255.00,266.00,253.25,255.00,46066
STALPROFI,20160223,9.69,9.69,9.69,9.69,1111
STARHEDGE,20160223,0.41,0.43,0.41,0.41,4535
SUNEX,20160223,5.32,5.78,5.22,5.77,13629
SUWARY,20160223,9.54,9.54,9.24,9.24,103
SWISSMED,20160223,1.97,1.97,1.88,1.97,205
SYGNITY,20160223,8.10,8.10,7.94,8.08,78998
SYNEKTIK,20160223,15.95,15.95,15.30,15.82,2793
SYNTHOS,20160223,4.06,4.18,4.04,4.15,1248756
TALANX,20160223,144.95,144.95,144.95,144.95,1
TALEX,20160223,21.50,21.50,21.50,21.50,1
TARCZYNSKI,20160223,13.67,13.67,13.50,13.50,438
TAURONPE,20160223,2.59,2.60,2.56,2.57,2072353
TERMOREX,20160223,3.30,3.30,3.30,3.30,5
TESGAS,20160223,3.20,3.20,3.16,3.16,1505
TFONE,20160223,3.18,3.18,3.10,3.17,11348
TIM,20160223,8.54,8.88,8.54,8.85,73
TORPOL,20160223,11.69,11.69,11.42,11.54,99652
TRAKCJA,20160223,13.99,13.99,13.70,13.74,26374
TRANSPOL,20160223,3.10,3.10,3.08,3.09,17000
TRIGONPP,20160223,118.49,118.49,118.49,118.49,2
TRITON,20160223,1.67,1.77,1.67,1.77,2934
UCSOXAOPEN,20160223,31.66,31.66,31.66,31.66,346
ULMA,20160223,71.00,71.00,71.00,71.00,19
UNIBEP,20160223,10.90,10.90,10.77,10.77,134
UNICREDIT,20160223,14.79,15.44,14.65,14.65,17649
UNIMA,20160223,2.28,2.30,2.25,2.28,5117
UNIWHEELS,20160223,129.00,129.00,127.60,128.00,3306
URSUS,20160223,2.46,2.46,2.42,2.43,54315
VANTAGE,20160223,2.34,2.35,2.30,2.31,5444
VIGOSYS,20160223,220.00,224.85,220.00,224.85,56
VINDEXUS,20160223,5.24,5.29,5.11,5.15,23065
VISTAL,20160223,8.68,8.88,8.60,8.64,16442
VISTULA,20160223,2.62,2.71,2.61,2.68,1595730
VOTUM,20160223,14.60,14.60,14.10,14.59,3627
VOXEL,20160223,19.00,19.00,18.41,18.61,1937
WADEX,20160223,4.25,4.26,4.20,4.20,3475
WASKO,20160223,1.92,1.93,1.91,1.93,5542
WAWEL,20160223,1015.00,1020.00,1015.00,1019.00,242
WDX,20160223,6.99,7.01,6.55,6.95,42917
WIELTON,20160223,7.30,7.30,7.10,7.21,18221
WIKANA,20160223,1.50,1.58,1.50,1.58,370
WILBO,20160223,1.08,1.10,1.07,1.10,4700
WINVEST,20160223,3.01,3.03,2.87,3.00,687
WIRTUALNA,20160223,39.00,39.00,38.64,39.00,954
WITTCHEN,20160223,13.80,13.80,13.58,13.58,59
WOJAS,20160223,5.77,5.77,5.76,5.77,1231
WORKSERV,20160223,11.00,11.25,10.99,10.99,5348
ZAMET,20160223,1.64,1.69,1.60,1.69,12782
ZASTAL,20160223,0.48,0.49,0.45,0.48,56917
ZEPAK,20160223,7.20,7.32,7.16,7.20,9478
ZETKAMA,20160223,86.32,86.49,86.32,86.49,7
ZPUE,20160223,396.90,396.90,390.00,390.00,343
ZUE,20160223,9.14,9.15,9.10,9.10,2086
ZYWIEC,20160223,389.50,389.50,382.10,389.50,150
INVESTORMS,20160223,3498.90,3506.14,3498.90,3506.14,122925.627
MWIG40,20160223,3442.49,3481.41,3440.83,3481.41,91386.631
NCINDEX30,20160223,917.21,917.21,903.88,912.84,2189.207
RESPECT,20160223,2256.09,2280.51,2249.72,2274.22,271890.809
SWIG80,20160223,12670.06,12687.97,12643.66,12687.97,23800.184
WIG,20160223,45647.66,46005.16,45545.70,45760.95,556699.886
WIG-BANKI,20160223,6071.10,6098.85,6037.47,6037.47,143728.715
WIG-BUDOW,20160223,2852.37,2879.77,2852.37,2879.77,3637.884
WIG-CEE,20160223,717.28,727.89,717.28,727.89,3162.638
WIG-CHEMIA,20160223,15803.44,15895.93,15796.07,15895.93,10451.574
WIG-DEWEL,20160223,1445.23,1449.01,1445.23,1446.84,5649.728
WIG-ENERG,20160223,2954.28,2956.74,2934.52,2934.52,43979.603
WIG-INFO,20160223,1604.17,1604.17,1597.23,1597.23,17033.739
WIG-MEDIA,20160223,4251.10,4251.10,4187.07,4187.07,7249.985
WIG-PALIWA,20160223,4247.99,4247.99,4232.39,4232.41,86950.967
WIG-POLAND,20160223,46832.69,46912.12,46723.06,46723.06,550585.525
WIG-SPOZYW,20160223,3281.60,3292.38,3281.60,3292.38,2944.668
WIG-SUROWC,20160223,2116.49,2117.00,2100.04,2100.04,74147.412
WIG-TELKOM,20160223,788.54,793.37,788.54,792.79,13764.486
WIG-UKRAIN,20160223,371.53,373.34,371.53,373.34,2371.349
WIG20,20160223,1847.90,1862.13,1838.35,1844.96,430051.534
WIG20LEV,20160223,491.12,498.73,486.01,489.54,430051.534
WIG20SHORT,20160223,4232.90,4254.50,4200.72,4239.55,430051.534
WIG20TR,20160223,3048.23,3052.86,3030.99,3030.99,430051.534
WIG30,20160223,2057.74,2075.83,2050.57,2060.28,456614.656
WIG30TR,20160223,3359.05,3365.54,3346.06,3346.06,456614.656
WIGDIV,20160223,964.29,971.26,960.97,964.96,271470.047
