06MAGNA,20160307,1.77,1.84,1.70,1.84,5236
11BIT,20160307,74.50,74.98,74.00,74.59,6976
4FUNMEDIA,20160307,5.16,5.24,4.81,4.98,5275
AATHOLD,20160307,19.50,19.50,19.01,19.49,121
ABCDATA,20160307,3.33,3.35,3.29,3.33,14061
ABMSOLID,20160307,3.00,3.30,3.00,3.30,883
ABPL,20160307,34.84,37.20,34.84,36.03,28841
ACAUTOGAZ,20160307,35.00,35.19,33.97,35.00,418
ACTION,20160307,21.89,21.89,20.50,20.60,118289
ADIUVO,20160307,24.79,24.79,24.77,24.78,4
AGORA,20160307,11.64,11.64,11.52,11.60,13652
AGROTON,20160307,0.97,0.97,0.93,0.97,17637
AGROWILL,20160307,1.50,1.50,1.50,1.50,700
AILLERON,20160307,6.05,6.06,6.05,6.06,1458
ALCHEMIA,20160307,4.96,5.00,4.96,5.00,4321
ALIOR,20160307,61.87,63.70,61.38,63.14,147081
ALMA,20160307,6.89,7.00,6.70,6.94,8879
ALTA,20160307,3.53,3.53,3.44,3.53,1139
ALTUSTFI,20160307,11.60,11.77,11.50,11.66,48509
ALUMETAL,20160307,51.00,51.10,49.10,49.26,113078
AMBRA,20160307,7.50,7.55,7.50,7.54,5745
AMICA,20160307,173.00,174.50,172.00,173.40,2458
AMREST,20160307,189.60,189.60,186.15,188.00,1494
APATOR,20160307,27.40,28.05,27.40,27.70,6477
APLISENS,20160307,12.15,12.15,12.00,12.15,275
APLITT,20160307,1.79,1.79,1.70,1.70,1047
APSENERGY,20160307,3.95,3.95,3.95,3.95,2
ARCTIC,20160307,3.73,3.75,3.61,3.75,93179
ARTERIA,20160307,14.20,14.69,14.20,14.59,1975
ASBIS,20160307,1.55,1.61,1.51,1.59,393938
ASSECOBS,20160307,16.05,16.05,15.75,15.89,4324
ASSECOPOL,20160307,56.80,57.75,56.60,56.88,117711
ASSECOSEE,20160307,9.20,9.20,9.20,9.20,200
ASSECOSLO,20160307,20.34,20.34,20.30,20.30,391
ASTARTA,20160307,32.50,33.40,32.00,32.20,945
ATAL,20160307,21.75,21.75,21.00,21.49,1075
ATENDE,20160307,3.03,3.19,3.03,3.18,28733
ATLANTAPL,20160307,6.58,6.59,6.55,6.55,1352
ATLANTIS,20160307,0.54,0.56,0.54,0.56,11680
ATLASEST,20160307,0.95,0.95,0.95,0.95,2551
ATM,20160307,9.50,9.60,9.50,9.60,3661
ATMGRUPA,20160307,3.70,3.70,3.69,3.69,36
ATREM,20160307,4.02,4.15,4.02,4.15,2580
AVIASG,20160307,14.80,14.80,14.80,14.80,12
AWBUD,20160307,3.89,3.89,3.75,3.86,7847
BALTONA,20160307,5.30,5.30,5.30,5.30,1244
BANKBPH,20160307,33.00,33.00,32.40,32.93,3515
BBIDEV,20160307,0.90,0.90,0.88,0.90,96976
BENEFIT,20160307,390.00,391.50,387.00,391.00,277
BEST,20160307,12.57,12.57,12.57,12.57,1400
BETACOM,20160307,9.01,9.09,9.01,9.09,508
BGZBNPP,20160307,46.30,46.30,46.30,46.30,5
BIOMEDLUB,20160307,0.75,0.75,0.72,0.75,35291
BIOTON,20160307,12.00,12.03,11.80,12.00,52124
BMPAG,20160307,3.40,3.40,3.33,3.33,920
BOGDANKA,20160307,38.35,40.97,38.35,39.49,72088
BORYSZEW,20160307,4.56,4.68,4.56,4.60,122960
BOS,20160307,14.12,14.25,14.03,14.08,5563
BPHFIZBI2,20160307,142.10,142.10,142.10,142.10,96
BPHFIZDS,20160307,108.10,108.10,108.10,108.10,157
BRASTER,20160307,14.95,14.95,14.00,14.30,12541
BRIJU,20160307,13.38,13.39,13.38,13.39,173
BSCDRUK,20160307,33.59,34.00,33.59,34.00,829
BUDIMEX,20160307,198.35,199.00,196.85,198.10,8126
BUMECH,20160307,0.70,0.73,0.70,0.71,212617
BUWOG,20160307,82.93,82.94,82.93,82.94,100
BYTOM,20160307,3.46,3.66,3.46,3.60,356224
BZWBK,20160307,291.95,297.90,287.10,297.00,29909
CALATRAVA,20160307,0.52,0.53,0.50,0.53,16770
CAPITAL,20160307,2.61,2.61,2.55,2.60,6837
CCC,20160307,146.60,148.35,146.30,148.00,24791
CDPROJEKT,20160307,24.70,25.01,24.50,24.53,251523
CDRL,20160307,22.30,22.30,21.60,22.30,3543
CEZ,20160307,61.94,61.94,60.49,61.55,4915
CHEMOS,20160307,1.84,1.84,1.78,1.78,56452
CIECH,20160307,73.60,73.60,71.70,72.98,61559
CIGAMES,20160307,20.57,21.60,20.40,21.48,53517
CNT,20160307,7.37,7.45,7.37,7.45,42
COGNOR,20160307,0.94,0.96,0.91,0.95,59054
COLIAN,20160307,3.47,3.52,3.43,3.45,60398
COMARCH,20160307,128.00,130.50,128.00,130.50,9577
COMP,20160307,52.47,52.47,51.78,52.30,100
COMPERIA,20160307,8.20,8.88,8.20,8.88,271
CORMAY,20160307,1.59,1.66,1.59,1.62,372115
CPGROUP,20160307,6.00,6.00,6.00,6.00,50
CUBEITG,20160307,5.74,5.74,5.74,5.74,871
CYFRPLSAT,20160307,23.49,23.80,23.21,23.71,231806
CZTOREBKA,20160307,0.91,0.91,0.86,0.90,11942
DEBICA,20160307,89.70,89.70,88.25,89.69,152
DECORA,20160307,8.55,8.55,8.22,8.39,2863
DELKO,20160307,8.49,9.33,8.49,9.19,2690
DGA,20160307,4.72,4.72,4.72,4.72,2
DOMDEV,20160307,50.00,50.20,50.00,50.11,4218
DREWEX,20160307,2.57,2.58,2.40,2.58,7949
DROZAPOL,20160307,1.94,2.00,1.93,2.00,1671
DTP,20160307,4.81,4.82,4.81,4.82,146866
DUDA,20160307,5.47,5.48,5.40,5.45,8619
DUON,20160307,3.80,3.81,3.80,3.80,174486
ECHO,20160307,6.42,6.42,6.07,6.16,12164
EDINVEST,20160307,2.09,2.10,2.08,2.10,14947
EFEKT,20160307,20.00,20.00,18.99,19.90,1655
EKOEXPORT,20160307,11.89,12.15,11.70,12.10,11830
ELBUDOWA,20160307,120.50,122.70,117.95,117.95,1220
ELEKTROTI,20160307,17.60,17.60,17.30,17.38,3926
ELEMENTAL,20160307,3.72,3.79,3.72,3.77,32768
ELKOP,20160307,1.22,1.31,1.22,1.30,367
EMCINSMED,20160307,14.75,14.75,14.75,14.75,1
EMPERIA,20160307,57.51,57.98,55.80,55.80,38159
ENAP,20160307,0.94,0.94,0.90,0.93,41048
ENEA,20160307,11.20,11.41,11.03,11.15,721815
ENELMED,20160307,9.35,9.91,9.35,9.91,3170
ENERGA,20160307,13.30,13.45,13.16,13.30,346354
ENERGOINS,20160307,8.55,8.55,7.86,7.98,2681
ENTER,20160307,13.10,13.55,12.89,13.55,1562
ERBUD,20160307,27.20,27.90,27.10,27.80,1044
ERG,20160307,19.48,19.48,18.58,19.48,290
ERGIS,20160307,4.41,4.67,4.41,4.67,40722
ESOTIQ,20160307,25.98,25.98,24.02,25.60,412
ESSYSTEM,20160307,2.80,2.80,2.77,2.77,2116
ETFDAX,20160307,409.00,409.00,405.94,406.50,135
ETFSP500,20160307,80.38,80.59,80.00,80.00,298
ETFW20L,20160307,216.50,217.40,216.19,217.40,257
EUCO,20160307,43.30,45.00,43.30,44.90,2280
EUROCASH,20160307,52.85,52.88,51.97,52.77,205046
EVEREST,20160307,1.10,1.15,1.09,1.15,101089
FAM,20160307,1.83,1.88,1.83,1.88,5021
FAMUR,20160307,1.61,1.63,1.60,1.63,6836
FARMACOL,20160307,53.00,53.00,50.61,50.61,3487
FASING,20160307,15.50,15.50,14.55,15.20,3786
FASTFIN,20160307,0.75,0.78,0.75,0.75,5805
FEERUM,20160307,17.68,18.90,17.68,18.90,13
FERRO,20160307,10.98,10.98,10.79,10.79,1020
FERRUM,20160307,3.50,3.50,3.50,3.50,1228
FON,20160307,0.53,0.55,0.53,0.55,6591
FORTE,20160307,54.53,54.97,53.90,54.07,2516
FORTUNA,20160307,15.02,16.00,15.02,16.00,12602
FOTA,20160307,0.53,0.53,0.51,0.53,1858
GETIN,20160307,1.32,1.33,1.28,1.31,287017
GETINOBLE,20160307,0.57,0.58,0.56,0.57,2684039
GINOROSSI,20160307,2.55,2.61,2.55,2.61,97449
GLCOSMED,20160307,4.00,4.00,4.00,4.00,1201
GORENJE,20160307,19.05,19.05,19.05,19.05,1
GPW,20160307,37.49,37.97,37.31,37.63,36812
GRAAL,20160307,28.87,28.88,28.87,28.88,670
GRAJEWO,20160307,27.20,27.28,26.51,27.28,119056
GREMINWES,20160307,1.46,1.49,1.46,1.49,1889
GROCLIN,20160307,13.27,13.27,12.90,13.14,8133
GRODNO,20160307,5.60,5.60,5.60,5.60,2
GRUPAAZOTY,20160307,93.00,96.40,93.00,95.95,30964
GTC,20160307,6.90,6.95,6.87,6.94,208774
HANDLOWY,20160307,84.99,85.71,83.00,83.95,42835
HARPER,20160307,1.75,1.75,1.68,1.68,824
HAWE,20160307,0.85,0.85,0.81,0.82,1120567
HELIO,20160307,4.01,4.01,4.00,4.00,250
HERKULES,20160307,4.04,4.04,3.95,3.95,22626
HUBSTYLE,20160307,1.69,1.72,1.59,1.72,54833
HUTMEN,20160307,6.39,6.39,6.39,6.39,206
HYDROTOR,20160307,36.99,36.99,36.90,36.90,2
HYPERION,20160307,4.25,4.25,4.21,4.25,1191
IDEABANK,20160307,23.90,24.19,23.00,24.10,1901
IDMSA,20160307,1.54,1.56,1.40,1.45,30788
IFCAPITAL,20160307,1.37,1.44,1.35,1.44,31768
IFSA,20160307,0.51,0.54,0.51,0.54,4068
IIAAV,20160307,8.55,8.55,8.55,8.55,127
IMCOMPANY,20160307,6.46,6.74,6.46,6.50,3150
IMMOBILE,20160307,3.06,3.06,2.91,3.00,8498
IMPEL,20160307,29.14,29.14,28.75,28.80,14
IMPERA,20160307,1.32,1.40,1.32,1.40,448
IMPEXMET,20160307,2.36,2.40,2.34,2.35,43351
IMS,20160307,2.08,2.14,2.08,2.14,26947
INC,20160307,2.06,2.06,2.06,2.06,12
INDATA,20160307,0.89,0.89,0.87,0.88,10835
INDYGO,20160307,0.45,0.47,0.44,0.46,513894
INDYKPOL,20160307,84.22,85.89,84.22,85.75,99
INGBSK,20160307,123.60,123.80,122.50,123.80,9625
INPOST,20160307,17.20,17.20,16.75,16.85,2395
INSTALKRK,20160307,11.35,11.79,11.35,11.50,5498
INTEGERPL,20160307,88.60,88.60,83.01,84.31,1336
INTERAOLT,20160307,19.00,19.68,19.00,19.00,1608
INTERBUD,20160307,0.92,0.92,0.86,0.90,19080
INTERCARS,20160307,219.00,222.90,219.00,222.05,17889
INTERSPPL,20160307,2.08,2.08,2.08,2.08,2
INTLAPL05249,20160307,83.52,83.52,83.52,83.52,300
INTLBCO12542,20160307,79.07,79.07,79.07,79.07,25
INTLBCO12559,20160307,51.83,52.51,51.55,52.51,924
INTLBCO12567,20160307,58.15,58.15,58.15,58.15,118
INTLBCO12963,20160307,39.88,42.80,39.50,42.80,112
INTLBMW03814,20160307,9.02,9.02,9.02,9.02,30
INTLBND00497,20160307,118.35,118.35,118.35,118.35,19
INTLDAX00281,20160307,75.62,75.62,75.62,75.62,8
INTLDAX01800,20160307,61.41,61.83,60.50,60.90,260
INTLDAX13136,20160307,50.05,50.05,45.26,45.26,762
INTLDBK12997,20160307,22.76,22.76,22.61,22.66,170
INTLDBK13078,20160307,26.99,26.99,26.99,26.99,200
INTLDOW03251,20160307,94.60,96.13,93.44,96.13,275
INTLESX13144,20160307,14.15,14.21,14.15,14.21,63
INTLEUD08045,20160307,25.80,25.80,25.18,25.18,110
INTLEUD12815,20160307,15.09,15.09,15.09,15.09,6
INTLEUR10447,20160307,15.10,15.50,15.10,15.50,400
INTLGLD09621,20160307,104.05,105.40,104.05,105.40,36
INTLGLD11726,20160307,134.00,134.00,134.00,134.00,11
INTLGLD12948,20160307,69.97,71.00,69.97,71.00,42
INTLGLD13177,20160307,53.97,53.97,53.03,53.03,220
INTLGOG04887,20160307,105.37,105.37,105.37,105.37,20
INTLHSC00828,20160307,16.85,16.85,16.85,16.85,50
INTLKGH12773,20160307,27.84,27.84,27.84,27.84,19
INTLKGH13037,20160307,19.65,21.44,19.65,21.18,805
INTLNAG12849,20160307,1.28,1.46,1.28,1.46,13580
INTLNAG13185,20160307,1.94,1.99,1.94,1.99,10375
INTLNDX10868,20160307,32.14,32.14,32.14,32.14,900
INTLNKX05413,20160307,98.50,98.50,98.50,98.50,40
INTLPEO12021,20160307,45.18,45.18,45.18,45.18,15
INTLPGE12690,20160307,1.87,1.87,1.81,1.81,130
INTLPGN04978,20160307,0.90,0.90,0.90,0.90,3500
INTLPGN12740,20160307,0.60,0.60,0.60,0.60,2500
INTLPKN06932,20160307,22.82,22.82,22.23,22.23,320
INTLPKN08367,20160307,15.36,15.36,15.36,15.36,250
INTLPKN13060,20160307,11.64,13.23,11.64,13.19,620
INTLPKO12401,20160307,5.88,6.35,5.88,6.35,300
INTLPKO12641,20160307,5.36,5.36,5.36,5.36,100
INTLSLV09647,20160307,11.79,12.01,11.76,12.01,580
INTLSLV10652,20160307,13.99,13.99,13.99,13.99,200
INTLSLV12054,20160307,15.30,15.30,15.30,15.30,100
INTLUSD12351,20160307,16.23,16.85,15.80,15.80,157
INTLVOW13094,20160307,12.97,12.97,11.76,11.76,300
INTLW2012047,20160307,2.66,2.80,2.66,2.80,17588
INTLW2012617,20160307,2.57,2.57,2.56,2.56,1000
INTLW2013110,20160307,1.49,1.68,1.49,1.61,8620
INTLW2013128,20160307,2.07,2.07,2.07,2.07,20000
INTSADS13219,20160307,8.55,8.55,8.55,8.55,500
INTSBCO12187,20160307,33.90,34.16,32.12,32.12,800
INTSBCO12310,20160307,15.60,17.22,15.60,15.80,359
INTSBMW08896,20160307,15.26,15.26,15.26,15.26,5
INTSDAX07757,20160307,145.90,145.90,145.90,145.90,20
INTSDAX12344,20160307,62.00,62.00,62.00,62.00,46
INTSDAX12476,20160307,41.00,44.25,41.00,43.50,186
INTSDOW05934,20160307,73.72,73.72,73.72,73.72,3
INTSDOW09225,20160307,154.40,154.40,154.40,154.40,5
INTSESX12591,20160307,12.35,12.35,12.35,12.35,8
INTSEUD07658,20160307,32.64,32.64,30.80,30.80,450
INTSEUR13151,20160307,23.00,23.00,23.00,23.00,4
INTSKGH00711,20160307,82.15,82.15,82.15,82.15,30
INTSKGH09985,20160307,34.06,34.06,34.06,34.06,10
INTSKGH11775,20160307,19.95,20.90,18.94,18.94,479
INTSNDX12914,20160307,16.20,16.20,16.20,16.20,200
INTSNKX06791,20160307,150.15,150.15,150.15,150.15,12
INTSNKX12880,20160307,98.00,98.42,98.00,98.42,38
INTSPGE10991,20160307,3.35,3.35,3.35,3.35,2500
INTSPGN08961,20160307,2.86,2.86,2.86,2.86,1064
INTSPKN10744,20160307,20.64,20.64,20.64,20.64,320
INTSPKO09399,20160307,10.10,10.10,10.10,10.10,100
INTSSLV09563,20160307,7.09,7.09,7.09,7.09,320
INTSUSD12930,20160307,20.43,20.43,20.43,20.43,100
INTSVOW10553,20160307,33.14,33.24,33.14,33.24,104
INTSVOW13011,20160307,7.96,8.30,7.72,7.72,100
INTSW2010090,20160307,4.04,4.04,4.04,4.04,40
INTSW2010264,20160307,3.70,3.70,3.70,3.70,70
INTSW2011700,20160307,2.30,2.30,2.30,2.30,200
INTSW2011817,20160307,1.95,1.95,1.75,1.83,10700
INTSW2011932,20160307,1.61,1.61,1.37,1.51,4588
INTSW2012260,20160307,1.22,1.22,0.96,0.96,5010
INVFIZ,20160307,901.00,901.00,901.00,901.00,1
INVGLDFIZ,20160307,1566.00,1566.00,1566.00,1566.00,34
INVISTA,20160307,2.16,2.16,2.16,2.16,2034
IPOPEMA,20160307,2.82,2.82,2.66,2.66,2451
IQP,20160307,0.70,0.70,0.66,0.70,298
IZOBLOK,20160307,172.50,174.60,168.00,169.90,788
IZOLACJA,20160307,1.05,1.05,1.00,1.05,13211
JHMDEV,20160307,0.97,1.00,0.97,0.97,4280
JSW,20160307,11.64,12.90,11.52,12.37,902947
JWCONSTR,20160307,4.04,4.12,4.04,4.06,41939
K2INTERNT,20160307,15.95,15.98,15.95,15.95,1460
KANIA,20160307,2.10,2.12,2.10,2.10,12800
KBDOM,20160307,2.90,2.90,2.90,2.90,40
KERNEL,20160307,52.75,56.00,52.57,55.65,258033
KETY,20160307,287.40,290.30,285.00,290.20,7252
KGHM,20160307,76.00,77.49,74.78,76.76,1547179
KINOPOL,20160307,12.19,12.19,12.19,12.19,43
KOGENERA,20160307,71.20,71.20,69.00,70.00,802
KOMPUTRON,20160307,5.90,6.00,5.90,5.95,6198
KONSSTALI,20160307,30.50,30.50,29.10,29.10,11
KOPEX,20160307,2.38,2.49,2.30,2.49,361086
KPPD,20160307,21.26,21.26,21.26,21.26,115
KRAKCHEM,20160307,3.65,3.65,3.65,3.65,61
KREC,20160307,8.18,8.60,8.18,8.38,10564
KREDYTIN,20160307,21.31,21.60,21.00,21.25,2967
KREZUS,20160307,3.10,3.30,3.07,3.20,23548
KRKA,20160307,257.00,274.00,257.00,274.00,612
KRUK,20160307,188.95,190.00,186.00,189.00,27471
KRUSZWICA,20160307,46.79,46.79,46.11,46.30,1221
KRVITAMIN,20160307,10.47,10.50,10.47,10.50,2
LABOPRINT,20160307,10.12,10.65,10.12,10.65,132
LARK,20160307,1.20,1.20,1.16,1.19,1722
LARQ,20160307,4.38,4.51,4.25,4.51,4371
LCCORP,20160307,1.81,1.87,1.81,1.87,13484
LENA,20160307,4.49,4.52,4.49,4.52,6701
LENTEX,20160307,8.73,8.75,8.63,8.69,3199
LIBET,20160307,1.80,1.80,1.73,1.74,8130
LIVECHAT,20160307,35.67,36.25,35.56,35.75,9851
LMDSFIZ,20160307,1069.90,1070.00,1069.90,1070.00,8
LOTOS,20160307,26.90,27.39,26.90,27.20,350167
LPP,20160307,5280.05,5370.00,5176.85,5357.00,2405
LSISOFT,20160307,6.22,6.55,6.01,6.52,11381
LUBAWA,20160307,0.85,0.87,0.84,0.87,109424
MABION,20160307,52.00,57.00,52.00,53.99,5755
MAGELLAN,20160307,64.00,64.39,64.00,64.39,500
MAKARONPL,20160307,5.61,5.83,5.61,5.83,105
MARVIPOL,20160307,6.00,6.04,6.00,6.04,1920
MBANK,20160307,333.00,341.90,333.00,339.00,46832
MBWS,20160307,79.15,79.15,76.50,76.50,63
MCI,20160307,10.70,10.70,10.49,10.67,12708
MCLOGIC,20160307,40.25,40.25,40.25,40.25,20
MDIENERGIA,20160307,3.83,3.90,3.83,3.85,13
MEDIATEL,20160307,1.16,1.16,1.16,1.16,3754
MEDICALG,20160307,200.00,204.55,198.00,201.00,5301
MENNICA,20160307,13.49,13.80,13.27,13.40,993
MEXPOLSKA,20160307,4.40,4.56,4.39,4.50,10992
MFO,20160307,12.00,12.00,12.00,12.00,1
MIDAS,20160307,0.81,0.81,0.80,0.80,1231952
MILKILAND,20160307,1.38,1.38,1.28,1.32,21842
MILLENNIUM,20160307,5.89,5.96,5.81,5.92,827147
MIRACULUM,20160307,2.04,2.05,1.94,2.02,10210
MIRBUD,20160307,0.83,0.83,0.81,0.83,99627
MLPGROUP,20160307,37.60,37.60,36.93,37.60,707
MOJ,20160307,0.85,0.85,0.85,0.85,606
MOL,20160307,211.90,216.00,211.90,213.90,401
MONNARI,20160307,14.50,14.50,14.32,14.32,14666
MOSTALPLC,20160307,13.65,13.65,13.65,13.65,1
MOSTALWAR,20160307,14.70,14.90,14.51,14.88,2219
MOSTALZAB,20160307,1.26,1.32,1.26,1.30,150714
MUZA,20160307,4.50,4.50,4.50,4.50,500
MWTRADE,20160307,16.01,16.15,16.00,16.15,22199
NETIA,20160307,4.62,4.62,4.45,4.48,547123
NETMEDIA,20160307,5.75,5.85,5.70,5.85,5000
NEUCA,20160307,344.00,344.00,335.65,335.70,901
NEWAG,20160307,16.28,16.29,16.25,16.26,7556
NORTCOAST,20160307,5.15,5.35,5.15,5.16,512
NOVITA,20160307,52.00,52.00,51.89,51.90,186
NOWAGALA,20160307,1.22,1.24,1.22,1.23,2420
NTTSYSTEM,20160307,2.46,2.47,2.40,2.47,11831
ODLEWNIE,20160307,3.65,3.79,3.65,3.79,4067
OPENFIN,20160307,2.84,2.90,2.83,2.83,6011
OPERA3GR,20160307,223.00,223.00,223.00,223.00,10
OPONEO.PL,20160307,29.06,29.80,29.00,29.79,45336
OPTEAM,20160307,11.00,11.00,11.00,11.00,700
ORANGEPL,20160307,6.13,6.14,5.99,6.06,4048969
ORBIS,20160307,61.95,62.30,59.61,59.70,3658
ORCOGROUP,20160307,0.70,0.70,0.70,0.70,3200
ORION,20160307,82.94,82.94,77.19,82.93,41
ORZBIALY,20160307,6.53,6.64,6.50,6.64,5992
OTLOG,20160307,165.00,171.00,165.00,171.00,65
OTMUCHOW,20160307,6.64,6.64,6.16,6.30,6150
PAGED,20160307,55.50,55.91,55.01,55.55,326
PAMAPOL,20160307,1.36,1.36,1.36,1.36,6210
PANOVA,20160307,19.31,19.31,19.31,19.31,95
PATENTUS,20160307,0.57,0.59,0.57,0.59,4131
PBG,20160307,1.80,1.80,1.76,1.78,7431
PCCINTER,20160307,1.74,1.74,1.74,1.74,72
PCCROKITA,20160307,47.80,49.40,47.80,49.00,1255
PCM,20160307,36.00,36.78,34.06,35.60,15870
PEGAS,20160307,119.00,119.00,119.00,119.00,1009
PEKABEX,20160307,10.25,10.25,10.00,10.22,1558
PEKAES,20160307,12.01,12.92,12.01,12.92,17966
PEKAO,20160307,155.50,157.05,154.40,156.55,296579
PELION,20160307,52.40,52.40,51.04,52.40,748
PEMANAGER,20160307,123.90,124.85,123.00,124.85,140
PEP,20160307,21.22,21.22,20.95,21.14,5461
PEPEES,20160307,0.58,0.63,0.57,0.60,189607
PGE,20160307,12.90,13.32,12.86,13.24,1705590
PGNIG,20160307,4.79,4.87,4.78,4.87,5269197
PGODLEW,20160307,5.78,5.78,5.78,5.78,26
PHN,20160307,18.10,18.33,17.71,18.33,3025
PKNORLEN,20160307,64.00,66.10,63.99,65.85,1667696
PKOBP,20160307,25.79,26.00,25.36,26.00,1605288
PKOGS,20160307,104.10,104.10,104.10,104.10,50
PKOSO,20160307,102.44,102.44,102.44,102.44,32
PKPCARGO,20160307,46.25,47.00,46.25,46.75,55477
PLASTBOX,20160307,2.14,2.14,2.13,2.13,4435
PLATYNINW,20160307,4.19,4.30,3.92,4.19,772
PMPG,20160307,1.99,2.01,1.95,1.95,5597
POLICE,20160307,24.17,24.17,23.55,24.00,2990
POLIMEXMS,20160307,5.09,5.12,5.00,5.10,112085
POLMED,20160307,2.75,2.75,2.75,2.75,260
POLNA,20160307,26.50,27.79,26.01,27.79,1108
POLNORD,20160307,10.80,11.38,10.80,11.00,496675
POLWAX,20160307,17.00,17.00,16.94,17.00,2318
POZBUD,20160307,4.04,4.21,4.04,4.21,4952
PRAGMAFA,20160307,13.65,13.65,13.35,13.35,139
PRAGMAINK,20160307,9.85,9.85,9.85,9.85,20
PRAIRIE,20160307,0.60,0.63,0.56,0.57,1054285
PRESCO,20160307,5.40,5.40,5.40,5.40,1
PRIMAMODA,20160307,1.19,1.28,1.19,1.28,14452
PROCAD,20160307,1.70,1.70,1.63,1.68,2323
PROCHEM,20160307,15.49,15.84,15.10,15.10,98853
PROCHNIK,20160307,1.12,1.16,1.12,1.15,202052
PROJPRZEM,20160307,8.60,8.73,8.60,8.72,4747
PROTEKTOR,20160307,2.97,2.98,2.97,2.98,9485
PSG,20160307,0.48,0.50,0.48,0.48,10839
PULAWY,20160307,233.90,233.90,227.50,227.50,163
PWRMEDIA,20160307,1.37,1.37,1.37,1.37,177
PZU,20160307,34.58,35.11,34.28,35.00,1152078
QUANTUM,20160307,6.16,6.29,6.16,6.29,345
QUERCUS,20160307,6.18,6.19,6.15,6.19,6616
QUMAK,20160307,9.39,9.47,9.26,9.40,7292
RADPOL,20160307,6.55,6.55,6.35,6.54,477
RAFAKO,20160307,7.86,7.89,7.75,7.84,6235
RAFAMET,20160307,13.50,13.60,12.79,13.20,250
RAINBOW,20160307,20.87,21.43,20.70,21.43,181916
RANKPROGR,20160307,0.68,0.71,0.68,0.69,269524
RAWLPLUG,20160307,9.26,9.27,9.20,9.27,2157
RCCRUAOPEN,20160307,7.17,7.30,7.17,7.30,89086
RCFL2GOLD,20160307,65.33,65.33,65.33,65.33,75
RCFL2KGH,20160307,26.91,26.91,26.91,26.91,50
RCFL2OIL,20160307,8.45,8.53,8.45,8.45,3415
RCFL2OIL2,20160307,142.49,142.49,142.49,142.49,10
RCFL2PKO,20160307,40.74,40.74,40.74,40.74,1
RCFL2PZU,20160307,77.25,77.25,77.25,77.25,12
RCFL2W20,20160307,70.57,72.21,70.57,70.95,262
RCFL3BMW,20160307,63.88,63.88,59.21,59.21,190
RCFL3DBK,20160307,7.67,7.67,7.32,7.32,1400
RCFL3GOLD,20160307,40.90,41.20,40.51,40.51,141
RCFL3KGH,20160307,7.41,8.04,7.22,7.82,6631
RCFL3OIL,20160307,1.23,1.34,1.22,1.33,1037042
RCFL3OIL2,20160307,147.03,147.03,147.03,147.03,50
RCFL3PGE,20160307,26.22,26.22,26.22,26.22,10
RCFL3PKO,20160307,18.14,18.14,18.14,18.14,55
RCFL3SILVE,20160307,7.71,7.95,7.45,7.82,3471
RCFL3W20,20160307,48.23,50.06,47.92,49.51,1690
RCFL4ESX,20160307,165.26,168.26,161.72,165.06,192
RCFS2OIL,20160307,372.74,375.08,371.40,371.40,14
RCFS2W20,20160307,104.83,105.43,104.83,105.28,111
RCFS3DBK,20160307,95.26,104.63,95.26,104.63,26
RCFS3KGH,20160307,53.51,53.92,50.08,51.40,699
RCFS3OIL,20160307,394.18,397.73,359.12,371.03,1614
RCFS3PGE,20160307,45.65,45.65,45.65,45.65,40
RCFS3PKN,20160307,5.40,5.40,5.40,5.40,312
RCFS3PZU,20160307,28.05,28.05,27.13,27.13,449
RCFS3SILVE,20160307,138.64,138.64,135.99,135.99,33
RCFS3W20,20160307,92.75,92.75,92.08,92.08,158
RCGBSH10520,20160307,973.73,973.73,973.73,973.73,69
RCGBSH21116,20160307,939.95,939.95,939.95,939.95,10
RCGCOMB1120,20160307,982.67,987.66,982.67,987.66,35
RCGGLD10517,20160307,1004.91,1004.91,1004.91,1004.91,100
RCGLDAOPEN,20160307,498.03,503.07,498.03,499.99,139
RCGSDG10219,20160307,1068.21,1068.21,1068.21,1068.21,20
RCGSDG10319,20160307,1063.36,1063.36,1063.36,1063.36,30
RCGSXE0320,20160307,957.54,957.54,957.54,957.54,16
RCLLCOOPEN,20160307,10.75,10.75,10.75,10.75,228
RCLNAGOPEN,20160307,3.73,3.89,3.73,3.89,31300
RCSCRAOPEN,20160307,427.95,430.99,418.87,418.87,118
RCSDGP0717,20160307,1126.57,1127.49,1126.57,1127.49,95
RCSDGP0720,20160307,981.02,981.02,981.02,981.02,1
RCSILAOPEN,20160307,61.29,62.33,61.29,61.88,472
RCTLGOLD06,20160307,114.67,116.40,114.67,116.40,118
RCTLWIG001,20160307,5.95,5.95,5.95,5.95,200
RCTSKGH020,20160307,14.80,14.80,14.80,14.80,100
RCWHTAOPEN,20160307,7.76,7.76,7.76,7.76,1000
REDAN,20160307,1.89,2.03,1.89,2.03,36293
REDWOOD,20160307,1.96,1.96,1.73,1.73,52888
RELPOL,20160307,7.75,7.75,7.62,7.74,2389
REMAK,20160307,17.00,17.00,16.40,17.00,1366
RESBUD,20160307,1.35,1.35,1.30,1.33,300
ROBYG,20160307,2.93,2.99,2.92,2.95,563475
RONSON,20160307,1.41,1.41,1.40,1.40,5072
ROPCZYCE,20160307,22.20,24.37,22.20,22.70,8493
RUBICON,20160307,1.10,1.12,1.10,1.12,20
SANOK,20160307,54.00,54.00,52.00,52.00,1785
SANTANDER,20160307,18.24,18.24,18.00,18.00,34
SARE-PDA,20160307,25.50,25.50,25.10,25.10,5
SCOPAK,20160307,2.39,2.39,2.19,2.19,4450
SECOGROUP,20160307,13.50,13.50,13.50,13.50,2115
SEKO,20160307,5.19,5.31,5.15,5.31,2115
SELENAFM,20160307,15.14,15.15,15.14,15.15,10
SELVITA,20160307,20.41,20.75,20.41,20.62,31077
SERINUS,20160307,1.53,1.72,1.53,1.68,737788
SFINKS,20160307,4.25,4.25,4.13,4.15,37564
SILVANO,20160307,6.60,6.60,6.34,6.34,784
SIMPLE,20160307,8.16,8.19,8.02,8.19,5028
SKARBIEC,20160307,32.00,32.00,30.71,30.74,742
SKOTAN,20160307,0.65,0.67,0.64,0.66,268096
SKYLINE,20160307,0.49,0.49,0.49,0.49,6
SMT,20160307,13.80,13.88,13.35,13.50,12781
SNIEZKA,20160307,55.21,55.21,55.00,55.00,81
SOHODEV,20160307,1.20,1.26,1.20,1.26,21734
SOLAR,20160307,1.03,1.03,1.00,1.02,21323
SONEL,20160307,12.97,13.15,12.77,13.00,2491
SOPHARMA,20160307,5.50,5.50,5.50,5.50,124
STALEXP,20160307,3.15,3.15,3.09,3.14,49514
STALPROD,20160307,257.80,272.80,257.00,272.70,1628
STAPORKOW,20160307,4.54,4.54,4.50,4.50,675
STARHEDGE,20160307,0.45,0.45,0.45,0.45,2800
SUNEX,20160307,5.25,5.55,5.07,5.44,3995
SUWARY,20160307,9.20,9.80,9.18,9.80,3448
SWISSMED,20160307,1.95,1.95,1.90,1.95,1354
SYGNITY,20160307,8.45,8.50,8.22,8.25,2796
SYNEKTIK,20160307,15.50,15.80,15.47,15.47,407
SYNTHOS,20160307,4.04,4.13,3.64,3.76,7250206
TALEX,20160307,22.80,22.80,22.79,22.80,78
TARCZYNSKI,20160307,13.95,14.05,13.50,13.58,3223
TATRY,20160307,101.00,101.00,101.00,101.00,15
TAURONPE,20160307,2.65,2.65,2.61,2.63,4050492
TERMOREX,20160307,3.89,3.89,3.85,3.85,33
TESGAS,20160307,3.14,3.15,3.11,3.14,3570
TFONE,20160307,3.08,3.08,3.08,3.08,7312
TIM,20160307,8.81,8.81,8.66,8.66,1058
TORPOL,20160307,10.30,10.39,10.20,10.25,41627
TOYA,20160307,4.53,4.53,4.53,4.53,36
TRAKCJA,20160307,12.08,12.71,12.06,12.60,163027
TRANSPOL,20160307,3.57,3.65,3.57,3.65,130
TRIGONPP,20160307,119.00,119.00,117.21,118.99,207
ULMA,20160307,67.61,67.61,67.61,67.61,1
UNIBEP,20160307,10.40,10.40,10.33,10.40,1271
UNICREDIT,20160307,15.69,15.69,15.22,15.48,8334
UNIMA,20160307,2.43,2.43,2.39,2.41,5203
UNIWHEELS,20160307,133.90,134.00,132.50,133.00,17680
URSUS,20160307,2.43,2.47,2.38,2.41,136141
VANTAGE,20160307,2.64,2.64,2.56,2.61,7169
VIGOSYS,20160307,216.15,226.80,216.15,226.80,101
VINDEXUS,20160307,6.32,6.39,6.25,6.37,19881
VISTAL,20160307,9.04,9.04,8.89,8.98,2311
VISTULA,20160307,2.83,2.91,2.83,2.89,640558
VOTUM,20160307,14.00,14.18,13.90,14.18,3288
VOXEL,20160307,18.55,18.55,18.29,18.44,2245
WADEX,20160307,3.92,3.93,3.92,3.92,375
WARIMPEX,20160307,2.82,2.84,2.82,2.83,2454
WASKO,20160307,2.14,2.25,2.12,2.17,170977
WAWEL,20160307,1041.00,1044.95,1033.00,1033.00,44
WDX,20160307,5.94,5.94,5.58,5.59,6013
WIELTON,20160307,7.60,7.80,7.60,7.77,20348
WIKANA,20160307,1.55,1.58,1.55,1.58,1600
WILBO,20160307,1.27,1.29,1.25,1.29,20524
WINVEST,20160307,3.01,3.01,3.00,3.00,13
WIRTUALNA,20160307,39.73,39.73,38.55,39.14,3162
WITTCHEN,20160307,15.70,15.94,15.30,15.71,5219
WOJAS,20160307,5.76,5.82,5.70,5.81,4459
WORKSERV,20160307,11.24,11.24,11.00,11.15,4342
ZAMET,20160307,1.64,1.67,1.62,1.67,750
ZASTAL,20160307,0.59,0.59,0.56,0.59,38308
ZEPAK,20160307,7.00,7.11,6.96,7.02,9767
ZETKAMA,20160307,86.98,86.99,86.00,86.99,81
ZPUE,20160307,378.00,378.00,370.00,373.45,47
ZUE,20160307,8.35,8.62,8.35,8.62,2520
ZYWIEC,20160307,423.90,423.90,420.50,420.50,28
INVESTORMS,20160307,3560.14,3560.14,3548.61,3548.61,169569.456
MWIG40,20160307,3515.79,3534.56,3515.79,3530.52,95204.352
NCINDEX30,20160307,884.19,891.83,878.11,889.05,1981.559
RESPECT,20160307,2299.29,2327.13,2295.28,2325.27,393140.865
SWIG80,20160307,12857.70,12890.56,12817.20,12857.68,42046.443
WIG,20160307,46467.99,46843.48,46399.30,46843.48,702276.643
WIG-BANKI,20160307,6186.74,6233.86,6186.74,6233.86,133252.584
WIG-BUDOW,20160307,2885.00,2885.00,2872.33,2872.33,6523.793
WIG-CEE,20160307,760.41,761.16,760.41,760.97,15177.371
WIG-CHEMIA,20160307,15706.02,15707.11,15457.00,15457.00,34986.858
WIG-DEWEL,20160307,1502.20,1506.33,1502.20,1504.99,9553.443
WIG-ENERG,20160307,2922.66,2927.62,2917.49,2927.62,46364.749
WIG-INFO,20160307,1652.60,1656.93,1649.12,1649.12,18145.966
WIG-MEDIA,20160307,4303.33,4307.06,4251.59,4307.06,6055.140
WIG-PALIWA,20160307,4344.89,4344.89,4303.30,4342.19,146524.166
WIG-POLAND,20160307,47658.87,47765.73,47501.16,47765.73,682124.094
WIG-SPOZYW,20160307,3527.85,3572.68,3527.85,3572.68,14955.858
WIG-SUROWC,20160307,2352.56,2354.38,2334.95,2354.38,133124.637
WIG-TELKOM,20160307,756.63,756.63,748.86,752.97,28829.173
WIG-UKRAIN,20160307,398.36,402.55,398.36,399.85,14250.564
WIG20,20160307,1874.03,1895.41,1868.64,1895.41,551835.898
WIG20LEV,20160307,504.24,515.74,501.34,515.74,551835.898
WIG20SHORT,20160307,4172.09,4184.09,4124.48,4124.48,551835.898
WIG20TR,20160307,3101.64,3113.86,3091.07,3113.86,551835.898
WIG30,20160307,2097.46,2121.17,2092.99,2121.17,607526.384
WIG30TR,20160307,3430.90,3444.95,3421.60,3444.95,607526.384
WIGDIV,20160307,978.40,984.84,976.30,981.27,349552.147
