06MAGNA,20170126,0.64,0.64,0.63,0.63,173603
11BIT,20170126,143.55,143.55,140.05,140.50,7460
4FUNMEDIA,20170126,5.25,5.25,5.20,5.25,649
AATHOLD,20170126,19.50,19.50,18.30,19.00,491
ABADONRE,20170126,7.20,7.39,6.66,6.88,2189
ABCDATA,20170126,2.09,2.20,2.07,2.20,1451359
ABMSOLID,20170126,8.90,8.90,8.90,8.90,10
ABPL,20170126,36.18,36.68,36.00,36.00,2815
ACAUTOGAZ,20170126,45.00,45.01,45.00,45.01,25
ACTION,20170126,4.28,4.44,4.25,4.28,71383
ADIUVO,20170126,26.85,26.85,26.85,26.85,2
AGORA,20170126,12.85,12.95,12.80,12.90,58621
AGROTON,20170126,6.59,6.64,6.44,6.46,53362
AGROWILL,20170126,1.80,1.80,1.80,1.80,3
AILLERON,20170126,8.90,9.10,8.90,9.00,6769
AIRWAY,20170126,1.67,1.70,1.64,1.70,17730
ALCHEMIA,20170126,5.00,5.02,4.85,5.02,105086
ALIOR,20170126,62.79,62.86,61.60,61.95,356725
ALMA,20170126,1.37,1.48,1.37,1.40,620011
ALTA,20170126,2.70,2.70,2.60,2.69,151
ALTUSTFI,20170126,14.98,14.98,14.47,14.85,52406
ALUMETAL,20170126,65.21,66.38,65.02,66.00,15692
AMBRA,20170126,9.23,9.23,9.18,9.20,18028
AMICA,20170126,193.20,194.00,186.00,186.00,20388
AMREST,20170126,328.00,356.00,328.00,347.00,20962
APATOR,20170126,31.90,33.00,31.81,32.50,78345
APLISENS,20170126,12.84,12.94,12.84,12.94,1139
APLITT,20170126,0.87,0.87,0.87,0.87,15
APSENERGY,20170126,3.53,3.53,3.53,3.53,2
ARCHICOM,20170126,15.50,15.50,15.50,15.50,105
ARCTIC,20170126,5.51,5.61,5.50,5.50,58017
ARCUS,20170126,1.60,1.60,1.47,1.56,9917
ARKASWE17,20170126,94.30,94.30,94.19,94.19,17
ARTERIA,20170126,9.77,10.73,9.77,10.12,41676
ARTIFEX,20170126,21.20,21.80,21.20,21.80,202
ASBIS,20170126,3.32,3.32,3.22,3.22,189988
ASMGROUP,20170126,5.25,5.25,5.25,5.25,100
ASSECOBS,20170126,24.60,24.60,23.81,23.81,2462
ASSECOPOL,20170126,57.00,57.10,56.03,56.60,143249
ASSECOSEE,20170126,10.89,10.89,10.72,10.72,4080
ASSECOSLO,20170126,24.01,24.01,24.00,24.00,50
ASTARTA,20170126,62.02,63.34,62.02,62.50,2947
ATAL,20170126,29.20,29.75,28.60,28.82,22220
ATENDE,20170126,3.80,3.80,3.73,3.80,4513
ATLANTAPL,20170126,7.43,7.45,7.39,7.45,5113
ATLANTIS,20170126,0.57,0.58,0.55,0.58,41676
ATLASEST,20170126,1.06,1.07,1.06,1.07,280
ATM,20170126,10.69,10.69,10.65,10.68,1248
ATMGRUPA,20170126,4.43,4.44,4.34,4.40,8710
ATREM,20170126,2.78,2.85,2.73,2.85,8041
AUTOPARTN,20170126,4.97,4.97,4.80,4.90,42288
AVIAAML,20170126,6.53,6.53,6.26,6.36,11287
AVIASG,20170126,23.00,23.00,23.00,23.00,16
AWBUD,20170126,5.60,5.60,5.54,5.58,3481
BALTONA,20170126,2.74,2.77,2.65,2.71,4313
BBIDEV,20170126,0.83,0.83,0.80,0.81,601905
BEDZIN,20170126,28.35,28.35,28.34,28.34,245
BENEFIT,20170126,839.00,854.00,825.00,826.00,425
BEST,20170126,25.00,25.00,21.11,23.22,29373
BETACOM,20170126,11.50,11.92,11.50,11.92,329
BGZBNPP,20170126,57.50,57.50,56.00,56.00,300
BIK,20170126,17.11,17.85,17.11,17.77,1074
BIOMEDLUB,20170126,1.04,1.04,0.96,1.00,403270
BIOTON,20170126,8.09,8.15,8.00,8.03,62301
BMPAG,20170126,2.84,2.84,2.65,2.75,9084
BOGDANKA,20170126,66.80,67.49,66.40,66.99,84214
BORYSZEW,20170126,11.00,11.33,10.99,11.20,244977
BOS,20170126,11.40,13.10,11.35,13.10,154929
BOWIM,20170126,4.88,5.20,4.69,4.69,38955
BRASTER,20170126,15.20,15.20,14.40,14.70,30907
BRIJU,20170126,31.40,32.00,30.80,31.87,28542
BSCDRUK,20170126,33.05,33.05,33.05,33.05,30
BUDIMEX,20170126,214.35,218.40,212.00,217.00,14869
BUMECH,20170126,0.77,0.79,0.76,0.76,1097317
BUWOG,20170126,92.78,92.78,92.78,92.78,10
BYTOM,20170126,2.66,2.69,2.63,2.65,195404
BZWBK,20170126,353.05,357.50,350.00,355.00,145765
CALATRAVA,20170126,1.01,1.04,1.00,1.04,11522
CAPITAL,20170126,2.45,2.48,2.39,2.48,8241
CCC,20170126,212.75,212.95,206.50,207.00,44122
CDPROJEKT,20170126,60.00,60.10,59.00,59.51,240055
CDRL,20170126,24.30,24.30,24.29,24.29,19
CELTIC,20170126,5.80,5.90,5.42,5.80,3124
CEZ,20170126,68.90,68.90,68.20,68.75,1769
CFI,20170126,0.58,0.58,0.54,0.56,929917
CHEMOS,20170126,1.50,1.55,1.48,1.53,97640
CIECH,20170126,69.50,69.89,68.21,69.03,116421
CIGAMES,20170126,29.79,29.93,29.20,29.48,31851
CITYSERV,20170126,10.44,10.44,10.38,10.39,5068
CLNPHARMA,20170126,31.98,31.98,30.11,31.00,50404
CNT,20170126,8.11,8.11,8.06,8.06,2199
COALENERG,20170126,1.81,1.81,1.69,1.78,51163
COGNOR,20170126,1.96,2.01,1.93,1.98,94266
COLIAN,20170126,3.33,3.36,3.30,3.35,21836
COMARCH,20170126,181.75,181.75,174.40,179.75,3961
CORMAY,20170126,2.04,2.07,2.02,2.07,95023
CPGROUP,20170126,6.29,6.30,6.15,6.29,5037
CUBEITG,20170126,5.65,5.65,5.45,5.55,2239
CYFRPLSAT,20170126,24.70,24.89,24.42,24.65,651280
CZTOREBKA,20170126,0.86,0.88,0.81,0.81,63001
DEBICA,20170126,94.01,94.01,92.41,94.00,114
DECORA,20170126,9.59,9.59,9.42,9.42,3498
DEKPOL,20170126,11.50,11.50,11.50,11.50,20
DELKO,20170126,12.25,12.32,12.00,12.00,2460
DGA,20170126,3.72,3.72,3.54,3.58,890
DOMDEV,20170126,64.90,65.00,63.52,64.94,2096
DREWEX,20170126,1.42,1.42,1.40,1.40,5171
DROP,20170126,1.09,1.09,1.09,1.09,900
DROZAPOL,20170126,2.31,2.31,2.17,2.20,17623
ECHO,20170126,5.80,5.80,5.51,5.68,286968
EDINVEST,20170126,1.90,1.90,1.90,1.90,100
EFEKT,20170126,29.88,29.88,27.38,28.99,1576
EKOEXPORT,20170126,16.00,16.17,15.94,16.17,11485
ELBUDOWA,20170126,124.40,124.40,123.00,123.40,1571
ELEKTROTI,20170126,12.11,12.15,12.00,12.10,1973
ELEMENTAL,20170126,3.88,3.92,3.80,3.81,122843
ELKOP,20170126,2.18,2.22,1.97,1.99,65978
ELZAB,20170126,16.10,16.10,15.60,15.60,2868
EMCINSMED,20170126,11.81,11.81,11.81,11.81,1
EMPERIA,20170126,70.00,70.75,69.05,70.00,8275
ENAP,20170126,1.02,1.05,1.00,1.03,69022
ENEA,20170126,9.83,11.18,9.77,10.61,3734786
ENELMED,20170126,8.60,8.60,8.60,8.60,502
ENERGA,20170126,9.38,10.72,9.37,10.20,9302360
ENERGOINS,20170126,5.17,5.19,5.13,5.19,1245
ENTER,20170126,32.95,33.48,30.97,30.97,4441
ERBUD,20170126,29.78,29.78,29.00,29.50,1426
ERG,20170126,62.00,62.00,61.00,61.69,871
ERGIS,20170126,6.10,6.37,6.10,6.37,243710
ESOTIQ,20170126,9.66,9.90,9.53,9.75,1934
ESSYSTEM,20170126,2.51,2.52,2.44,2.52,4430
ETFDAX,20170126,493.76,494.00,492.00,492.00,66
ETFSP500,20170126,94.65,95.00,94.65,95.00,273
ETFW20L,20170126,247.28,247.28,243.66,246.97,3164
EUCO,20170126,38.80,39.22,38.80,39.00,6323
EUROCASH,20170126,40.45,40.65,39.74,39.90,782272
EUROTEL,20170126,21.20,21.28,21.20,21.28,119
FAM,20170126,4.37,4.37,4.18,4.30,30627
FAMUR,20170126,4.30,4.32,4.20,4.32,60457
FARMACOL,20170126,51.80,51.80,51.80,51.80,63
FASING,20170126,14.15,14.25,14.00,14.25,561
FASTFIN,20170126,1.67,1.72,1.67,1.72,1530
FEERUM,20170126,16.94,16.94,16.91,16.91,38
FERRO,20170126,12.90,12.90,12.40,12.65,18614
FERRUM,20170126,3.63,3.63,3.62,3.63,284
FON,20170126,0.60,0.60,0.60,0.60,3805
FORTE,20170126,84.80,86.00,82.80,84.00,17199
FORTUNA,20170126,15.35,15.35,15.35,15.35,21
FOTA,20170126,0.87,0.91,0.87,0.90,17017
GEKOPLAST,20170126,10.50,10.55,10.20,10.55,7766
GETIN,20170126,1.36,1.45,1.36,1.40,2202893
GETINOBLE,20170126,1.69,1.74,1.68,1.68,3484421
GINOROSSI,20170126,2.40,2.42,2.38,2.42,27364
GLCOSMED,20170126,5.55,5.60,5.33,5.60,8835
GOBARTO,20170126,6.85,6.85,6.70,6.71,1709
GORENJE,20170126,29.49,29.49,28.50,28.50,650
GPW,20170126,47.50,47.64,46.34,46.40,31401
GRAVITON,20170126,3.20,3.41,3.04,3.30,28546
GROCLIN,20170126,15.90,16.10,15.77,15.78,45677
GRODNO,20170126,5.85,5.90,5.80,5.90,1666
GRUPAAZOTY,20170126,71.00,72.30,71.00,71.60,70871
GTC,20170126,8.74,8.74,8.63,8.68,68331
HANDLOWY,20170126,78.50,79.88,78.50,79.48,98376
HARPER,20170126,1.00,1.00,0.95,0.95,1001
HELIO,20170126,11.06,11.45,10.90,11.33,6944
HERKULES,20170126,3.35,3.35,3.35,3.35,9918
HUBSTYLE,20170126,2.40,2.40,2.30,2.39,4413
HYDROTOR,20170126,38.84,38.84,37.80,38.79,38
HYPERION,20170126,2.50,2.50,2.24,2.24,3299
I2DEV,20170126,19.98,19.99,19.98,19.99,2
IALBGR,20170126,12.00,12.19,11.73,12.19,6645
IDEABANK,20170126,23.45,23.68,23.10,23.51,6371
IFCAPITAL,20170126,0.56,0.57,0.55,0.57,13699
IFSA,20170126,0.57,0.57,0.56,0.56,3405
IIAAV,20170126,7.64,7.64,7.64,7.64,913000
IMCOMPANY,20170126,8.81,8.90,8.34,8.80,21221
IMMOBILE,20170126,3.47,3.47,3.45,3.47,248
IMPEL,20170126,23.90,23.90,23.10,23.79,1110
IMPERA,20170126,1.33,1.33,1.33,1.33,1845
IMPEXMET,20170126,3.68,3.74,3.61,3.69,2511171
IMS,20170126,3.00,3.00,2.95,3.00,4145
INC,20170126,1.72,1.72,1.62,1.68,4029
INDATA,20170126,0.70,0.75,0.68,0.69,619938
INDYGO,20170126,0.83,0.85,0.83,0.85,190
INDYKPOL,20170126,50.00,50.49,49.20,50.00,1155
INGBSK,20170126,173.00,173.00,167.55,167.55,476637
INPOST,20170126,10.42,10.70,10.25,10.33,7405
INPRO,20170126,4.40,4.40,4.40,4.40,1
INSTALKRK,20170126,13.80,13.80,13.50,13.50,4070
INTEGERPL,20170126,41.91,41.91,39.00,40.00,53851
INTERAOLT,20170126,14.90,14.95,14.77,14.77,711
INTERBUD,20170126,0.59,0.61,0.59,0.60,14159
INTERCARS,20170126,318.00,318.00,311.10,313.60,2045
INTERFERI,20170126,4.20,4.30,4.20,4.30,8476
INTERSPPL,20170126,1.86,1.99,1.81,1.83,49067
INTLADS17350,20170126,10.95,10.95,10.95,10.95,60
INTLBCO12542,20170126,125.00,125.00,125.00,125.00,50
INTLBCO13235,20170126,70.50,70.50,70.50,70.50,100
INTLBCO13243,20170126,72.85,75.30,72.85,75.30,50
INTLBCO13854,20170126,53.55,57.00,53.55,57.00,213
INTLBCO16659,20170126,46.80,46.80,46.80,46.80,400
INTLBCO16857,20170126,29.50,29.99,29.50,29.99,1042
INTLBCO16923,20170126,20.01,23.34,19.06,23.34,1515
INTLDAX17418,20170126,33.85,34.67,32.32,33.05,1133
INTLDBK15834,20170126,42.40,42.40,42.40,42.40,50
INTLDBK15982,20170126,46.95,47.78,46.00,46.00,320
INTLDBK16980,20170126,27.60,27.60,27.60,27.60,80
INTLDBK17343,20170126,19.69,19.69,17.04,17.04,723
INTLDOW16790,20170126,125.90,125.90,124.30,124.30,48
INTLEUC07617,20170126,50.15,50.15,50.15,50.15,11
INTLEUD16493,20170126,32.08,32.08,30.00,30.00,425
INTLGBU16188,20170126,47.19,47.73,45.73,45.73,85
INTLGBU16196,20170126,61.40,61.40,61.15,61.15,90
INTLGLD09621,20170126,62.95,62.95,58.50,58.50,103
INTLGLD09746,20170126,78.65,78.65,74.90,74.90,155
INTLGLD12831,20170126,43.95,43.95,41.11,42.16,582
INTLKGH12393,20170126,79.90,79.90,79.90,79.90,100
INTLKGH16949,20170126,44.05,44.05,44.05,44.05,11
INTLKGH17442,20170126,29.64,29.64,28.92,29.24,250
INTLNAG13433,20170126,3.87,3.87,3.87,3.87,3
INTLNAG16873,20170126,3.01,3.01,3.01,3.01,600
INTLNDX17194,20170126,32.37,32.37,32.37,32.37,50
INTLNOK08854,20170126,5.60,5.60,5.60,5.60,150
INTLOPL14514,20170126,1.50,1.50,1.50,1.50,900
INTLPEO16402,20170126,44.68,44.68,44.68,44.68,150
INTLPEO17319,20170126,23.23,23.23,23.23,23.23,250
INTLPGE15628,20170126,2.35,2.82,2.35,2.82,2300
INTLPGE15784,20170126,2.94,3.28,2.94,3.28,7800
INTLPGE16725,20170126,3.38,3.74,3.38,3.74,1700
INTLPGE17277,20170126,1.85,2.34,1.85,2.20,69288
INTLPGN04713,20170126,2.22,2.22,2.22,2.22,555
INTLPGN17467,20170126,0.75,0.75,0.75,0.75,150
INTLPKN16303,20170126,16.68,16.68,16.68,16.68,600
INTLPKO15032,20170126,13.41,13.50,13.41,13.50,600
INTLPKO15446,20170126,9.61,9.61,9.61,9.61,200
INTLPKO16956,20170126,8.33,8.33,8.33,8.33,111
INTLPKO17301,20170126,5.69,6.05,5.69,6.05,2296
INTLPZU14712,20170126,14.20,14.20,14.20,14.20,94
INTLPZU16568,20170126,10.77,10.77,10.77,10.77,540
INTLPZU17285,20170126,6.91,6.94,6.73,6.87,617
INTLSLV12955,20170126,13.00,13.00,12.30,12.30,320
INTLSLV13227,20170126,10.15,10.15,10.15,10.15,120
INTLSLV13706,20170126,7.78,8.24,7.40,8.24,3250
INTLUSD15602,20170126,26.92,26.92,26.92,26.92,42
INTLUSD16519,20170126,9.72,11.35,8.59,10.50,2069
INTLUSD16527,20170126,15.69,16.93,15.50,15.74,900
INTLUSJ16360,20170126,51.45,51.45,51.45,51.45,388
INTLUSJ16907,20170126,27.79,27.79,27.79,27.79,1000
INTLVOW12799,20170126,29.79,29.79,29.79,29.79,30
INTLVOW13094,20170126,27.11,27.11,27.11,27.11,150
INTLW2012112,20170126,5.43,5.53,5.43,5.53,510
INTLW2017145,20170126,2.71,2.71,2.71,2.71,120
INTLW2017152,20170126,2.96,3.04,2.96,3.04,3300
INTLW2017384,20170126,1.90,2.05,1.90,1.94,9740
INTLW2017426,20170126,1.79,1.84,1.65,1.71,45209
INTROL,20170126,8.55,8.55,8.55,8.55,923
INTSBCO06700,20170126,177.70,177.70,177.70,177.70,10
INTSBCO09761,20170126,69.95,69.95,69.95,69.95,100
INTSBCO10181,20170126,47.00,47.00,47.00,47.00,21
INTSBCO11353,20170126,33.27,33.27,33.27,33.27,35
INTSBCO11676,20170126,23.82,23.82,21.58,21.58,100
INTSBND15693,20170126,54.05,54.05,54.05,54.05,22
INTSBND15701,20170126,28.19,28.19,28.19,28.19,60
INTSDAX07757,20170126,35.30,36.45,34.20,36.45,617
INTSDAX08193,20170126,81.35,81.45,81.25,81.45,92
INTSDBK03897,20170126,92.55,92.55,92.55,92.55,2
INTSDOW15404,20170126,34.00,34.00,33.29,33.29,105
INTSDOW16485,20170126,77.90,78.00,77.90,78.00,13
INTSESX07872,20170126,11.42,11.92,11.42,11.92,90
INTSEUD17210,20170126,19.20,21.03,19.10,21.03,296
INTSEUR12534,20170126,46.69,46.69,46.69,46.69,700
INTSGLD00638,20170126,102.80,104.80,102.80,103.00,68
INTSGLD15917,20170126,77.20,77.20,77.20,77.20,260
INTSGLD16634,20170126,58.60,58.60,58.60,58.60,40
INTSGLD16840,20170126,33.79,37.91,33.79,37.53,726
INTSKGH00703,20170126,18.46,22.01,18.46,20.41,557
INTSNAG08441,20170126,6.66,6.66,6.66,6.66,100
INTSNDX17202,20170126,14.90,14.90,14.90,14.90,50
INTSNKX07971,20170126,73.70,73.70,73.70,73.70,75
INTSPKO09399,20170126,3.60,3.60,3.08,3.26,10728
INTSSLV15925,20170126,12.90,12.90,12.90,12.90,100
INTSSLV17251,20170126,6.72,6.72,6.72,6.72,70
INTSUSD16709,20170126,37.46,37.46,37.46,37.46,70
INTSW2009217,20170126,2.91,2.91,2.91,2.91,500
INTSW2009373,20170126,2.05,2.08,2.05,2.08,2656
INTSW2009456,20170126,1.50,1.67,1.50,1.57,8734
INTSW2010090,20170126,1.14,1.16,1.07,1.16,10366
INVFIZ,20170126,924.00,924.00,924.00,924.00,1
INVISTA,20170126,1.39,1.39,1.38,1.39,795
IPOPEMA,20170126,1.94,1.94,1.79,1.86,2876
IZOBLOK,20170126,181.55,181.55,177.00,179.85,409
IZOLACJA,20170126,1.60,1.60,1.54,1.60,2820
IZOSTAL,20170126,4.99,5.14,4.99,5.14,1105
JHMDEV,20170126,1.37,1.38,1.33,1.36,42572
JSW,20170126,71.00,72.84,70.55,71.40,678406
JWCONSTR,20170126,4.79,4.79,4.68,4.73,260839
K2INTERNT,20170126,14.19,14.19,14.00,14.10,17
KANIA,20170126,2.14,2.14,2.10,2.13,33085
KBDOM,20170126,3.05,3.23,2.93,3.23,8402
KCI,20170126,0.65,0.67,0.65,0.67,9108
KERNEL,20170126,76.10,77.72,75.90,76.75,99100
KETY,20170126,410.00,420.85,410.00,416.80,9529
KGHM,20170126,123.50,125.40,121.40,122.05,1507500
KGL,20170126,20.98,20.99,20.05,20.99,102
KINOPOL,20170126,11.50,11.50,11.40,11.40,6185
KOGENERA,20170126,91.89,91.89,91.03,91.48,52
KOMPAP,20170126,8.37,8.40,8.37,8.40,3040
KOMPUTRON,20170126,6.40,6.40,6.30,6.35,14958
KONSSTALI,20170126,37.15,37.15,34.60,34.60,7008
KOPEX,20170126,3.64,3.75,3.62,3.75,167406
KRAKCHEM,20170126,3.01,3.04,3.01,3.04,207
KREC,20170126,6.97,7.00,6.70,6.98,5712
KREDYTIN,20170126,23.01,23.70,23.01,23.70,377
KREZUS,20170126,1.82,1.85,1.70,1.72,256840
KRKA,20170126,245.90,245.90,245.90,245.90,3
KRUK,20170126,249.90,251.70,248.55,249.15,12131
KRUSZWICA,20170126,59.15,60.45,59.15,59.50,298
KRVITAMIN,20170126,7.71,7.90,7.70,7.90,405
KSGAGRO,20170126,2.87,2.94,2.80,2.89,33226
LABOPRINT,20170126,7.03,7.70,7.03,7.60,1919
LARK,20170126,0.77,0.78,0.77,0.77,5005
LARQ,20170126,9.95,10.05,9.90,10.05,17306
LCCORP,20170126,2.04,2.05,1.97,1.97,136587
LENA,20170126,4.05,4.10,3.99,4.04,19096
LENTEX,20170126,10.59,10.72,10.54,10.66,36182
LIBET,20170126,1.56,1.60,1.52,1.57,58723
LIVECHAT,20170126,53.20,53.50,52.81,53.30,22457
LMASFIZ,20170126,1350.00,1350.00,1350.00,1350.00,5
LMCSFIZ,20170126,1345.00,1345.00,1343.01,1343.01,12
LMDSFIZ,20170126,1301.11,1349.00,1301.11,1343.01,21
LOKUM,20170126,13.80,13.90,13.50,13.90,5609
LOTOS,20170126,37.83,38.10,37.33,37.33,312545
LPP,20170126,5450.00,5470.00,5330.00,5369.90,1571
LSISOFT,20170126,10.30,10.48,10.30,10.43,15747
LUBAWA,20170126,1.12,1.16,1.12,1.15,1176522
MABION,20170126,80.00,88.00,79.10,82.99,101206
MAKARONPL,20170126,6.49,6.68,6.49,6.68,3000
MANGATA,20170126,114.80,114.80,111.70,112.90,4262
MARVIPOL,20170126,11.93,11.93,11.93,11.93,159
MASTERPHA,20170126,7.01,7.08,7.01,7.08,99
MBANK,20170126,381.00,387.90,372.45,376.75,40211
MBWS,20170126,74.89,74.89,72.05,72.05,35
MCI,20170126,8.28,8.49,8.28,8.46,47466
MCLOGIC,20170126,38.04,38.04,38.00,38.00,130
MDIENERGIA,20170126,5.49,5.49,5.25,5.49,3353
MEDIATEL,20170126,0.71,0.74,0.71,0.74,2240
MEDICALG,20170126,331.95,331.95,330.10,330.50,1048
MENNICA,20170126,17.35,17.40,17.35,17.40,585
MERCATOR,20170126,21.89,21.89,21.55,21.79,4545
MERCOR,20170126,10.69,10.77,10.57,10.74,2574
MEXPOLSKA,20170126,7.49,7.49,7.41,7.41,578
MFO,20170126,30.89,30.89,29.50,30.60,12839
MILKILAND,20170126,2.78,2.84,2.70,2.77,42049
MILLENNIUM,20170126,5.95,6.08,5.93,5.93,3774003
MIRACULUM,20170126,1.70,1.71,1.69,1.71,4208
MIRBUD,20170126,1.03,1.03,0.99,1.02,477511
MLPGROUP,20170126,44.02,44.02,44.02,44.02,2
MOJ,20170126,0.64,0.64,0.64,0.64,300
MOL,20170126,280.00,289.60,264.00,289.60,6068
MONNARI,20170126,9.30,9.30,9.15,9.25,32367
MOSTALPLC,20170126,13.90,14.00,13.26,13.60,8903
MOSTALWAR,20170126,12.00,12.28,11.90,12.00,48342
MOSTALZAB,20170126,1.27,1.33,1.27,1.31,415764
MUZA,20170126,3.83,4.01,3.82,4.01,7117
MWTRADE,20170126,10.56,10.99,10.56,10.99,97
NETIA,20170126,4.56,4.58,4.50,4.58,166757
NEUCA,20170126,396.00,399.00,396.00,399.00,1060
NEWAG,20170126,17.50,17.60,17.26,17.30,18543
NOVITA,20170126,66.12,66.12,66.12,66.12,1
NOWAGALA,20170126,1.35,1.35,1.29,1.29,29718
NTTSYSTEM,20170126,2.98,2.98,2.87,2.90,5206
ODLEWNIE,20170126,4.70,4.77,4.65,4.75,5254
OEX,20170126,19.99,20.30,19.99,20.30,2229
OLYMPIC,20170126,9.19,9.19,9.19,9.19,50
OPENFIN,20170126,1.58,1.58,1.51,1.55,21756
OPENFIN-PDA,20170126,1.45,1.48,1.45,1.48,2429
OPERA3GR,20170126,249.88,251.60,249.88,251.60,121
OPONEO.PL,20170126,47.99,50.30,46.50,49.00,90332
OPTEAM,20170126,8.49,8.50,8.20,8.35,3068
ORANGEPL,20170126,5.48,5.53,5.40,5.46,4423861
ORBIS,20170126,74.80,74.88,73.80,73.80,1594
ORCOGROUP,20170126,1.01,1.05,1.01,1.01,23437
ORION,20170126,79.50,80.01,79.50,80.00,42
ORZBIALY,20170126,9.27,9.40,9.11,9.30,126006
OTLOG,20170126,20.00,20.20,19.60,20.00,479
OTMUCHOW,20170126,3.91,3.91,3.77,3.85,11029
OVOSTAR,20170126,86.95,86.95,86.95,86.95,10
PAGED,20170126,50.85,50.85,49.80,50.55,1015
PAMAPOL,20170126,1.46,1.50,1.44,1.50,7353
PANOVA,20170126,25.05,25.89,25.00,25.52,61442
PATENTUS,20170126,0.77,0.79,0.76,0.76,8120
PBG,20170126,2.80,2.81,2.72,2.79,34420
PBKM,20170126,58.51,59.00,57.55,57.60,1173
PCCEXOL,20170126,1.68,1.69,1.67,1.67,8665
PCCINTER,20170126,2.20,2.20,2.20,2.20,1898
PCCROKITA,20170126,69.00,69.70,68.60,68.85,923
PCM,20170126,35.24,35.77,34.91,34.91,2206
PEKABEX,20170126,11.03,11.59,10.53,11.00,20702
PEKAO,20170126,138.50,139.35,135.55,136.60,2044746
PELION,20170126,52.20,52.20,51.10,51.85,2914
PEMANAGER,20170126,58.00,58.00,57.00,57.00,1141
PEP,20170126,12.55,12.69,12.32,12.34,8033
PEPEES,20170126,1.21,1.21,1.14,1.18,25962
PETROLINV,20170126,8.49,8.92,8.41,8.59,57762
PFLEIDER,20170126,40.41,40.94,40.01,40.01,6527
PGE,20170126,10.63,11.25,10.60,11.04,9316269
PGNIG,20170126,5.57,5.60,5.50,5.55,4263783
PGODLEW,20170126,6.15,6.20,6.15,6.20,66
PGSSOFT,20170126,13.67,13.67,13.50,13.67,4041
PHN,20170126,16.10,16.80,16.10,16.41,3084
PKNORLEN,20170126,83.00,83.00,81.39,81.50,1487315
PKOBL1,20170126,105.00,105.00,103.52,103.52,184
PKOBP,20170126,31.70,32.24,31.62,31.62,3732365
PKOGS,20170126,108.00,108.00,107.52,108.00,890
PKPCARGO,20170126,54.00,54.05,53.40,53.70,68977
PLASTBOX,20170126,2.27,2.28,2.23,2.27,138099
PLATYNINW,20170126,0.87,0.90,0.87,0.89,9494
PLAYWAY,20170126,44.10,44.49,43.13,44.49,335
PLAZACNTR,20170126,12.00,12.18,11.11,12.15,8856
PMPG,20170126,4.20,4.28,4.11,4.28,3401
POLICE,20170126,23.35,23.35,21.52,22.85,1538
POLIMEXMS,20170126,4.50,4.60,4.28,4.51,2377661
POLMED,20170126,2.88,2.88,2.81,2.81,1400
POLNA,20170126,20.25,21.70,20.25,21.70,857
POLNORD,20170126,7.90,7.90,7.30,7.65,290019
POLWAX,20170126,18.00,18.00,17.80,17.87,9946
POZBUD,20170126,3.29,3.47,3.29,3.34,39355
PRAGMAFA,20170126,14.14,14.14,14.14,14.14,228
PRAGMAINK,20170126,10.50,10.50,10.35,10.43,3076
PRAIRIE,20170126,1.36,1.36,1.31,1.31,152742
PRIMAMODA,20170126,3.73,3.73,3.64,3.71,11508
PROCAD,20170126,1.61,1.62,1.56,1.61,15540
PROCHEM,20170126,18.47,18.47,18.00,18.45,1851
PROCHNIK,20170126,1.04,1.06,1.00,1.02,497146
PROJPRZEM,20170126,8.35,8.40,8.08,8.33,10195
PROTEKTOR,20170126,3.08,3.14,3.05,3.09,11043
PULAWY,20170126,199.00,199.00,195.00,197.90,125
PWRMEDIA,20170126,1.98,2.02,1.98,2.01,8780
PZU,20170126,35.80,35.97,35.33,35.50,1699959
PZUAKORD,20170126,111.50,111.50,111.50,111.50,85
QUANTUM,20170126,9.22,10.27,9.00,9.39,9867
QUERCUS,20170126,6.13,6.20,6.10,6.12,10051
QUMAK,20170126,5.56,5.67,5.42,5.50,15800
RADPOL,20170126,2.30,2.49,2.23,2.45,761692
RAFAKO,20170126,6.85,7.00,6.80,6.99,206673
RAFAMET,20170126,17.20,17.20,17.10,17.10,32
RAINBOW,20170126,30.00,30.45,29.50,29.50,25062
RANKPROGR,20170126,1.70,1.72,1.64,1.67,74949
RAWLPLUG,20170126,11.29,11.49,11.29,11.36,4174
RCAGRB10918,20170126,1081.50,1081.50,1080.90,1080.90,115
RCCOFAOPEN,20170126,3.32,3.34,3.32,3.34,5600
RCCOPPOPEN,20170126,11.20,11.20,11.15,11.15,764
RCCRUAOPEN,20170126,9.38,9.54,9.32,9.54,12765
RCFL2ESX,20170126,219.70,219.70,219.70,219.70,5
RCFL3ALR,20170126,202.70,202.70,202.70,202.70,35
RCFL3CCC,20170126,156.70,156.70,156.70,156.70,20
RCFL3COPP,20170126,21.16,21.16,21.16,21.16,100
RCFL3DBK,20170126,5.69,5.75,5.38,5.39,36220
RCFL3ENA,20170126,126.40,126.40,125.00,125.00,30
RCFL3ENG,20170126,181.40,230.80,181.40,226.70,163
RCFL3EUH,20170126,74.80,74.80,71.20,71.20,1100
RCFL3FDX,20170126,161.00,161.00,161.00,161.00,5
RCFL3GOLD,20170126,31.83,31.83,30.60,31.00,1081
RCFL3KGH,20170126,24.32,24.32,22.90,23.35,1390
RCFL3LTS,20170126,221.10,221.10,221.10,221.10,10
RCFL3MBK,20170126,125.20,125.90,118.60,118.60,414
RCFL3OIL,20170126,1.77,1.90,1.75,1.86,90422
RCFL3OIL2,20170126,206.30,210.00,206.30,210.00,88
RCFL3OPL,20170126,14.79,14.79,14.54,14.54,160
RCFL3PEO,20170126,37.00,37.00,37.00,37.00,150
RCFL3PGE,20170126,10.50,12.00,10.42,11.33,35373
RCFL3PKO,20170126,25.00,25.96,25.00,25.96,412
RCFL3PZU,20170126,49.91,49.91,49.91,49.91,30
RCFL3SILVE,20170126,7.90,7.90,7.59,7.67,21414
RCFL3W20,20170126,65.00,66.60,65.00,66.25,545
RCFL3WHT,20170126,10.10,10.10,10.10,10.10,148
RCFL4ESX,20170126,230.00,230.00,230.00,230.00,20
RCFL4OIL,20170126,14.28,14.50,14.28,14.50,478
RCFS2KGH,20170126,23.50,23.50,23.50,23.50,60
RCFS2OIL,20170126,162.50,162.50,162.50,162.50,11
RCFS2PKO,20170126,49.33,49.33,48.60,48.60,70
RCFS3ALR,20170126,34.30,34.30,33.99,33.99,110
RCFS3BMW,20170126,9.79,9.79,9.79,9.79,30
RCFS3DBK,20170126,19.98,21.43,19.98,21.43,3238
RCFS3FDX,20170126,18.11,18.13,18.10,18.13,2501
RCFS3GOLD,20170126,147.70,150.00,147.00,150.00,96
RCFS3KGH,20170126,5.45,5.82,5.34,5.69,16675
RCFS3MBK,20170126,55.60,59.10,55.60,59.10,90
RCFS3OIL,20170126,89.05,90.00,86.95,86.95,720
RCFS3OIL2,20170126,16.84,16.84,16.84,16.84,60
RCFS3PKN,20170126,1.67,1.69,1.63,1.68,147484
RCFS3PKO,20170126,23.62,23.68,22.99,23.39,2740
RCFS3SILVE,20170126,84.60,85.80,84.60,85.80,130
RCFS3TPE,20170126,45.01,45.01,45.01,45.01,36
RCFS3W20,20170126,54.00,54.00,52.95,52.95,2643
RCFS4ESX,20170126,3.11,3.11,2.95,2.95,11700
RCGBSH10120,20170126,948.40,948.40,948.40,948.40,10
RCGBSH10921,20170126,956.80,956.80,956.80,956.80,9
RCGBSH11119,20170126,948.70,948.70,948.70,948.70,30
RCGESX10119,20170126,1010.60,1010.60,1010.60,1010.60,60
RCGLDAOPEN,20170126,485.50,485.50,482.20,483.00,42
RCGNS010920,20170126,1022.30,1022.30,1021.50,1021.50,85
RCGSDG10219,20170126,1142.40,1142.40,1142.40,1142.40,80
RCGSXE021120,20170126,942.80,942.80,942.80,942.80,25
RCIDXB11018,20170126,1045.30,1045.30,1045.30,1045.30,30
RCKAOAOPEN,20170126,89.20,89.20,89.20,89.20,75
RCLLCOOPEN,20170126,12.83,12.99,12.83,12.99,515
RCLNAGOPEN,20170126,5.63,5.69,5.63,5.69,1056
RCNMBAOPEN,20170126,107.20,107.20,107.20,107.20,20
RCPKO10217,20170126,1043.10,1043.10,1043.10,1043.10,250
RCRTXAOPEN,20170126,93.00,93.00,93.00,93.00,400
RCSCRAOPEN,20170126,299.80,299.80,299.80,299.80,15
RCSDAXOPEN,20170126,111.80,111.80,110.80,111.80,171
RCSILAOPEN,20170126,67.95,68.45,67.95,68.45,34
RCTLKAO001,20170126,25.30,25.30,25.30,25.30,75
RCTLKAO002,20170126,16.80,16.80,16.39,16.55,799
RCTLKAO003,20170126,8.32,8.32,7.63,7.63,2120
RCTLWHT004,20170126,7.07,7.07,7.07,7.07,270
RCTSBZW004,20170126,7.75,7.75,7.75,7.75,700
RCTSGOLD13,20170126,8.20,8.20,8.13,8.13,646
RCTWW201219,20170126,1049.60,1049.60,1049.60,1049.60,150
RCTWW2012192,20170126,1060.90,1063.60,1060.90,1063.60,330
RCWHTAOPEN,20170126,5.85,5.85,5.80,5.83,1425
REDAN,20170126,2.24,2.24,2.20,2.23,3162
REDWOOD,20170126,1.13,1.13,1.13,1.13,10
RELPOL,20170126,9.10,9.10,9.02,9.02,937
REMAK,20170126,14.69,14.69,14.26,14.30,765
RESBUD,20170126,0.95,0.95,0.92,0.94,22439
ROBYG,20170126,3.15,3.16,2.98,3.00,1171124
RONSON,20170126,1.59,1.61,1.58,1.60,28480
ROPCZYCE,20170126,20.60,20.60,20.50,20.60,552
RUBICON,20170126,1.29,1.31,1.25,1.25,2468
SANOK,20170126,60.50,60.50,59.80,59.81,5428
SANTANDER,20170126,23.42,25.04,23.42,24.00,315
SARE,20170126,18.05,18.95,18.05,18.86,525
SECOGROUP,20170126,19.98,19.98,19.70,19.70,233
SEKO,20170126,7.00,7.00,6.75,6.75,860
SELENAFM,20170126,20.30,20.30,20.30,20.30,25
SELVITA,20170126,34.79,34.79,34.00,34.00,1427
SERINUS,20170126,1.53,1.55,1.47,1.53,256116
SETANTA,20170126,24.33,24.35,23.20,24.35,1060
SFINKS,20170126,2.62,2.63,2.50,2.51,151197
SILVANO,20170126,12.46,12.46,12.46,12.46,1000
SIMPLE,20170126,6.74,6.74,6.55,6.55,13275
SKARBIEC,20170126,29.05,29.47,29.05,29.10,3716
SKOTAN,20170126,0.64,0.66,0.62,0.66,466101
SKYLINE,20170126,0.67,0.67,0.61,0.61,3550
SNIEZKA,20170126,62.00,62.00,62.00,62.00,136
SOHODEV,20170126,1.52,1.52,1.49,1.50,2870
SOLAR,20170126,1.18,1.18,1.10,1.13,96634
SONEL,20170126,10.00,10.00,9.99,10.00,1130
STALEXP,20170126,4.16,4.17,4.09,4.16,80793
STALPROD,20170126,586.00,589.00,566.00,574.00,1112
STALPROFI,20170126,14.44,14.44,14.15,14.43,2900
STAPORKOW,20170126,3.58,3.82,3.58,3.70,7886
STARHEDGE,20170126,0.56,0.58,0.56,0.56,12757
STELMET,20170126,32.30,32.30,31.50,32.30,4641
SUNEX,20170126,3.30,3.30,3.24,3.25,2797
SUWARY,20170126,8.08,8.08,8.08,8.08,2
SWISSMED,20170126,1.29,1.31,1.29,1.31,3894
SYGNITY,20170126,5.91,5.91,5.63,5.68,13366
SYNEKTIK,20170126,15.00,15.00,14.90,15.00,202
SYNTHOS,20170126,5.94,5.98,5.89,5.95,2183646
TALEX,20170126,21.94,21.96,20.90,21.93,935
TARCZYNSKI,20170126,12.38,12.38,12.15,12.22,6576
TAURONPE,20170126,2.90,3.06,2.89,2.97,13210460
TERMOREX,20170126,2.35,2.45,2.35,2.45,210
TESGAS,20170126,3.12,3.12,3.05,3.05,1626
TIM,20170126,13.69,13.69,13.17,13.40,14032
TORPOL,20170126,13.28,13.30,12.90,13.28,46184
TOYA,20170126,5.93,5.93,5.93,5.93,7
TRAKCJA,20170126,16.20,16.47,15.80,15.89,105483
TRANSPOL,20170126,4.79,4.97,4.79,4.94,31317
TRIGONPP,20170126,136.49,137.49,136.19,137.49,456
TRIGONPP1,20170126,136.95,136.95,136.00,136.50,218
TRIGONPP2,20170126,136.50,136.50,136.50,136.50,2
TRIGONPP5,20170126,136.98,136.98,136.00,136.00,2
TRIGONPP6,20170126,145.00,145.00,145.00,145.00,2
TRITON,20170126,2.41,2.41,2.41,2.41,158
TXM-PDA,20170126,5.62,5.62,5.36,5.50,2045
ULMA,20170126,68.00,68.00,68.00,68.00,1
UNIBEP,20170126,10.79,10.90,10.79,10.79,2584
UNICREDIT,20170126,116.00,130.70,116.00,129.00,2665
UNIMA,20170126,3.52,3.53,3.47,3.52,3454
UNIWHEELS,20170126,237.70,237.70,233.50,236.00,14064
URSUS,20170126,2.41,2.44,2.41,2.43,104998
VANTAGE,20170126,3.48,3.48,3.43,3.46,1766
VIGOSYS,20170126,255.00,255.00,255.00,255.00,5
VINDEXUS,20170126,8.00,8.14,7.96,7.96,27747
VISTAL,20170126,8.98,9.00,8.98,9.00,3949
VISTULA,20170126,3.22,3.22,3.17,3.20,98383
VIVID,20170126,4.34,4.40,4.21,4.38,63211
VOTUM,20170126,11.56,12.00,11.56,11.97,1600
VOXEL,20170126,18.94,18.94,18.65,18.80,1184
WADEX,20170126,5.39,5.52,5.39,5.43,1083
WARIMPEX,20170126,3.60,3.60,3.60,3.60,1388
WASKO,20170126,1.58,1.60,1.56,1.58,310469
WAWEL,20170126,1129.00,1130.00,1103.50,1110.00,1603
WDX,20170126,6.80,6.80,6.80,6.80,518
WIELTON,20170126,13.43,13.50,13.18,13.35,58964
WIKANA,20170126,1.74,1.75,1.73,1.73,9065
WILBO,20170126,0.69,0.71,0.65,0.65,60526
WINVEST,20170126,2.04,2.04,1.90,2.04,106
WIRTUALNA,20170126,58.50,58.50,56.60,56.60,24930
WITTCHEN,20170126,16.81,18.50,16.81,18.50,4083
WOJAS,20170126,5.50,5.50,5.49,5.50,3353
WORKSERV,20170126,10.55,10.55,9.81,10.15,11013
XTB,20170126,9.50,9.95,9.31,9.31,437124
YOLO,20170126,7.14,7.50,6.96,7.50,9991
ZAMET,20170126,1.42,1.43,1.34,1.38,16742
ZEPAK,20170126,13.50,13.78,13.40,13.70,66906
ZPUE,20170126,393.95,395.00,384.00,395.00,48
ZUE,20170126,9.57,9.57,9.45,9.45,9547
ZYWIEC,20170126,445.00,449.00,441.00,449.00,57
INVESTORMS,20170126,4623.91,4626.62,4623.91,4626.62,392873.107
MWIG40,20170126,4658.25,4674.75,4640.52,4642.14,272177.474
RESPECT,20170126,2719.22,2733.54,2700.62,2711.80,1127200.445
SWIG80,20170126,15073.11,15092.20,15028.64,15047.46,74245.518
WIG,20170126,55802.64,55929.47,55488.43,55560.23,1644847.472
WIG-BANKI,20170126,6999.18,7019.77,6943.92,6943.92,612277.884
WIG-BUDOW,20170126,3113.01,3126.02,3098.28,3120.30,23300.552
WIG-CEE,20170126,934.71,937.64,931.58,937.64,10544.192
WIG-CHEMIA,20170126,16409.93,16512.89,16289.70,16400.18,26368.782
WIG-ENERG,20170126,2605.01,2766.44,2605.01,2711.51,274227.041
WIG-GORNIC,20170126,4458.26,4490.61,4374.59,4394.26,0.000
WIG-INFO,20170126,2267.29,2272.21,2248.81,2255.15,11818.591
WIG-LEKI,20170126,5677.63,5801.03,5588.30,5688.52,0.000
WIG-MEDIA,20170126,4808.35,4822.42,4763.29,4763.45,2539.303
WIG-MOTO,20170126,5596.28,5597.40,5513.45,5537.00,0.000
WIG-NRCHOM,20170126,1922.03,1923.08,1893.41,1894.00,0.000
WIG-ODZIEZ,20170126,5120.69,5151.18,5036.42,5059.84,0.000
WIG-PALIWA,20170126,5532.17,5532.17,5461.46,5467.68,160114.643
WIG-POLAND,20170126,56607.57,56650.74,56410.53,56410.53,1622285.728
WIG-SPOZYW,20170126,4731.61,4794.42,4709.24,4746.06,11051.367
WIG-TELKOM,20170126,730.70,733.38,722.41,728.05,41011.459
WIG-UKRAIN,20170126,634.93,634.93,627.41,628.25,8522.423
WIG20,20170126,2086.78,2101.66,2074.26,2080.40,1263747.867
WIG20LEV,20170126,600.86,609.40,593.68,597.20,1263747.867
WIG20SHORT,20170126,3739.25,3761.85,3712.40,3750.77,1263747.867
WIG20TR,20170126,3533.62,3542.84,3520.50,3520.50,1263747.867
WIG30,20170126,2430.24,2439.01,2412.39,2417.32,1465990.288
WIG30TR,20170126,4055.35,4061.80,4040.30,4040.30,1465990.288
WIGDIV,20170126,1114.55,1122.21,1105.78,1112.11,840336.290
