06MAGNA,20170602,0.29,0.32,0.29,0.31,26915
08OCTAVA,20170602,1.00,1.05,0.99,1.05,8081
11BIT,20170602,183.50,185.00,182.15,182.45,5469
4FUNMEDIA,20170602,5.85,5.85,5.79,5.80,3331
AATHOLD,20170602,18.80,18.80,18.80,18.80,1
ABADONRE,20170602,6.55,6.55,6.55,6.55,1150
ABCDATA,20170602,1.90,1.90,1.87,1.89,24684
ABMSOLID,20170602,13.80,16.69,13.80,15.00,3637
ABPL,20170602,35.83,35.83,35.81,35.81,45
ACAUTOGAZ,20170602,43.19,43.20,42.60,42.60,288
ACTION,20170602,3.84,4.06,3.76,3.93,120652
ADIUVO,20170602,27.49,27.49,27.49,27.49,2
AGORA,20170602,15.39,15.50,15.13,15.49,16358
AGROTON,20170602,6.49,6.80,6.37,6.70,36514
AILLERON,20170602,14.20,14.40,13.90,14.32,5291
AIRWAY,20170602,2.05,2.05,2.01,2.04,9309
ALCHEMIA,20170602,5.18,5.18,5.09,5.17,59405
ALIOR,20170602,62.80,63.99,62.20,63.30,1519854
ALMA,20170602,0.36,0.39,0.36,0.37,12282
ALTA,20170602,3.94,3.94,3.94,3.94,3
ALTUSTFI,20170602,16.76,16.76,16.70,16.71,885
ALUMETAL,20170602,62.90,62.90,62.60,62.70,1901
AMBRA,20170602,11.45,11.45,11.39,11.40,1603
AMICA,20170602,185.50,186.30,183.55,184.00,1232
AMREST,20170602,346.00,357.00,346.00,357.00,6668
APATOR,20170602,35.50,35.53,35.50,35.50,2186
APLISENS,20170602,13.26,13.26,12.41,13.20,662
APSENERGY,20170602,4.20,4.30,4.20,4.30,1232
ARCHICOM,20170602,15.85,16.00,15.70,16.00,3648
ARCTIC,20170602,4.55,4.55,4.47,4.48,28118
ARCUS,20170602,1.06,1.06,1.06,1.06,2340
ARKASWE17,20170602,98.51,98.95,97.25,98.95,151
ARTERIA,20170602,7.05,7.39,6.98,7.00,27292
ARTIFEX,20170602,15.50,15.50,15.10,15.35,486
ASBIS,20170602,2.45,2.50,2.45,2.48,42358
ASSECOBS,20170602,30.10,30.10,29.41,29.41,634
ASSECOPOL,20170602,51.56,51.56,49.45,50.64,209093
ASTARTA,20170602,67.15,67.15,64.80,65.49,6807
ATAL,20170602,40.80,40.80,40.01,40.75,349
ATENDE,20170602,5.49,5.63,5.49,5.50,2228
ATLANTAPL,20170602,4.70,4.73,4.70,4.73,153
ATLANTIS,20170602,0.67,0.69,0.67,0.68,12802
ATM,20170602,11.48,11.48,11.48,11.48,32
ATMGRUPA,20170602,4.44,4.60,4.35,4.45,7881
ATREM,20170602,3.00,3.00,3.00,3.00,145
AUTOPARTN,20170602,5.75,5.75,5.65,5.70,595997
AVIAAML,20170602,6.00,6.00,5.95,5.95,1330
AVIASG,20170602,20.39,20.39,20.39,20.39,2
AWBUD,20170602,6.97,7.09,6.97,7.00,4645
BALTONA,20170602,2.37,2.37,2.32,2.35,117
BBIDEV,20170602,0.73,0.79,0.73,0.78,260616
BEDZIN,20170602,24.48,24.48,24.00,24.00,10
BENEFIT,20170602,1066.95,1071.00,1061.00,1071.00,105
BETACOM,20170602,10.50,10.78,10.41,10.78,5273
BGZBNPP,20170602,69.00,69.00,64.23,64.23,50228
BIK,20170602,17.40,17.40,17.40,17.40,2
BIOMEDLUB,20170602,1.24,1.42,1.23,1.35,1692285
BIOTON,20170602,5.38,5.38,5.30,5.32,12191
BMPAG,20170602,7.15,7.15,6.66,7.15,999
BOGDANKA,20170602,64.53,65.40,64.00,64.00,5559
BORYSZEW,20170602,11.11,11.23,11.11,11.15,279261
BOS,20170602,10.88,10.89,10.77,10.89,14809
BOWIM,20170602,5.51,5.60,5.50,5.59,29897
BRASTER,20170602,15.63,15.77,15.23,15.76,7684
BRIJU,20170602,8.07,8.15,7.90,8.15,14308
BSCDRUK,20170602,37.39,37.39,37.39,37.39,400
BUDIMEX,20170602,241.00,245.00,238.50,239.85,12005
BUMECH,20170602,0.60,0.60,0.58,0.59,1231520
BYTOM,20170602,2.80,2.80,2.75,2.79,38653
BZWBK,20170602,340.95,345.95,338.35,344.00,35187
CALATRAVA,20170602,0.45,0.45,0.43,0.44,18602
CAPITAL,20170602,2.79,2.80,2.72,2.78,9164
CCC,20170602,213.00,222.00,212.85,220.50,90483
CDPROJEKT,20170602,82.20,82.89,81.00,82.00,239235
CDRL,20170602,32.50,32.50,32.39,32.39,5
CELTIC,20170602,5.31,5.72,5.15,5.72,14625
CEZ,20170602,70.87,71.50,70.87,70.95,1266
CFI,20170602,0.75,0.79,0.75,0.78,143545
CHEMOS,20170602,1.20,1.25,1.20,1.25,800
CIECH,20170602,69.75,70.59,69.01,69.59,39777
CIGAMES,20170602,0.91,0.99,0.87,0.99,4806866
CITYSERV,20170602,9.95,9.97,9.95,9.97,300
CLNPHARMA,20170602,33.95,35.85,33.95,35.20,21064
CNT,20170602,7.42,7.42,7.42,7.42,83
COALENERG,20170602,0.93,1.02,0.85,0.89,12502
COGNOR,20170602,1.65,1.70,1.65,1.66,19805
COLIAN,20170602,3.50,3.55,3.42,3.55,119437
COMARCH,20170602,224.00,225.00,223.00,223.95,151
COMP,20170602,64.99,67.00,64.99,65.49,299
CORMAY,20170602,2.92,2.99,2.86,2.98,165715
CPGROUP,20170602,6.20,6.20,6.20,6.20,1
CUBEITG,20170602,4.86,4.86,4.10,4.30,22672
CYFRPLSAT,20170602,27.34,27.39,26.68,27.14,271536
CZTOREBKA,20170602,0.76,0.79,0.75,0.79,19734
DEBICA,20170602,109.50,109.95,107.55,109.95,881
DECORA,20170602,10.82,11.34,10.80,11.24,21023
DEKPOL,20170602,19.00,20.00,18.90,19.90,618
DELKO,20170602,10.60,10.60,10.51,10.51,11132
DGA,20170602,5.78,5.78,5.45,5.78,2972
DINOPL,20170602,43.70,46.22,43.70,45.00,457453
DOMDEV,20170602,76.25,76.36,75.70,76.10,21643
DREWEX,20170602,1.45,1.45,1.45,1.45,1121
DROZAPOL,20170602,2.03,2.03,1.95,1.95,4716
ECHO,20170602,5.39,5.42,5.34,5.38,51107
EDINVEST,20170602,1.92,2.01,1.88,1.88,8315
EFEKT,20170602,28.30,28.45,26.51,26.71,4503
EKOEXPORT,20170602,12.99,13.19,12.62,13.19,5679
ELBUDOWA,20170602,120.80,121.00,119.20,121.00,1250
ELEKTROTI,20170602,14.20,14.20,14.00,14.00,306
ELEMENTAL,20170602,3.53,3.53,3.37,3.42,240746
ELKOP,20170602,0.28,0.30,0.27,0.30,738667
ELZAB,20170602,15.56,15.56,14.76,15.10,1498
EMCINSMED,20170602,10.34,10.34,10.34,10.34,1
EMPERIA,20170602,87.01,87.20,85.01,86.00,2584
ENAP,20170602,1.04,1.04,1.04,1.04,1153
ENEA,20170602,11.73,11.95,11.70,11.93,219565
ENELMED,20170602,11.02,11.02,11.00,11.00,3090
ENERGA,20170602,10.10,10.10,9.89,9.98,1347100
ENERGOINS,20170602,1.06,1.09,1.04,1.07,11400
ENTER,20170602,30.80,30.80,30.20,30.60,141
ERBUD,20170602,33.20,33.20,32.50,32.50,42
ERG,20170602,65.49,65.82,64.00,65.10,261
ERGIS,20170602,6.39,6.39,6.29,6.39,7029
ESOTIQ,20170602,10.68,10.68,10.01,10.40,260
ESSYSTEM,20170602,2.62,2.62,2.62,2.62,330
ETFDAX,20170602,510.89,513.69,510.21,513.69,1062
ETFSP500,20170602,92.87,95.05,92.70,92.70,627
ETFW20L,20170602,271.84,271.86,270.40,271.49,112
EUCO,20170602,33.91,33.97,33.26,33.90,2498
EUROCASH,20170602,30.91,31.16,30.51,30.88,801076
EUROTEL,20170602,22.20,22.47,22.20,22.20,8360
FAM,20170602,4.18,4.22,4.18,4.19,37613
FAMUR,20170602,5.64,5.70,5.50,5.50,63599
FASING,20170602,15.09,15.09,15.09,15.09,90
FASTFIN,20170602,1.56,1.57,1.55,1.57,5722
FEERUM,20170602,17.60,17.60,17.60,17.60,10
FERRO,20170602,18.50,18.55,18.01,18.55,1217
FERRUM,20170602,4.10,4.10,4.00,4.10,6705
FON,20170602,0.26,0.28,0.26,0.27,538073
FORTE,20170602,77.45,78.99,76.85,76.85,36404
FORTUNA,20170602,18.43,18.90,18.42,18.88,451
FOTA,20170602,0.86,0.86,0.86,0.86,12
GEKOPLAST,20170602,12.40,13.30,12.00,13.30,1064
GETIN,20170602,1.35,1.36,1.33,1.34,243640
GETINOBLE,20170602,1.50,1.53,1.49,1.50,310937
GINOROSSI,20170602,2.03,2.19,2.03,2.18,146930
GLCOSMED,20170602,3.81,3.81,3.54,3.65,19996
GOBARTO,20170602,7.26,7.39,7.26,7.39,12
GORENJE,20170602,28.79,28.79,28.79,28.79,1
GPRE,20170602,5.60,5.60,5.46,5.52,25483
GPW,20170602,46.74,48.50,46.39,48.50,73161
GROCLIN,20170602,11.28,11.34,11.00,11.30,6841
GRODNO,20170602,8.05,8.12,7.62,8.12,5095
GRUPAAZOTY,20170602,63.59,65.60,63.30,65.07,27366
GTC,20170602,9.30,9.45,9.25,9.25,128063
HANDLOWY,20170602,71.58,72.65,70.60,70.90,44026
HARPER,20170602,1.01,1.01,1.01,1.01,32
HELIO,20170602,18.00,18.00,17.70,17.99,2616
HERKULES,20170602,4.11,4.16,4.11,4.15,15247
HUBSTYLE,20170602,0.89,0.89,0.84,0.85,34126
HYDROTOR,20170602,39.99,40.00,38.52,40.00,149
HYPERION,20170602,3.38,3.38,3.24,3.24,201
I2DEV,20170602,17.01,17.27,16.80,17.27,868
IALBGR,20170602,1.28,1.34,1.20,1.30,310008
IDEABANK,20170602,24.12,24.45,24.12,24.45,796
IFCAPITAL,20170602,0.58,0.62,0.58,0.62,12080
IFSA,20170602,0.40,0.43,0.40,0.43,54775
IIAAV,20170602,8.51,8.53,8.50,8.50,130
IMCOMPANY,20170602,10.70,10.70,10.68,10.70,1202
IMMOBILE,20170602,3.70,3.70,3.64,3.70,1316
IMPEL,20170602,23.70,24.20,23.00,23.00,607
IMPERA,20170602,1.42,1.42,1.42,1.42,733
IMPEXMET,20170602,4.39,4.43,4.36,4.37,60567
IMS,20170602,3.38,3.38,3.36,3.38,3128
INC,20170602,1.83,1.90,1.83,1.90,24090
INDATA,20170602,0.56,0.56,0.55,0.56,97350
INDYGO,20170602,0.55,0.59,0.55,0.58,5327
INDYKPOL,20170602,54.20,58.98,53.00,56.79,1785
INGBSK,20170602,181.85,185.30,179.90,184.25,12299
INPRO,20170602,5.03,5.03,5.03,5.03,397
INSTALKRK,20170602,16.18,16.47,16.16,16.47,6835
INTERAOLT,20170602,11.45,11.60,11.26,11.50,1361
INTERBUD,20170602,0.90,0.90,0.85,0.89,16300
INTERCARS,20170602,319.00,320.50,318.95,320.50,208
INTERFERI,20170602,4.05,4.05,4.05,4.05,989
INTERSPPL,20170602,2.74,2.74,2.72,2.72,127
INTLBCO12542,20170602,82.85,82.85,81.95,81.95,3020
INTLBCO12559,20170602,56.15,57.20,55.15,57.20,430
INTLBCO12567,20170602,60.75,62.10,60.25,61.20,24138
INTLBCO12674,20170602,46.02,46.02,46.02,46.02,49
INTLBCO13243,20170602,39.51,39.51,37.42,38.60,283
INTLBCO13334,20170602,26.01,26.01,26.01,26.01,6
INTLBCO13854,20170602,20.00,20.23,17.71,19.75,2044
INTLBCO18846,20170602,11.04,11.04,11.04,11.04,100
INTLBMW03814,20170602,12.29,12.29,12.29,12.29,490
INTLDAX18622,20170602,36.00,36.00,36.00,36.00,207
INTLDAX18697,20170602,28.00,30.18,26.99,28.35,1810
INTLEUR18739,20170602,17.83,17.83,17.83,17.83,75
INTLEUR18747,20170602,23.90,23.90,23.90,23.90,43
INTLGLD09621,20170602,80.00,80.00,80.00,80.00,25
INTLGLD09746,20170602,91.15,91.15,90.40,90.40,260
INTLGLD11726,20170602,110.90,110.90,110.90,110.90,25
INTLGLD18317,20170602,43.64,47.55,43.64,47.55,275
INTLKGH17293,20170602,23.95,23.95,23.95,23.95,10
INTLKGH17459,20170602,15.71,15.71,15.71,15.71,590
INTLNAG13185,20170602,1.69,1.69,1.53,1.53,120
INTLNAG18192,20170602,2.66,2.66,2.66,2.66,6500
INTLNDX18879,20170602,27.84,27.84,27.83,27.83,224
INTLNKX17061,20170602,126.20,126.20,126.20,126.20,2
INTLOPL18309,20170602,0.99,1.03,0.99,1.03,785
INTLPGE17277,20170602,2.38,2.53,2.38,2.53,3300
INTLPKN18390,20170602,12.69,13.59,12.69,13.14,2500
INTLPKO18812,20170602,5.06,5.06,5.06,5.06,1078
INTLSLV12955,20170602,12.32,12.32,12.32,12.32,50
INTLSLV13227,20170602,10.81,10.81,10.81,10.81,300
INTLSLV13706,20170602,8.00,8.91,7.61,8.91,4883
INTLUSD03731,20170602,35.69,35.69,35.22,35.22,194
INTLUSD05041,20170602,45.60,45.60,45.39,45.39,519
INTLUSD05611,20170602,30.37,30.54,30.37,30.54,277
INTLUSD05850,20170602,20.40,20.40,20.40,20.40,10
INTLUSD06098,20170602,16.62,16.62,14.62,15.16,114
INTLUSD06304,20170602,9.06,9.06,9.06,9.06,110
INTLUSJ18762,20170602,23.76,23.76,23.76,23.76,40
INTLW2017764,20170602,2.05,2.10,2.05,2.10,4100
INTLW2017772,20170602,2.33,2.33,2.33,2.33,1000
INTLW2017905,20170602,1.85,1.85,1.85,1.85,60
INTLW2018499,20170602,1.59,1.59,1.59,1.59,2500
INTLW2018614,20170602,1.40,1.40,1.29,1.29,9231
INTROL,20170602,7.60,7.60,7.50,7.50,2421
INTSBCO10181,20170602,67.80,67.80,67.80,67.80,50
INTSBCO11353,20170602,58.00,58.00,57.70,57.70,91
INTSBCO11676,20170602,46.75,46.75,46.75,46.75,60
INTSBCO18606,20170602,37.31,38.11,36.00,36.00,375
INTSDAX08193,20170602,32.71,32.71,27.70,29.33,1142
INTSDAX18424,20170602,67.50,67.50,62.40,64.40,766
INTSDAX18853,20170602,20.60,20.60,16.65,18.95,591
INTSDOW17434,20170602,57.50,57.90,56.15,57.30,133
INTSDOW18119,20170602,100.50,100.50,100.50,100.50,25
INTSGLD15917,20170602,36.90,36.90,36.90,36.90,50
INTSHSC08516,20170602,12.65,12.65,12.65,12.65,1320
INTSKGH18804,20170602,32.50,34.90,32.50,34.90,772
INTSNDX18721,20170602,13.98,13.98,13.10,13.10,170
INTSNKX07971,20170602,31.45,36.39,31.45,36.39,220
INTSOPL18010,20170602,1.19,1.19,1.19,1.19,418
INTSPGE15636,20170602,2.58,2.58,2.58,2.58,4000
INTSPKN18325,20170602,26.73,27.25,26.73,27.25,74
INTSPKO02741,20170602,7.99,7.99,7.99,7.99,150
INTSPKO02980,20170602,10.95,10.95,10.95,10.95,188
INTSPKO05447,20170602,4.96,4.96,4.80,4.81,1900
INTSPZU06338,20170602,8.49,8.49,8.49,8.49,100
INTSRDX02113,20170602,19.13,19.13,18.76,18.76,200
INTSSLV18770,20170602,7.16,7.16,6.02,6.20,5050
INTSSP517921,20170602,9.83,9.85,9.74,9.74,759
INTSSPX17855,20170602,4.82,5.18,4.82,5.18,2150
INTSUSD18887,20170602,21.81,21.81,21.04,21.04,60
INTSUSJ18135,20170602,19.11,21.30,19.11,21.30,34
INTSW2000745,20170602,2.47,2.47,2.47,2.47,500
INTSW2003194,20170602,4.16,4.16,4.16,4.16,2600
INTSW2018671,20170602,1.81,1.89,1.75,1.86,9619
INTSW2018689,20170602,2.20,2.20,2.20,2.20,3081
INVCEEFIZ,20170602,500.00,500.00,500.00,500.00,15
INVGLDFIZ,20170602,1452.00,1452.00,1452.00,1452.00,3
INVISTA,20170602,1.27,1.28,1.27,1.28,1055
IPOPEMA,20170602,2.09,2.09,2.01,2.08,1701
IZOBLOK,20170602,165.40,168.10,165.10,165.10,1122
IZOLACJA,20170602,1.81,1.81,1.74,1.81,153
IZOSTAL,20170602,5.89,5.89,5.89,5.89,100
JHMDEV,20170602,1.50,1.53,1.49,1.53,23100
JSW,20170602,69.95,70.28,67.02,67.31,401884
JWCONSTR,20170602,4.62,4.65,4.58,4.58,220
JWWINVEST,20170602,2.71,2.71,2.71,2.71,154
K2INTERNT,20170602,15.70,15.70,14.40,14.98,3637
KANIA,20170602,1.97,2.00,1.97,2.00,6139
KBDOM,20170602,3.75,3.75,3.66,3.75,152
KCI,20170602,0.87,0.92,0.80,0.83,226065
KERNEL,20170602,68.00,69.00,68.00,69.00,25831
KETY,20170602,429.35,429.35,422.20,424.65,1450
KGHM,20170602,109.00,110.05,106.80,108.55,540680
KGL,20170602,25.95,25.95,25.95,25.95,1
KINOPOL,20170602,13.09,13.16,13.09,13.16,1000
KOGENERA,20170602,102.10,102.10,99.61,99.61,422
KOMPUTRON,20170602,6.39,6.39,6.36,6.38,7736
KONSSTALI,20170602,35.40,35.40,35.40,35.40,1
KOPEX,20170602,3.60,3.60,3.45,3.54,57857
KRAKCHEM,20170602,2.68,2.68,2.68,2.68,1
KREC,20170602,6.08,6.08,6.03,6.08,112
KREDYTIN,20170602,20.20,20.20,20.20,20.20,3
KREZUS,20170602,1.24,1.27,1.21,1.24,32805
KRUK,20170602,312.00,321.60,311.70,320.50,28865
KRVITAMIN,20170602,5.94,5.94,5.75,5.94,1283
KSGAGRO,20170602,2.76,2.78,2.71,2.77,1940
LABOPRINT,20170602,8.40,8.40,8.40,8.40,1
LARQ,20170602,19.97,20.01,19.80,19.94,1544
LCCORP,20170602,2.03,2.05,2.02,2.05,10246
LENA,20170602,4.70,4.71,4.51,4.65,47281
LENTEX,20170602,11.10,11.19,10.96,11.10,20845
LIBET,20170602,2.19,2.19,2.14,2.14,4066
LIVECHAT,20170602,55.49,56.60,55.20,55.45,9588
LOKUM,20170602,15.78,15.97,15.65,15.97,311
LOTOS,20170602,54.57,54.92,54.12,54.75,218749
LPP,20170602,6368.30,6669.75,6360.15,6650.00,3245
LSISOFT,20170602,12.40,12.40,12.30,12.40,773
LUBAWA,20170602,1.20,1.24,1.20,1.23,128969
MABION,20170602,95.11,97.69,95.00,96.01,5541
MAKARONPL,20170602,5.93,6.12,5.93,6.12,201
MANGATA,20170602,126.00,126.00,126.00,126.00,7
MARVIPOL,20170602,12.80,13.16,12.80,13.08,1356
MASTERPHA,20170602,6.30,6.37,6.12,6.37,38
MBANK,20170602,430.40,444.00,428.15,444.00,12855
MBWS,20170602,67.00,67.00,67.00,67.00,1
MCI,20170602,9.44,9.66,9.44,9.55,24044
MCLOGIC,20170602,58.29,58.50,57.96,58.50,1370
MDIENERGIA,20170602,3.55,3.65,3.52,3.65,6033
MEDIACAP,20170602,2.73,2.73,2.73,2.73,193
MEDICALG,20170602,286.45,286.45,283.95,285.50,3122
MEDYCZNYFIZ,20170602,95.00,95.00,95.00,95.00,50
MENNICA,20170602,19.50,19.50,19.50,19.50,7976
MERCATOR,20170602,19.48,19.97,19.06,19.85,5066
MERCOR,20170602,10.97,10.97,10.68,10.68,1030
MEXPOLSKA,20170602,7.47,7.47,7.47,7.47,2307
MFO,20170602,44.50,44.99,44.14,44.98,974
MILKILAND,20170602,1.81,1.86,1.81,1.82,9207
MILLENNIUM,20170602,7.00,7.11,7.00,7.09,279030
MIRBUD,20170602,1.24,1.27,1.24,1.27,165138
MLPGROUP,20170602,49.90,49.90,47.50,49.80,182
MOJ,20170602,0.80,0.81,0.80,0.80,24169
MOL,20170602,300.45,304.00,300.45,304.00,9
MONNARI,20170602,8.75,8.84,8.70,8.83,16923
MOSTALPLC,20170602,12.59,12.59,12.10,12.47,1676
MOSTALWAR,20170602,11.61,11.69,11.30,11.50,1987
MOSTALZAB,20170602,0.88,0.91,0.88,0.91,211128
MUZA,20170602,3.31,3.31,3.31,3.31,1200
MWTRADE,20170602,7.35,7.40,7.35,7.40,62
NETIA,20170602,4.54,4.56,4.52,4.55,90133
NETMEDIA,20170602,6.90,6.90,6.90,6.90,10
NEUCA,20170602,381.90,381.90,376.20,379.60,4714
NEWAG,20170602,17.65,17.78,17.11,17.20,4935
NORTCOAST,20170602,7.00,7.50,7.00,7.50,1133
NOVITA,20170602,55.01,55.02,54.40,54.40,145
NOWAGALA,20170602,2.13,2.13,2.13,2.13,500
NTTSYSTEM,20170602,2.23,2.23,2.16,2.23,5499
ODLEWNIE,20170602,4.03,4.03,3.96,3.96,2754
OEX,20170602,20.80,20.80,20.42,20.70,3097
OPENFIN,20170602,2.20,2.25,2.18,2.25,11706
OPERA3GR,20170602,314.99,315.01,314.99,315.01,65
OPONEO.PL,20170602,45.49,45.49,44.42,44.70,3982
OPTEAM,20170602,6.94,6.94,6.70,6.93,1442
ORANGEPL,20170602,4.76,4.86,4.75,4.83,2840013
ORBIS,20170602,89.00,89.00,86.05,86.05,1085
ORION,20170602,78.00,78.00,78.00,78.00,1
ORZBIALY,20170602,14.39,14.39,14.11,14.17,2276
OTLOG,20170602,22.00,22.00,21.40,21.40,1222
OTMUCHOW,20170602,3.91,3.96,3.85,3.96,7963
OVOSTAR,20170602,99.00,99.00,99.00,99.00,14
PAGED,20170602,59.00,59.00,57.71,58.00,458
PAMAPOL,20170602,1.37,1.42,1.37,1.42,2001
PANOVA,20170602,25.10,25.29,24.20,25.29,1849
PATENTUS,20170602,0.70,0.70,0.70,0.70,2000
PBG,20170602,3.05,3.38,2.96,3.38,141533
PBKM,20170602,58.69,58.69,57.50,57.96,3395
PCCEXOL,20170602,1.92,1.92,1.89,1.90,9918
PCCINTER,20170602,2.35,2.35,2.35,2.35,295
PCCROKITA,20170602,86.11,87.38,86.00,87.05,1451
PCM,20170602,34.10,34.28,34.10,34.28,18000
PEKABEX,20170602,10.58,10.58,10.00,10.00,3406
PEKAO,20170602,137.20,138.00,135.00,135.10,669254
PELION,20170602,58.77,58.77,58.77,58.77,531
PEMANAGER,20170602,50.61,51.90,50.23,51.00,675
PEP,20170602,11.47,11.47,11.25,11.39,4071
PEPEES,20170602,1.37,1.39,1.37,1.39,13983
PETROLINV,20170602,3.08,3.23,2.51,2.75,906711
PFLEIDER,20170602,43.55,44.30,43.55,44.00,2276
PGE,20170602,11.35,11.64,11.27,11.64,2503983
PGNIG,20170602,6.58,6.61,6.51,6.58,1462401
PGODLEW,20170602,6.00,6.00,6.00,6.00,20
PGSSOFT,20170602,14.45,14.45,14.25,14.35,6531
PHN,20170602,15.74,15.75,15.45,15.75,213
PKNORLEN,20170602,105.50,107.00,104.65,105.75,638693
PKOBP,20170602,35.59,35.93,35.40,35.77,1536627
PKOGS,20170602,104.50,104.50,104.50,104.50,600
PKOSO,20170602,104.90,104.90,104.81,104.81,100
PKPCARGO,20170602,60.00,62.59,60.00,62.00,56537
PLASTBOX,20170602,2.43,2.43,2.32,2.32,401
PLATYNINW,20170602,0.81,0.81,0.81,0.81,100
PLAYWAY,20170602,58.99,58.99,57.75,57.85,186
PMPG,20170602,3.88,4.07,3.88,4.05,20498
POLICE,20170602,20.50,20.50,20.21,20.50,304
POLIMEXMS,20170602,6.33,7.09,6.27,7.09,1965634
POLMED,20170602,2.74,2.74,2.63,2.63,42455
POLNA,20170602,20.30,20.30,20.24,20.24,484
POLNORD,20170602,9.50,9.50,9.23,9.36,23025
POLWAX,20170602,14.91,15.08,14.56,14.80,19924
POZBUD,20170602,2.62,2.62,2.53,2.57,57974
PRAGMAFA,20170602,14.11,14.12,14.11,14.11,120
PRAGMAINK,20170602,9.95,10.18,9.87,10.00,1327
PRAIRIE,20170602,1.52,1.52,1.48,1.51,96602
PRIMAMODA,20170602,4.41,4.55,4.41,4.55,3259
PROCAD,20170602,1.44,1.44,1.40,1.44,7507
PROCHEM,20170602,17.99,17.99,17.99,17.99,2
PROCHNIK,20170602,0.87,0.88,0.85,0.86,111242
PROJPRZEM,20170602,8.70,8.70,8.70,8.70,2
PROTEKTOR,20170602,3.43,3.59,3.42,3.55,14116
PULAWY,20170602,174.90,175.00,173.00,173.00,845
PWRMEDIA,20170602,3.23,3.36,3.15,3.20,12303
PZU,20170602,44.71,45.01,44.60,44.95,2700932
PZUAKORD,20170602,109.70,109.70,109.70,109.70,200
QMULTIFIZ,20170602,1090.00,1094.90,1077.00,1077.00,16
QUANTUM,20170602,15.50,16.04,14.81,15.32,3044
QUERCUS,20170602,6.62,6.62,6.52,6.53,9439
QUMAK,20170602,3.29,3.30,3.23,3.25,5458
RADPOL,20170602,2.32,2.35,2.32,2.35,1476
RAFAKO,20170602,7.93,8.00,7.93,8.00,70943
RAFAMET,20170602,14.30,14.55,14.30,14.31,128
RAINBOW,20170602,44.04,44.04,43.05,43.23,3390
RANKPROGR,20170602,1.99,2.12,1.99,2.04,147475
RAWLPLUG,20170602,12.00,12.19,11.95,12.14,3669
RCCOCOOPEN,20170602,75.20,75.20,75.20,75.20,25
RCCOPPOPEN,20170602,9.59,9.59,9.59,9.59,419
RCCORAOPEN,20170602,8.90,8.90,8.90,8.90,88
RCCRUAOPEN,20170602,7.58,7.58,7.45,7.48,32347
RCESX500819,20170602,1022.10,1022.10,1022.10,1022.10,50
RCESXE290920,20170602,1094.80,1094.80,1094.80,1094.80,100
RCFL2SIE,20170602,193.20,193.20,193.20,193.20,3
RCFL3ACP,20170602,73.10,73.10,66.95,66.95,162
RCFL3ALR,20170602,193.80,194.70,188.00,194.70,190
RCFL3CCC,20170602,170.70,170.70,170.70,170.70,10
RCFL3COCO,20170602,7.44,7.44,7.17,7.17,1095
RCFL3COFF,20170602,5.00,5.00,4.95,4.95,8000
RCFL3COPP,20170602,15.20,15.20,15.12,15.12,173
RCFL3FDX,20170602,188.00,188.00,188.00,188.00,650
RCFL3GOLD,20170602,33.00,33.56,32.55,33.56,1260
RCFL3KGH,20170602,13.50,13.77,13.40,13.77,4750
RCFL3LPP,20170602,351.20,351.20,351.20,351.20,5
RCFL3OIL,20170602,1.06,1.06,0.99,1.03,848990
RCFL3OIL2,20170602,120.40,120.40,115.00,118.90,353
RCFL3OPL,20170602,8.84,9.17,8.75,8.90,1654
RCFL3PEO,20170602,35.48,35.48,35.28,35.28,3320
RCFL3PKN,20170602,331.60,331.60,315.60,315.60,19
RCFL3SILVE,20170602,7.09,7.41,7.00,7.41,16256
RCFL3W20,20170602,86.75,86.75,86.75,86.75,25
RCFL4OIL,20170602,6.64,6.64,6.07,6.35,16543
RCFS2BAS,20170602,24.97,24.99,24.97,24.99,315
RCFS2BZW,20170602,72.60,72.60,72.60,72.60,4
RCFS2CPS,20170602,76.85,76.85,76.85,76.85,4
RCFS3BMW,20170602,8.48,8.48,8.48,8.48,250
RCFS3COCO,20170602,7.52,7.52,7.52,7.52,356
RCFS3COPP,20170602,4.87,4.87,4.85,4.85,9227
RCFS3DTE,20170602,3.27,3.27,3.27,3.27,200
RCFS3ENG,20170602,25.90,26.72,25.90,26.72,200
RCFS3FDX,20170602,13.70,13.73,13.70,13.73,1340
RCFS3KGH,20170602,6.42,6.69,6.42,6.50,20965
RCFS3LPP,20170602,9.62,9.62,9.62,9.62,30
RCFS3OIL,20170602,109.00,112.00,108.00,109.60,283
RCFS3OPL,20170602,61.35,61.35,61.35,61.35,50
RCFS3PKO,20170602,13.47,13.47,13.47,13.47,300
RCFS3PZU,20170602,5.79,5.88,5.79,5.88,749
RCFS3SIE,20170602,5.59,5.59,5.58,5.58,2070
RCFS3SILVE,20170602,71.75,71.75,71.75,71.75,20
RCFS3W20,20170602,37.10,37.86,36.42,36.42,818
RCFS4ESX,20170602,1.85,1.90,1.77,1.90,43397
RCFS4OIL,20170602,5.14,5.14,5.14,5.14,300
RCGBSH10120,20170602,1005.10,1005.10,1005.10,1005.10,50
RCGBSH10520,20170602,1073.10,1073.30,1073.10,1073.30,102
RCGBSH10921,20170602,989.10,989.10,989.10,989.10,1
RCGBSK0721,20170602,972.90,972.90,972.90,972.90,6
RCGCOMB0221,20170602,1034.10,1034.10,1034.10,1034.10,150
RCGCOMB1120,20170602,1030.30,1030.30,1030.30,1030.30,100
RCGESX10119,20170602,1041.50,1041.50,1041.50,1041.50,20
RCGNS010920,20170602,1075.30,1075.30,1075.30,1075.30,5
RCGSD3E0822,20170602,985.60,985.60,985.60,985.60,28
RCGSXHC0122,20170602,1000.00,1000.00,999.40,999.40,210
RCLLCOOPEN,20170602,10.25,10.25,10.25,10.25,2921
RCLNAGOPEN,20170602,4.22,4.22,4.19,4.22,8000
RCSCRAOPEN,20170602,314.10,314.10,314.10,314.10,100
RCSDAXOPEN,20170602,98.90,98.90,98.90,98.90,13
RCSDGP0717,20170602,1207.60,1207.60,1207.60,1207.60,100
RCSILAOPEN,20170602,64.15,64.15,64.00,64.00,110
RCSUGAOPEN,20170602,3.21,3.21,3.21,3.21,427
RCTLWIG003,20170602,7.77,7.77,7.77,7.77,1300
REDAN,20170602,1.75,1.75,1.75,1.75,1517
REDWOOD,20170602,0.83,0.85,0.83,0.85,1062
RELPOL,20170602,8.71,8.97,8.71,8.97,2000
REMAK,20170602,17.50,18.00,17.50,18.00,561
RESBUD,20170602,0.70,0.70,0.69,0.69,4640
ROBYG,20170602,3.41,3.41,3.39,3.40,40541
RONSON,20170602,1.72,1.72,1.69,1.71,6071
ROPCZYCE,20170602,21.99,22.00,21.97,22.00,1497
RUBICON,20170602,1.21,1.21,1.21,1.21,4
SANOK,20170602,69.00,69.00,66.83,66.83,2086
SANTANDER,20170602,24.70,24.70,24.70,24.70,2
SARE,20170602,25.40,25.40,23.70,23.70,2216
SEKO,20170602,7.59,7.59,7.59,7.59,7
SELENAFM,20170602,20.17,20.17,20.17,20.17,3
SELVITA,20170602,59.00,61.20,58.12,60.80,12063
SERINUS,20170602,1.08,1.09,1.04,1.07,113651
SFINKS,20170602,1.80,1.94,1.79,1.93,185154
SILVANO,20170602,11.00,11.80,11.00,11.20,4682
SKARBIEC,20170602,32.50,32.58,31.50,31.60,24248
SKOTAN,20170602,0.48,0.52,0.47,0.50,596424
SKYLINE,20170602,0.73,0.78,0.73,0.78,8320
SNIEZKA,20170602,68.10,68.10,68.05,68.05,235
SOHODEV,20170602,1.80,1.80,1.77,1.77,13441
SOLAR,20170602,1.02,1.05,1.00,1.05,3454
SONEL,20170602,9.63,9.63,9.63,9.63,300
STALEXP,20170602,3.86,3.86,3.81,3.84,174159
STALPROD,20170602,525.00,525.00,516.00,516.60,505
STALPROFI,20170602,15.21,15.37,15.10,15.37,1950
STARHEDGE,20170602,0.50,0.50,0.45,0.46,62639
STELMET,20170602,27.60,28.26,27.20,28.26,527
SUWARY,20170602,10.00,10.00,9.90,9.90,2
SWISSMED,20170602,1.12,1.12,1.03,1.03,970
SYGNITY,20170602,5.50,5.60,5.36,5.40,11651
SYNEKTIK,20170602,15.45,15.45,15.01,15.45,1262
SYNTHOS,20170602,4.75,4.79,4.72,4.75,604871
TALANX,20170602,128.50,128.50,128.50,128.50,9
TALEX,20170602,19.40,20.00,19.20,19.25,895
TARCZYNSKI,20170602,10.90,11.34,10.81,11.00,2747
TATRY,20170602,113.10,113.10,113.00,113.00,285
TAURONPE,20170602,3.39,3.44,3.36,3.42,1810793
TIM,20170602,10.40,10.45,10.40,10.45,2
TORPOL,20170602,12.42,12.42,12.25,12.30,3727
TOYA,20170602,7.50,7.50,7.50,7.50,77
TRAKCJA,20170602,15.80,15.80,15.09,15.35,75736
TRANSPOL,20170602,6.35,6.35,5.92,6.15,7547
TRIGONPP,20170602,138.70,138.70,138.70,138.70,1
TRIGONPP2,20170602,138.00,138.00,138.00,138.00,1
TRIGONPP3,20170602,137.99,137.99,137.99,137.99,1
TRIGONPP4,20170602,137.00,137.00,136.00,136.00,31
TRIGONPP5,20170602,136.00,136.00,136.00,136.00,1
TRIGONPP6,20170602,139.49,139.49,139.49,139.49,1
TRIGONPP7,20170602,138.83,138.83,138.83,138.83,1
TRIGONPP8,20170602,136.31,136.31,136.31,136.31,1
TRITON,20170602,3.68,3.79,3.68,3.77,6635
TXM,20170602,4.10,4.10,4.10,4.10,1
ULMA,20170602,70.00,74.00,67.65,74.00,536
UNIBEP,20170602,14.27,14.27,14.00,14.15,1123
UNICREDIT,20170602,66.94,68.01,65.10,66.17,2226
UNIMA,20170602,3.34,3.52,3.30,3.52,5302
UNIMOT,20170602,44.00,44.00,43.50,43.88,3351
UNIWHEELS,20170602,248.00,250.00,244.50,250.00,16175
URSUS,20170602,5.09,5.28,5.08,5.19,864551
VANTAGE,20170602,3.70,3.70,3.70,3.70,2
VIGOSYS,20170602,368.00,376.00,367.00,375.10,14
VINDEXUS,20170602,9.22,9.69,9.22,9.65,73229
VISTAL,20170602,6.77,6.89,6.72,6.84,1734
VISTULA,20170602,3.50,3.51,3.34,3.44,39734
VIVID,20170602,3.21,3.30,3.21,3.29,19585
VOTUM,20170602,10.99,10.99,10.65,10.65,5130
VOXEL,20170602,17.44,17.94,17.44,17.94,1706
WADEX,20170602,5.75,5.75,5.50,5.50,1511
WARIMPEX,20170602,5.79,5.80,5.71,5.71,4653
WASKO,20170602,1.64,1.68,1.64,1.67,13471
WAWEL,20170602,1187.00,1189.00,1177.00,1180.00,294
WDX,20170602,8.59,8.59,8.11,8.54,7018
WIELTON,20170602,18.00,18.10,17.90,18.00,3910
WIKANA,20170602,1.62,1.67,1.62,1.67,3001
WILBO,20170602,0.17,0.18,0.13,0.13,781042
WINVEST,20170602,1.80,1.80,1.80,1.80,2
WIRTUALNA,20170602,54.41,54.99,54.05,54.75,7392
WITTCHEN,20170602,17.00,17.00,17.00,17.00,169
WOJAS,20170602,4.82,5.22,4.82,5.22,14601
WORKSERV,20170602,8.95,8.95,8.80,8.90,12659
XTB,20170602,6.69,6.72,6.66,6.70,813
YOLO,20170602,3.84,4.34,3.80,4.34,17977
ZAMET,20170602,1.65,1.65,1.60,1.65,5001
ZEPAK,20170602,16.31,16.57,16.31,16.43,10015
ZPUE,20170602,288.95,288.95,287.00,287.00,5
ZUE,20170602,10.98,10.98,10.45,10.96,2303
ZYWIEC,20170602,442.00,451.00,442.00,446.00,21
INVESTORMS,20170602,4928.97,4931.69,4928.97,4931.69,170312.363
MWIG40,20170602,4860.27,4897.05,4860.27,4889.66,92607.527
RESPECT,20170602,2939.92,2947.53,2933.41,2947.15,454220.395
SWIG80,20170602,16230.14,16242.63,16152.34,16190.98,29146.282
WIG,20170602,60587.95,60754.42,60498.41,60754.42,857150.826
WIG-BANKI,20170602,7349.08,7369.60,7321.86,7357.17,267881.150
WIG-BUDOW,20170602,3498.09,3518.87,3477.45,3518.87,20275.307
WIG-CEE,20170602,947.95,947.95,944.16,947.85,2722.322
WIG-CHEMIA,20170602,15164.14,15369.73,15115.30,15248.04,7865.094
WIG-ENERG,20170602,2869.36,2903.73,2852.52,2903.73,51426.205
WIG-GORNIC,20170602,4026.00,4042.06,3930.03,3969.84,86203.868
WIG-INFO,20170602,2365.04,2369.52,2315.89,2338.54,11818.191
WIG-LEKI,20170602,5877.72,6037.64,5870.01,5974.14,4115.937
WIG-MEDIA,20170602,5248.11,5251.59,5198.26,5232.06,1126.389
WIG-MOTO,20170602,5845.54,5852.61,5807.58,5817.26,7786.131
WIG-NRCHOM,20170602,2062.68,2069.77,2057.72,2061.64,4665.876
WIG-ODZIEZ,20170602,5584.65,5782.19,5584.65,5776.35,42268.611
WIG-PALIWA,20170602,6989.28,7019.16,6908.52,6981.25,89743.353
WIG-POLAND,20170602,61725.84,61874.88,61725.84,61874.88,849860.233
WIG-SPOZYW,20170602,4599.12,4636.09,4599.12,4632.30,3650.080
WIG-TELKOM,20170602,735.14,742.27,730.75,739.12,21417.254
WIG-UKRAIN,20170602,630.13,630.13,628.06,630.02,2510.034
WIG20,20170602,2292.38,2303.21,2289.42,2303.21,700957.230
WIG20LEV,20170602,714.04,720.75,712.21,720.75,700957.230
WIG20SHORT,20170602,3404.28,3408.73,3388.00,3388.00,700957.230
WIG20TR,20170602,3891.43,3905.77,3891.43,3905.77,700957.230
WIG30,20170602,2651.71,2662.55,2646.92,2662.55,747679.076
WIG30TR,20170602,4448.49,4466.80,4448.49,4466.80,747679.076
WIGDIV,20170602,1155.88,1159.44,1152.05,1159.44,407898.599
