06MAGNA,20170321,0.57,0.57,0.52,0.52,185137
11BIT,20170321,189.00,193.90,187.35,189.00,9075
4FUNMEDIA,20170321,5.35,5.35,5.22,5.34,2639
AATHOLD,20170321,17.48,17.69,17.48,17.69,15
ABADONRE,20170321,5.85,6.09,5.85,6.09,1314
ABCDATA,20170321,2.11,2.11,1.94,1.94,1063154
ABMSOLID,20170321,11.40,11.40,10.52,10.52,444
ABPL,20170321,39.30,39.90,38.44,39.00,4380
ACAUTOGAZ,20170321,40.70,40.70,40.70,40.70,1076
ACTION,20170321,4.09,4.20,3.96,4.04,85585
ADIUVO,20170321,28.80,28.80,28.79,28.79,127
AGORA,20170321,16.27,16.40,16.02,16.02,11284
AGROTON,20170321,6.60,6.65,6.20,6.25,67652
AILLERON,20170321,12.25,12.71,12.25,12.27,9094
AIRWAY,20170321,2.26,2.26,2.15,2.15,73545
ALCHEMIA,20170321,5.09,5.09,5.05,5.09,30299
ALIOR,20170321,75.00,76.89,73.60,74.73,306709
ALMA,20170321,1.25,1.27,1.06,1.12,663339
ALTA,20170321,3.64,3.64,3.45,3.50,3502
ALTUSTFI,20170321,14.55,14.83,14.26,14.31,9336
ALUMETAL,20170321,60.10,60.40,59.64,59.64,2831
AMBRA,20170321,9.65,9.80,9.65,9.65,6327
AMICA,20170321,181.00,181.00,176.40,179.00,32407
AMREST,20170321,330.15,331.85,326.95,327.60,3526
APATOR,20170321,35.25,35.99,35.25,35.45,14850
APLISENS,20170321,14.25,14.25,13.90,14.24,370
APSENERGY,20170321,4.32,4.32,4.05,4.10,3201
ARCTIC,20170321,5.42,5.42,5.24,5.24,27150
ARKASWE17,20170321,96.98,96.99,96.98,96.99,1500
ARTERIA,20170321,10.19,10.65,10.19,10.44,3341
ARTIFEX,20170321,20.54,20.54,19.70,19.74,2380
ASBIS,20170321,3.14,3.21,3.13,3.13,138709
ASSECOBS,20170321,26.80,26.80,26.55,26.80,539
ASSECOPOL,20170321,55.50,55.85,53.16,53.86,165953
ASSECOSEE,20170321,11.69,11.80,11.65,11.65,897
ASSECOSLO,20170321,29.50,30.48,29.50,30.48,166
ASTARTA,20170321,68.95,68.95,67.20,68.00,774
ATAL,20170321,32.90,32.90,32.00,32.90,3142
ATENDE,20170321,3.97,3.97,3.80,3.97,15484
ATLANTAPL,20170321,5.65,5.65,5.50,5.65,1275
ATLANTIS,20170321,0.79,0.79,0.72,0.76,63684
ATLASEST,20170321,1.07,1.07,1.05,1.05,120
ATM,20170321,10.87,10.98,10.85,10.85,1420
ATMGRUPA,20170321,4.62,4.62,4.60,4.60,156
ATREM,20170321,2.62,2.88,2.62,2.85,16633
AUTOPARTN,20170321,5.33,5.49,5.20,5.20,36129
AVIAAML,20170321,5.96,5.99,5.63,5.86,51932
AVIASG,20170321,21.39,21.39,20.11,20.56,356
AWBUD,20170321,7.30,7.30,7.17,7.30,2081
BALTONA,20170321,2.70,2.70,2.65,2.70,7280
BBIDEV,20170321,0.87,0.88,0.85,0.85,141781
BEDZIN,20170321,27.00,27.00,24.60,24.81,549
BENEFIT,20170321,946.55,946.55,909.00,915.00,3555
BEST,20170321,27.60,27.60,27.00,27.00,144
BETACOM,20170321,11.18,11.41,10.76,11.41,3335
BGZBNPP,20170321,68.00,68.00,67.40,67.40,218
BIK,20170321,16.49,16.49,16.49,16.49,80
BIOMEDLUB,20170321,1.01,1.05,1.00,1.02,159739
BIOTON,20170321,7.31,7.38,7.15,7.15,25736
BMPAG,20170321,1.88,1.88,1.70,1.88,4702
BOGDANKA,20170321,82.96,84.15,81.56,83.80,13101
BORYSZEW,20170321,11.77,11.80,11.65,11.71,129119
BOS,20170321,13.75,13.83,13.50,13.50,12207
BOWIM,20170321,4.52,4.69,4.52,4.69,5866
BPHFIZMLI,20170321,100.00,100.00,100.00,100.00,70
BRASTER,20170321,18.15,18.15,17.30,17.38,26680
BRIJU,20170321,9.15,9.50,8.54,9.00,199956
BSCDRUK,20170321,35.40,36.79,35.40,36.79,358
BUDIMEX,20170321,268.80,274.25,261.10,262.95,10797
BUMECH,20170321,0.90,0.91,0.84,0.85,1425952
BYTOM,20170321,2.30,2.33,2.23,2.27,71630
BZWBK,20170321,357.00,367.85,351.80,353.10,72747
CALATRAVA,20170321,0.50,0.50,0.47,0.50,2116
CAPITAL,20170321,2.41,2.51,2.41,2.51,21457
CCC,20170321,241.00,244.50,234.05,235.00,87751
CDPROJEKT,20170321,76.49,76.49,75.49,76.28,190343
CDRL,20170321,26.99,28.98,26.99,27.57,14722
CELTIC,20170321,5.50,5.60,5.50,5.50,2080
CEZ,20170321,69.36,70.08,68.80,69.63,3310
CFI,20170321,0.94,0.94,0.77,0.77,1423258
CHEMOS,20170321,1.30,1.34,1.27,1.32,80196
CIECH,20170321,79.80,80.98,79.30,80.70,94587
CIGAMES,20170321,2.75,2.76,2.66,2.71,206201
CITYSERV,20170321,10.00,10.00,9.90,9.90,20215
CLNPHARMA,20170321,36.26,37.88,36.26,36.60,100891
CNT,20170321,7.94,7.95,7.89,7.94,129
COALENERG,20170321,1.01,1.05,1.01,1.04,24448
COGNOR,20170321,1.88,1.94,1.88,1.93,42974
COLIAN,20170321,3.36,3.37,3.26,3.29,62766
COMARCH,20170321,234.00,237.80,223.00,234.00,1613
COMP,20170321,72.75,72.75,66.01,68.00,8583
CORMAY,20170321,2.96,3.00,2.82,2.87,155480
CPGROUP,20170321,6.25,6.55,6.25,6.55,3520
CUBEITG,20170321,6.70,6.88,6.50,6.88,49946
CYFRPLSAT,20170321,24.42,24.53,23.46,23.50,375189
CZTOREBKA,20170321,0.94,0.94,0.87,0.91,55294
DBSTXE1019,20170321,100.60,100.60,100.60,100.60,2400
DBW20S0817,20170321,108.00,108.00,107.40,107.40,5649
DEBICA,20170321,93.01,93.30,93.00,93.00,866
DECORA,20170321,10.37,10.37,9.80,10.20,3430
DEKPOL,20170321,12.60,12.60,12.60,12.60,3
DELKO,20170321,11.00,11.11,11.00,11.01,625
DGA,20170321,3.98,3.98,3.83,3.96,386
DOMDEV,20170321,70.59,70.70,69.55,70.10,594
DREWEX,20170321,1.64,1.65,1.62,1.62,2328
DROP,20170321,2.18,2.18,2.18,2.18,5
DROZAPOL,20170321,2.16,2.16,2.16,2.16,2
ECHO,20170321,5.75,5.76,5.62,5.66,49405
EDINVEST,20170321,2.11,2.11,2.11,2.11,1
EFEKT,20170321,27.21,27.70,26.55,27.70,962
EKOEXPORT,20170321,15.42,15.50,14.60,15.17,46180
ELBUDOWA,20170321,125.05,129.00,125.05,129.00,8918
ELEKTROTI,20170321,14.00,14.00,14.00,14.00,10
ELEMENTAL,20170321,3.77,4.02,3.75,3.82,3837852
ELKOP,20170321,0.52,0.54,0.41,0.51,16290697
ELZAB,20170321,16.51,16.79,16.51,16.79,205
EMCINSMED,20170321,10.00,10.50,10.00,10.50,924
EMPERIA,20170321,70.92,72.49,70.01,71.95,3159
ENAP,20170321,1.07,1.07,1.02,1.03,11643
ENEA,20170321,12.28,12.44,11.77,11.85,988952
ENELMED,20170321,9.78,9.78,9.78,9.78,100
ENERGA,20170321,11.00,11.16,10.72,10.77,1595803
ENERGOINS,20170321,4.80,4.80,4.47,4.51,1422
ENTER,20170321,29.71,30.65,29.71,30.65,177
ERBUD,20170321,32.60,33.00,32.22,33.00,5110
ERG,20170321,63.50,63.50,62.40,63.00,340
ERGIS,20170321,6.27,6.28,6.21,6.21,16241
ESOTIQ,20170321,10.22,10.22,9.71,9.77,3885
ESSYSTEM,20170321,2.53,2.60,2.53,2.60,242
ETFDAX,20170321,495.67,495.67,481.00,485.00,57
ETFSP500,20170321,96.63,96.63,94.75,95.50,26001
ETFW20L,20170321,269.70,271.15,263.40,265.00,1798
EUCO,20170321,42.99,44.20,42.99,43.70,4379
EUROCASH,20170321,31.65,31.80,30.76,31.10,869553
EUROTEL,20170321,22.29,22.29,22.29,22.29,96
FAM,20170321,4.12,4.12,3.95,3.97,41061
FAMUR,20170321,5.17,5.20,5.17,5.17,30733
FASTFIN,20170321,1.64,1.64,1.61,1.61,4020
FEERUM,20170321,16.97,16.97,16.97,16.97,10
FERRO,20170321,13.05,14.30,12.96,14.00,59336
FERRUM,20170321,4.38,4.38,4.25,4.25,25
FON,20170321,0.92,0.92,0.83,0.89,384452
FORTE,20170321,83.50,83.50,80.52,82.00,25463
FORTUNA,20170321,16.73,17.20,16.73,17.20,10200
FOTA,20170321,1.08,1.11,1.00,1.02,257620
GEKOPLAST,20170321,11.09,11.09,11.01,11.01,249
GETIN,20170321,1.47,1.50,1.46,1.46,271901
GETINOBLE,20170321,2.02,2.05,1.98,2.00,1969177
GINOROSSI,20170321,2.02,2.02,1.99,1.99,467727
GLCOSMED,20170321,5.04,5.04,5.04,5.04,16
GOBARTO,20170321,6.80,6.80,6.80,6.80,100
GORENJE,20170321,31.00,31.00,31.00,31.00,2
GPW,20170321,45.51,45.80,44.61,45.00,63940
GRAVITON,20170321,1.50,1.50,1.35,1.35,10215
GROCLIN,20170321,14.22,14.70,14.06,14.60,55166
GRODNO,20170321,6.07,6.07,5.85,6.07,2654
GRUPAAZOTY,20170321,70.50,71.00,68.71,69.35,62144
GTC,20170321,8.61,8.63,8.32,8.50,69650
HANDLOWY,20170321,82.39,83.00,80.70,80.87,71732
HARPER,20170321,1.16,1.16,1.12,1.12,1001
HELIO,20170321,13.37,13.40,13.20,13.20,1715
HERKULES,20170321,3.79,3.79,3.71,3.71,17622
HUBSTYLE,20170321,2.09,2.09,2.00,2.00,2102
HYDROTOR,20170321,38.20,38.20,38.20,38.20,161
HYPERION,20170321,3.45,3.45,3.45,3.45,2188
I2DEV,20170321,18.21,18.21,18.21,18.21,349
IALBGR,20170321,14.15,14.20,14.10,14.13,87805
IDEABANK,20170321,25.19,25.19,24.63,24.63,842
IFCAPITAL,20170321,0.71,0.73,0.68,0.70,66027
IFSA,20170321,0.53,0.54,0.51,0.53,147798
IIAAV,20170321,8.00,8.01,8.00,8.00,2510
IMCOMPANY,20170321,9.47,9.47,9.39,9.40,2046
IMMOBILE,20170321,3.32,3.32,3.30,3.30,85
IMPEL,20170321,24.48,24.48,24.48,24.48,10
IMPERA,20170321,1.33,1.33,1.33,1.33,2695
IMPEXMET,20170321,4.04,4.09,4.00,4.07,477432
IMS,20170321,3.32,3.50,3.32,3.50,24188
INDATA,20170321,0.74,0.77,0.73,0.74,428080
INDYGO,20170321,0.60,0.61,0.59,0.61,1520
INDYKPOL,20170321,58.90,58.90,58.85,58.85,25
INGBSK,20170321,180.00,180.00,175.05,175.80,3040
INPOST,20170321,9.90,10.00,9.90,9.92,9483
INPRO,20170321,5.00,5.00,5.00,5.00,298
INSTALKRK,20170321,15.35,15.35,15.00,15.00,45
INTEGERPL,20170321,43.80,44.01,43.80,43.80,17248
INTERAOLT,20170321,14.00,14.00,13.00,13.80,4698
INTERCARS,20170321,311.25,314.25,308.00,308.00,947
INTERSPPL,20170321,2.87,2.89,2.78,2.86,41703
INTLADS13987,20170321,34.85,34.85,34.85,34.85,20
INTLADS14787,20170321,31.45,31.45,31.45,31.45,20
INTLBCO12559,20170321,74.25,74.25,72.60,72.60,150
INTLBCO12963,20170321,60.85,60.85,59.40,59.40,60
INTLBCO13235,20170321,45.60,45.60,45.60,45.60,20
INTLBCO13243,20170321,52.00,52.00,52.00,52.00,31
INTLBCO13334,20170321,42.20,42.20,38.60,38.60,198
INTLBCO16659,20170321,26.56,26.57,22.73,22.73,1040
INTLBCO16865,20170321,18.00,18.00,14.46,14.46,300
INTLBMW03814,20170321,10.52,10.52,10.52,10.52,50
INTLBMW11031,20170321,11.80,11.80,11.80,11.80,40
INTLDAX17418,20170321,38.97,39.00,38.97,39.00,600
INTLDAX17798,20170321,29.79,31.32,24.86,25.42,1483
INTLDBK15834,20170321,33.93,33.93,33.93,33.93,30
INTLDBK15982,20170321,37.02,39.74,37.02,39.74,560
INTLDBK16980,20170321,17.31,17.31,17.31,17.31,29
INTLDBK17129,20170321,12.32,16.16,12.32,14.31,1111
INTLEUD17475,20170321,50.80,51.20,50.80,51.20,190
INTLEUR08615,20170321,10.76,11.24,10.76,11.24,500
INTLEUR16089,20170321,18.03,18.03,18.03,18.03,15
INTLEUR17731,20170321,24.36,24.36,24.36,24.36,71
INTLGBU16196,20170321,50.00,50.00,50.00,50.00,40
INTLGLD09621,20170321,70.65,75.15,70.65,75.15,377
INTLGLD09746,20170321,87.40,92.65,87.40,92.65,124
INTLGLD11726,20170321,103.40,108.10,103.40,108.10,31
INTLGLD12831,20170321,56.80,59.20,56.80,59.20,106
INTLGOG04887,20170321,150.70,150.70,150.70,150.70,20
INTLHSC15685,20170321,23.56,23.56,23.56,23.56,50
INTLKGH17533,20170321,25.00,25.00,22.40,22.40,84
INTLNAG13185,20170321,3.00,3.15,3.00,3.15,2500
INTLNOK08854,20170321,8.18,8.18,8.18,8.18,50
INTLOPL14514,20170321,0.87,0.94,0.79,0.79,7300
INTLPEO16972,20170321,31.59,31.59,30.44,30.44,110
INTLPGE17863,20170321,2.09,2.09,2.09,2.09,2000
INTLPGE18044,20170321,1.89,1.89,1.49,1.49,5846
INTLPGN17467,20170321,1.40,1.40,1.40,1.40,2000
INTLPGN18028,20170321,0.92,0.92,0.92,0.92,2719
INTLPKN08367,20170321,54.00,54.00,54.00,54.00,190
INTLPKN17947,20170321,26.77,27.09,26.77,27.09,600
INTLPKO15123,20170321,12.07,12.07,12.07,12.07,1000
INTLPKO15446,20170321,11.04,11.04,11.04,11.04,1000
INTLPKO17301,20170321,7.45,7.65,7.45,7.50,560
INTLPKO17541,20170321,6.03,6.03,5.75,5.75,1250
INTLPKO17889,20170321,4.71,4.99,4.71,4.99,556
INTLPZU17285,20170321,7.95,7.95,7.95,7.95,750
INTLSLV09647,20170321,16.83,16.97,16.83,16.97,400
INTLSLV13227,20170321,12.11,12.54,12.11,12.54,75
INTLSLV13706,20170321,10.44,10.44,10.44,10.44,1000
INTLSLV17681,20170321,7.27,8.00,7.27,8.00,910
INTLUSD06098,20170321,42.44,42.44,40.78,40.78,40
INTLUSD06304,20170321,37.32,37.32,36.49,36.49,105
INTLUSD13607,20170321,20.66,20.66,19.20,20.20,1270
INTLUSD15602,20170321,15.27,15.27,13.66,13.66,600
INTLUSD16535,20170321,9.36,9.36,7.62,9.26,1657
INTLUSJ17087,20170321,15.23,15.23,15.23,15.23,131
INTLVOW11171,20170321,29.10,29.10,29.10,29.10,25
INTLVOW13763,20170321,17.04,17.04,17.04,17.04,100
INTLW2017392,20170321,4.20,4.20,4.20,4.20,165
INTLW2017426,20170321,3.77,3.77,3.77,3.77,5300
INTLW2017764,20170321,2.28,2.28,1.70,1.70,4012
INTLW2017780,20170321,2.60,2.60,2.20,2.20,11500
INTLW2017905,20170321,2.03,2.04,1.49,1.49,11115
INTROL,20170321,7.65,8.09,7.65,8.09,50
INTSBCO11676,20170321,39.19,42.57,39.08,42.57,1195
INTSBMW17954,20170321,6.80,6.80,6.80,6.80,250
INTSDAX07757,20170321,22.02,27.62,21.47,27.12,1755
INTSDAX07955,20170321,43.50,48.00,43.50,48.00,105
INTSDAX08193,20170321,65.00,71.65,65.00,71.65,1150
INTSDOW16485,20170321,34.94,34.94,34.94,34.94,100
INTSDOW18119,20170321,130.40,130.40,130.40,130.40,5
INTSEUD17210,20170321,13.34,13.34,13.34,13.34,147
INTSEUR14589,20170321,32.88,32.88,32.88,32.88,29
INTSEUR17707,20170321,18.93,19.83,18.93,19.83,200
INTSGBU16352,20170321,53.65,53.65,53.65,53.65,14
INTSGLD00638,20170321,79.35,79.35,78.65,78.65,140
INTSKGH00711,20170321,27.53,30.08,27.05,29.98,1820
INTSKGH17988,20170321,37.56,41.06,37.56,41.06,195
INTSNDX17624,20170321,8.59,9.60,8.59,9.60,1100
INTSNDX17640,20170321,22.38,23.58,22.38,23.58,1000
INTSNKX07971,20170321,69.40,69.40,69.40,69.40,2
INTSPGN08961,20170321,1.15,1.19,1.15,1.19,2741
INTSPKO05447,20170321,6.88,7.13,6.88,7.13,1400
INTSPZU09258,20170321,4.25,5.40,4.25,5.40,2214
INTSSP517921,20170321,14.09,14.50,14.09,14.46,1370
INTSUSD16675,20170321,40.60,40.60,40.60,40.60,50
INTSUSD17665,20170321,28.07,28.07,26.65,26.65,200
INTSUSJ17509,20170321,27.01,27.01,27.01,27.01,72
INTSW2000737,20170321,1.80,2.26,1.80,2.25,2892
INTSW2000745,20170321,3.06,3.15,3.06,3.15,1646
INTSW2002808,20170321,3.45,3.90,3.45,3.90,5542
INTSW2008748,20170321,1.27,1.77,1.20,1.77,49607
INVGLDFIZ,20170321,1442.00,1442.00,1442.00,1442.00,2
INVISTA,20170321,1.30,1.31,1.30,1.31,17530
IPOPEMA,20170321,2.41,2.50,2.36,2.45,54885
IZOBLOK,20170321,195.00,195.00,190.50,194.00,138
IZOLACJA,20170321,1.73,1.73,1.73,1.73,2
IZOSTAL,20170321,5.99,6.09,5.90,5.90,1767
JHMDEV,20170321,1.50,1.51,1.35,1.39,150943
JSW,20170321,72.50,73.68,70.32,70.32,533323
JWCONSTR,20170321,5.03,5.05,4.97,4.97,15215
K2INTERNT,20170321,13.73,13.73,13.22,13.37,1107
KANIA,20170321,2.40,2.40,2.28,2.30,51176
KBDOM,20170321,3.74,3.91,3.60,3.91,6560
KCI,20170321,0.74,0.74,0.71,0.71,49936
KERNEL,20170321,74.50,75.00,74.17,74.96,38766
KETY,20170321,413.00,417.95,411.15,413.00,3960
KGHM,20170321,124.10,126.40,122.40,123.00,1045429
KGL,20170321,28.00,28.90,27.10,28.00,391
KINOPOL,20170321,13.85,13.85,13.56,13.77,2816
KOGENERA,20170321,95.00,95.00,93.38,95.00,8
KOMPUTRON,20170321,6.12,6.12,6.00,6.02,17595
KONSSTALI,20170321,39.80,39.80,38.50,38.50,332
KOPEX,20170321,4.03,4.09,4.02,4.04,106320
KPPD,20170321,26.55,26.55,26.50,26.50,100
KRAKCHEM,20170321,3.03,3.03,3.03,3.03,28
KREC,20170321,5.85,6.08,5.85,6.08,367
KREDYTIN,20170321,22.00,22.00,22.00,22.00,415
KREZUS,20170321,1.81,1.84,1.65,1.68,671957
KRKA,20170321,223.20,223.20,223.20,223.20,1
KRUK,20170321,240.00,243.40,236.80,238.50,76579
KRUSZWICA,20170321,59.18,61.96,59.18,61.90,2570
KRVITAMIN,20170321,7.26,7.58,7.26,7.58,501
KSGAGRO,20170321,2.87,2.89,2.75,2.86,21907
LABOPRINT,20170321,9.70,9.70,9.50,9.50,8
LARQ,20170321,14.15,14.83,13.81,14.25,17302
LCCORP,20170321,2.04,2.05,1.99,1.99,287393
LENA,20170321,4.26,4.33,4.26,4.26,126860
LENTEX,20170321,10.30,10.39,10.24,10.30,30439
LIBET,20170321,1.82,1.84,1.81,1.82,29271
LIVECHAT,20170321,53.50,53.89,53.20,53.30,19484
LOKUM,20170321,13.69,13.69,13.69,13.69,3
LOTOS,20170321,56.85,59.20,56.80,57.90,630352
LPP,20170321,6552.45,6619.00,6366.50,6396.45,3593
LSISOFT,20170321,10.93,10.95,10.72,10.95,3782
LUBAWA,20170321,1.23,1.24,1.21,1.22,120355
MABION,20170321,98.00,101.00,96.50,98.90,3552
MAKARONPL,20170321,6.25,6.30,6.25,6.30,2000
MANGATA,20170321,117.00,121.90,112.95,121.90,14857
MARVIPOL,20170321,12.66,12.85,12.64,12.64,2802
MASTERPHA,20170321,6.22,6.22,6.07,6.07,479
MBANK,20170321,395.30,403.95,387.15,389.85,23684
MBWS,20170321,70.00,70.00,69.90,69.90,44
MCI,20170321,9.20,9.21,9.13,9.13,9582
MCLOGIC,20170321,40.19,40.50,40.13,40.50,887
MDIENERGIA,20170321,3.88,3.98,3.85,3.98,8590
MEDIACAP,20170321,2.93,2.95,2.87,2.87,3028
MEDIATEL,20170321,0.72,0.72,0.72,0.72,1
MEDICALG,20170321,341.85,341.85,337.00,341.85,5991
MENNICA,20170321,19.30,19.50,19.20,19.20,887
MERCATOR,20170321,20.70,21.00,20.50,20.53,23662
MERCOR,20170321,11.89,12.00,11.84,12.00,3701
MEXPOLSKA,20170321,7.70,7.70,7.00,7.00,23254
MFO,20170321,32.00,32.25,31.50,31.87,1939
MILKILAND,20170321,2.44,2.48,2.31,2.31,17553
MILLENNIUM,20170321,6.90,6.98,6.68,6.71,467594
MIRACULUM,20170321,2.02,2.02,1.94,1.94,8409
MIRBUD,20170321,1.52,1.52,1.38,1.40,1090945
MLPGROUP,20170321,45.00,45.00,43.50,45.00,1210
MOJ,20170321,0.91,0.92,0.91,0.91,9557
MOL,20170321,288.00,288.00,281.50,282.20,20853
MONNARI,20170321,9.40,9.40,8.89,9.03,67425
MOSTALPLC,20170321,15.41,15.45,15.40,15.40,1628
MOSTALWAR,20170321,14.65,14.65,14.10,14.15,40449
MOSTALZAB,20170321,1.18,1.20,1.17,1.18,264714
MUZA,20170321,3.83,3.83,3.72,3.82,1486
MWTRADE,20170321,10.85,10.85,10.30,10.40,3247
NETIA,20170321,4.61,4.66,4.55,4.59,75887
NEUCA,20170321,393.00,393.00,376.25,381.00,5777
NEWAG,20170321,16.99,16.99,16.29,16.70,13021
NORTCOAST,20170321,4.88,4.94,4.88,4.94,253
NOVITA,20170321,64.00,65.09,64.00,65.09,83
NOWAGALA,20170321,1.66,1.68,1.65,1.68,16456
NTTSYSTEM,20170321,2.94,3.04,2.91,3.04,5257
ODLEWNIE,20170321,4.65,4.65,4.55,4.55,2198
OPENFIN,20170321,1.80,1.87,1.80,1.87,17197
OPENFIN-PDA,20170321,1.67,1.67,1.67,1.67,120
OPONEO.PL,20170321,52.90,53.90,50.30,51.05,40187
OPTEAM,20170321,7.50,7.50,7.35,7.50,1439
ORANGEPL,20170321,4.88,4.99,4.78,4.79,6426472
ORBIS,20170321,79.79,79.99,77.07,77.07,973
ORION,20170321,78.45,78.45,71.55,73.50,48
ORZBIALY,20170321,10.95,11.00,10.90,10.90,8450
OTLOG,20170321,23.80,23.80,23.10,23.10,331
OTMUCHOW,20170321,4.49,4.49,4.23,4.48,3947
PAGED,20170321,61.80,61.80,59.00,59.00,12011
PAMAPOL,20170321,1.54,1.57,1.54,1.55,18220
PANOVA,20170321,25.61,25.61,25.11,25.13,1290
PATENTUS,20170321,0.91,0.91,0.88,0.88,22500
PBG,20170321,4.99,4.99,4.05,4.31,742723
PBKM,20170321,58.37,58.37,56.90,57.77,382
PCCEXOL,20170321,1.79,1.79,1.71,1.75,10684
PCCINTER,20170321,2.34,2.34,2.30,2.30,3201
PCCROKITA,20170321,78.90,80.00,78.25,79.97,11122
PCM,20170321,33.66,33.66,32.35,32.35,2693
PEKABEX,20170321,10.80,10.80,10.25,10.25,5690
PEKAO,20170321,140.10,141.45,136.60,138.00,720004
PELION,20170321,57.50,57.80,57.30,57.61,7254
PEMANAGER,20170321,53.49,56.89,53.10,56.68,2170
PEP,20170321,16.30,16.44,16.07,16.08,4228
PEPEES,20170321,1.37,1.42,1.36,1.40,77054
PETROLINV,20170321,8.08,8.08,7.80,7.85,25746
PFLEIDER,20170321,47.00,47.00,45.00,45.60,8809
PGE,20170321,11.70,11.92,11.51,11.59,1656743
PGNIG,20170321,6.27,6.29,6.12,6.16,3270075
PGODLEW,20170321,6.30,6.30,6.30,6.30,25
PGSSOFT,20170321,14.16,14.87,14.16,14.45,2343
PHN,20170321,16.49,16.50,16.12,16.12,3242
PKNORLEN,20170321,106.50,107.45,104.45,105.00,997023
PKOBP,20170321,33.23,34.12,33.23,33.42,2714574
PKPCARGO,20170321,65.00,65.50,63.51,64.00,48481
PLASTBOX,20170321,2.21,2.26,2.20,2.25,21002
PLAYWAY,20170321,64.48,65.50,64.30,64.60,4821
PLAZACNTR,20170321,9.04,9.04,8.55,8.97,3395
PMPG,20170321,4.28,4.29,4.15,4.28,7985
POLICE,20170321,20.45,20.45,20.45,20.45,400
POLIMEXMS,20170321,9.85,9.98,7.99,8.80,12709938
POLMED,20170321,2.77,2.78,2.72,2.72,2235
POLNA,20170321,20.49,20.49,20.30,20.49,407
POLNORD,20170321,8.63,8.63,8.33,8.35,119513
POLWAX,20170321,16.70,16.99,16.65,16.96,11748
POZBUD,20170321,3.05,3.05,2.93,3.00,4681
PRAGMAFA,20170321,13.69,13.69,13.30,13.30,902
PRAGMAINK,20170321,9.61,9.61,8.80,8.80,4920
PRAIRIE,20170321,1.67,1.70,1.54,1.57,623541
PRIMAMODA,20170321,3.69,3.69,3.56,3.68,1331
PROCAD,20170321,1.50,1.50,1.50,1.50,164
PROCHEM,20170321,17.39,17.39,17.39,17.39,2
PROCHNIK,20170321,1.17,1.18,1.15,1.16,187633
PROJPRZEM,20170321,9.19,9.19,9.19,9.19,2
PROTEKTOR,20170321,3.41,3.48,3.41,3.45,13400
PULAWY,20170321,182.80,182.80,179.00,179.00,101
PWRMEDIA,20170321,2.29,2.40,2.28,2.39,14048
PZU,20170321,37.56,38.17,36.95,37.05,1519817
QUANTUM,20170321,18.80,18.80,18.00,18.00,620
QUERCUS,20170321,6.81,6.94,6.72,6.74,4133
QUMAK,20170321,6.20,6.38,6.11,6.17,17764
RADPOL,20170321,2.43,2.50,2.43,2.50,33504
RAFAKO,20170321,8.01,8.10,7.80,7.82,241195
RAFAMET,20170321,17.60,17.60,17.60,17.60,50
RAINBOW,20170321,36.89,36.98,36.10,36.96,16518
RANKPROGR,20170321,1.74,1.74,1.68,1.68,64511
RAWLPLUG,20170321,11.26,11.50,11.26,11.39,55716
RCCRUAOPEN,20170321,8.50,8.50,8.33,8.33,29268
RCFL2COCO,20170321,10.27,10.27,10.27,10.27,2000
RCFL2GOLD,20170321,58.10,58.10,58.10,58.10,40
RCFL3BZW,20170321,128.60,128.60,116.80,116.80,40
RCFL3COCO,20170321,9.98,10.90,9.98,10.67,16249
RCFL3COFF,20170321,8.61,8.61,8.61,8.61,2000
RCFL3DBK,20170321,3.87,3.87,3.87,3.87,350
RCFL3ENA,20170321,219.70,219.70,199.60,199.60,343
RCFL3EUH,20170321,33.71,33.71,33.71,33.71,35
RCFL3GOLD,20170321,32.75,32.75,32.75,32.75,100
RCFL3KGH,20170321,23.00,23.00,21.18,21.66,6357
RCFL3LPP,20170321,385.10,385.30,364.50,364.50,78
RCFL3OIL,20170321,1.36,1.39,1.30,1.32,32048
RCFL3OPL,20170321,10.23,10.23,10.10,10.10,829
RCFL3PEO,20170321,37.98,37.98,37.98,37.98,10
RCFL3PGE,20170321,13.01,13.01,12.18,12.18,14700
RCFL3PGN,20170321,156.30,156.30,156.30,156.30,14
RCFL3PKO,20170321,28.70,28.70,27.12,27.12,481
RCFL3SILVE,20170321,8.11,8.43,8.03,8.42,17846
RCFL3SUGA,20170321,5.92,5.92,5.92,5.92,8392
RCFL3TPE,20170321,183.00,183.00,183.00,183.00,6
RCFL3W20,20170321,83.70,83.70,78.45,78.45,620
RCFL3WHT,20170321,9.08,9.08,8.54,8.54,14646
RCFL4ESX,20170321,255.50,255.50,255.50,255.50,20
RCFL4OIL,20170321,9.39,9.39,9.39,9.39,43
RCFS3BZW,20170321,51.55,51.55,51.55,51.55,2
RCFS3COCO,20170321,7.56,7.56,7.56,7.56,13
RCFS3COPP,20170321,4.80,4.80,4.80,4.80,600
RCFS3DBK,20170321,21.50,21.50,21.50,21.50,48
RCFS3DTE,20170321,4.97,4.97,4.97,4.97,180
RCFS3GOLD,20170321,130.00,130.00,130.00,130.00,2
RCFS3KGH,20170321,4.90,5.28,4.81,5.14,6428
RCFS3LPP,20170321,10.29,10.29,10.04,10.04,1180
RCFS3OIL,20170321,105.40,109.40,105.40,109.40,201
RCFS3OIL2,20170321,19.20,19.20,19.20,19.20,56
RCFS3PEO,20170321,14.18,14.20,13.95,13.95,13852
RCFS3W20,20170321,39.38,42.52,38.19,42.52,1605
RCFS4ESX,20170321,2.67,2.71,2.67,2.70,3000
RCGCOMB0221,20170321,1006.90,1006.90,1006.90,1006.90,30
RCGCOMB0421,20170321,964.10,964.10,964.10,964.10,23
RCGETNA0421,20170321,951.40,951.40,951.40,951.40,28
RCGGLD11019,20170321,979.00,979.00,979.00,979.00,10
RCGLDAOPEN,20170321,486.40,489.90,486.40,489.90,79
RCGNS010920,20170321,1041.70,1041.80,1041.50,1041.50,212
RCGSXHC0122,20170321,1000.90,1000.90,1000.90,1000.90,39
RCNMBAOPEN,20170321,108.00,108.00,107.90,107.90,2632
RCSCRAOPEN,20170321,315.90,315.90,315.00,315.00,85
RCSDGP0220,20170321,929.50,929.50,929.50,929.50,205
RCSDGP0720,20170321,994.40,994.40,994.40,994.40,41
RCSILAOPEN,20170321,68.85,68.90,68.70,68.90,514
RCTLCOCO01,20170321,21.20,22.33,20.98,21.79,1330
RCTLCOCO02,20170321,11.96,12.93,11.96,12.63,100
RCTLCOFF002,20170321,1.35,1.36,1.33,1.33,119128
RCTLWHT002,20170321,4.52,4.52,4.52,4.52,450
RCWHTAOPEN,20170321,5.70,5.70,5.67,5.67,21437
REDAN,20170321,2.10,2.12,2.01,2.04,90702
REDWOOD,20170321,1.00,1.00,0.91,0.94,35924
RELPOL,20170321,9.10,9.10,8.91,9.10,2066
REMAK,20170321,18.40,18.40,18.35,18.35,941
RESBUD,20170321,1.01,1.06,0.99,1.00,132655
ROBYG,20170321,3.26,3.26,3.23,3.24,239685
RONSON,20170321,1.60,1.60,1.53,1.55,24849
ROPCZYCE,20170321,21.25,21.55,21.25,21.50,1983
RUBICON,20170321,1.21,1.22,1.20,1.22,1810
SANOK,20170321,61.80,61.80,58.12,58.30,41757
SANTANDER,20170321,24.65,24.65,24.65,24.65,68
SARE,20170321,20.30,20.30,19.61,20.00,856
SECOGROUP,20170321,19.00,19.00,19.00,19.00,200
SELENAFM,20170321,20.70,20.70,19.10,19.50,8871
SELVITA,20170321,41.70,47.20,40.99,47.02,43028
SERINUS,20170321,1.42,1.46,1.39,1.39,152736
SFINKS,20170321,2.69,2.69,2.58,2.58,118341
SILVANO,20170321,12.00,12.00,12.00,12.00,1739
SIMPLE,20170321,7.30,7.69,7.30,7.69,449
SKARBIEC,20170321,30.70,30.70,30.35,30.35,2223
SKOTAN,20170321,0.65,0.65,0.62,0.63,787148
SKYLINE,20170321,0.79,0.84,0.79,0.81,3762
SNIEZKA,20170321,68.31,68.31,68.31,68.31,1000
SOHODEV,20170321,1.70,1.74,1.67,1.74,27396
SOLAR,20170321,1.22,1.22,1.18,1.18,39044
SONEL,20170321,10.41,10.41,10.41,10.41,600
STALEXP,20170321,4.19,4.21,4.17,4.19,42441
STALPROD,20170321,602.95,603.00,594.00,602.85,2496
STALPROFI,20170321,12.51,13.98,12.51,13.98,1961
STAPORKOW,20170321,4.61,5.24,4.53,5.23,32035
STARHEDGE,20170321,0.51,0.52,0.50,0.51,15014
STELMET,20170321,29.59,29.59,28.75,28.75,1080
SUNEX,20170321,3.40,3.52,3.40,3.44,184
SUWARY,20170321,8.96,8.96,8.50,8.70,152
SWISSMED,20170321,1.44,1.44,1.44,1.44,612
SYGNITY,20170321,7.80,7.89,7.50,7.60,14575
SYNEKTIK,20170321,16.94,16.94,16.06,16.80,461
SYNTHOS,20170321,5.32,5.37,5.28,5.36,1199039
TALANX,20170321,129.80,129.80,129.80,129.80,11
TALEX,20170321,22.10,22.10,21.62,21.65,186
TARCZYNSKI,20170321,12.09,12.09,11.75,11.76,3002
TATRY,20170321,114.00,114.00,114.00,114.00,10
TAURONPE,20170321,3.18,3.22,3.14,3.17,2921135
TERMOREX,20170321,2.23,2.23,2.18,2.22,668
TESGAS,20170321,3.19,3.20,3.15,3.20,2740
TIM,20170321,13.25,13.26,13.25,13.26,301
TORPOL,20170321,13.50,13.62,13.35,13.36,19481
TOYA,20170321,5.68,5.72,5.56,5.72,1102
TRAKCJA,20170321,17.14,17.14,16.66,16.70,40149
TRANSPOL,20170321,7.03,7.05,6.94,6.97,16385
TRIGONPP,20170321,139.00,139.00,139.00,139.00,18
TRIGONPP1,20170321,141.45,141.45,141.45,141.45,2
TRIGONPP2,20170321,140.00,140.00,140.00,140.00,2
TRIGONPP3,20170321,141.49,141.49,138.50,140.00,102
TRIGONPP4,20170321,139.99,139.99,139.00,139.99,72
TRIGONPP5,20170321,141.49,141.49,141.49,141.49,2
TRIGONPP6,20170321,143.00,143.00,143.00,143.00,2
TRITON,20170321,3.07,3.37,3.07,3.25,46607
TXM,20170321,5.69,5.69,5.54,5.55,4028
ULMA,20170321,79.80,79.80,79.80,79.80,2
UNIBEP,20170321,12.49,12.96,12.49,12.95,10596
UNICREDIT,20170321,63.00,63.99,61.03,63.43,1298
UNIMA,20170321,3.48,3.48,3.41,3.41,1214
UNIMOT,20170321,51.50,51.75,50.95,51.00,14907
UNIWHEELS,20170321,256.00,256.00,250.00,250.00,3797
URSUS,20170321,2.86,2.91,2.73,2.73,317142
VANTAGE,20170321,3.62,3.62,3.51,3.62,4053
VIGOSYS,20170321,298.95,298.95,296.00,296.00,61
VINDEXUS,20170321,7.78,7.79,7.60,7.76,19209
VISTAL,20170321,8.48,8.60,8.32,8.32,8086
VISTULA,20170321,3.49,3.51,3.35,3.38,190257
VIVID,20170321,4.90,4.97,4.70,4.72,40465
VOTUM,20170321,10.30,10.40,10.18,10.40,943
VOXEL,20170321,17.97,17.98,17.97,17.98,364
WADEX,20170321,6.15,6.15,6.00,6.00,3500
WARIMPEX,20170321,4.00,4.09,3.85,4.09,19968
WASKO,20170321,1.88,1.88,1.77,1.81,42518
WAWEL,20170321,1078.90,1078.90,1030.00,1040.00,573
WDX,20170321,7.59,7.59,7.50,7.50,769
WIELTON,20170321,15.29,15.77,15.29,15.40,17597
WILBO,20170321,0.64,0.65,0.60,0.63,16510
WINVEST,20170321,2.87,2.87,2.87,2.87,9
WIRTUALNA,20170321,55.99,56.60,55.24,55.69,5702
WITTCHEN,20170321,17.30,17.30,17.24,17.24,2
WOJAS,20170321,4.80,5.06,4.80,5.00,353
WORKSERV,20170321,9.50,9.50,9.50,9.50,1418
XTB,20170321,9.05,9.24,9.05,9.05,6510
YOLO,20170321,6.85,6.85,6.82,6.82,2403
ZAMET,20170321,1.52,1.58,1.52,1.58,2683
ZEPAK,20170321,17.80,17.98,17.70,17.96,23609
ZPUE,20170321,377.35,377.35,365.00,365.00,41
ZUE,20170321,12.10,12.30,11.80,11.80,2471
ZYWIEC,20170321,455.00,455.00,448.50,455.00,12
INVESTORMS,20170321,4890.95,4890.95,4853.95,4853.95,346250.108
MWIG40,20170321,4893.58,4901.11,4808.37,4830.21,231380.753
RESPECT,20170321,2957.74,2976.59,2903.41,2915.68,582050.622
SWIG80,20170321,16393.13,16436.49,16281.83,16287.71,57797.737
WIG,20170321,60275.71,60511.03,59248.53,59452.75,1134645.358
WIG-BANKI,20170321,7361.98,7425.59,7244.05,7274.01,265278.524
WIG-BUDOW,20170321,3665.56,3695.77,3592.17,3600.73,126696.880
WIG-CEE,20170321,917.41,917.41,912.85,914.75,10475.810
WIG-CHEMIA,20170321,16229.27,16324.37,16123.37,16219.75,19450.094
WIG-ENERG,20170321,2937.35,2957.32,2874.12,2889.57,59095.580
WIG-GORNIC,20170321,4532.03,4577.93,4436.77,4456.71,0.000
WIG-INFO,20170321,2377.56,2386.07,2303.67,2330.40,12428.115
WIG-LEKI,20170321,6305.00,6389.88,6284.77,6302.14,0.000
WIG-MEDIA,20170321,5302.18,5335.30,5264.07,5264.07,990.660
WIG-MOTO,20170321,5622.06,5622.06,5492.73,5492.73,0.000
WIG-NRCHOM,20170321,1963.02,1963.02,1931.71,1943.37,0.000
WIG-ODZIEZ,20170321,5953.94,6003.15,5783.51,5795.72,0.000
WIG-PALIWA,20170321,6966.61,7014.61,6844.33,6881.86,170733.522
WIG-POLAND,20170321,61400.21,61400.21,60488.23,60488.23,1121293.085
WIG-SPOZYW,20170321,4723.03,4729.95,4680.80,4710.17,4902.142
WIG-TELKOM,20170321,701.02,704.15,679.02,680.09,40975.194
WIG-UKRAIN,20170321,645.12,647.96,645.12,647.96,3532.761
WIG20,20170321,2280.19,2301.34,2243.34,2252.57,807431.396
WIG20LEV,20170321,712.33,725.55,689.29,695.07,807431.396
WIG20SHORT,20170321,3420.27,3475.48,3388.59,3461.66,807431.396
WIG20TR,20170321,3881.92,3881.92,3811.85,3811.85,807431.396
WIG30,20170321,2638.54,2651.82,2588.89,2598.29,873449.044
WIG30TR,20170321,4419.93,4419.93,4342.77,4342.77,873449.044
WIGDIV,20170321,1168.17,1172.63,1142.28,1145.60,467200.330
