11BIT,20171017,186.00,186.10,183.00,184.00,4608
4FUNMEDIA,20171017,8.26,8.26,7.90,8.04,6039
AATHOLD,20171017,20.10,20.10,20.10,20.10,1
ABCDATA,20171017,1.98,1.98,1.96,1.96,55961
ABMSOLID,20171017,11.00,11.00,10.00,10.90,153
ABPL,20171017,27.19,27.20,27.12,27.12,190
ACAUTOGAZ,20171017,42.10,42.65,42.00,42.60,6117
ACTION,20171017,4.70,4.70,4.55,4.55,21831
ADIUVO,20171017,19.50,19.50,18.96,19.50,712
AGORA,20171017,16.49,16.49,16.01,16.05,43236
AGROTON,20171017,4.51,4.59,4.45,4.54,4515
AGROWILL,20171017,1.70,1.70,1.70,1.70,2000
AILLERON,20171017,16.25,16.54,15.05,15.05,22522
AIRWAY,20171017,1.11,1.14,1.07,1.10,29988
ALCHEMIA,20171017,4.98,4.98,4.98,4.98,4000
ALIOR,20171017,70.40,71.74,69.45,70.31,332119
ALMA,20171017,0.59,0.59,0.54,0.55,78312
ALTA,20171017,3.26,3.26,3.26,3.26,2
ALTUSTFI,20171017,14.96,14.97,14.81,14.97,10081
ALUMETAL,20171017,52.14,52.98,51.00,52.29,1641
AMBRA,20171017,11.40,11.44,11.36,11.36,58666
AMICA,20171017,160.00,160.00,156.20,156.60,3580
AMREST,20171017,362.95,362.95,354.20,360.00,5104
APATOR,20171017,30.90,30.90,30.50,30.50,760
APLISENS,20171017,12.85,12.85,11.70,11.70,918
APSENERGY,20171017,3.84,3.84,3.84,3.84,1
ARCHICOM,20171017,15.30,15.38,15.30,15.38,633
ARCTIC,20171017,4.39,4.46,4.30,4.31,23571
ARCUS,20171017,1.40,1.42,1.40,1.42,2300
ARTERIA,20171017,8.23,8.23,8.00,8.00,501
ARTIFEX,20171017,9.00,9.00,8.82,8.99,437
ASBIS,20171017,2.58,2.66,2.57,2.57,395418
ASSECOBS,20171017,26.97,26.97,26.30,26.88,293
ASSECOPOL,20171017,45.71,46.46,45.71,45.72,85768
ASSECOSEE,20171017,12.12,12.12,12.12,12.12,850
ASTARTA,20171017,53.93,53.93,53.93,53.93,19
ATAL,20171017,40.50,41.79,40.50,41.79,11520
ATENDE,20171017,4.80,4.80,4.67,4.68,2574
ATLANTAPL,20171017,4.28,4.28,4.24,4.24,1450
ATLANTIS,20171017,0.68,0.68,0.68,0.68,5000
ATLASEST,20171017,0.97,0.97,0.97,0.97,2000
ATM,20171017,11.42,11.42,11.42,11.42,46
ATMGRUPA,20171017,3.91,3.97,3.90,3.93,3569
ATREM,20171017,2.94,2.94,2.94,2.94,60
AUTOPARTN,20171017,5.17,5.17,4.91,4.97,64399
AVIAAML,20171017,5.40,5.40,5.31,5.40,50849
AVIASG,20171017,18.10,18.10,18.10,18.10,2
AWBUD,20171017,5.68,5.68,5.68,5.68,72
BALTONA,20171017,2.92,2.93,2.81,2.93,1734
BBIDEV,20171017,0.74,0.75,0.73,0.75,47687
BEDZIN,20171017,24.45,24.45,24.45,24.45,309
BENEFIT,20171017,1023.00,1035.00,1018.00,1035.00,305
BERLING,20171017,3.82,3.89,3.70,3.81,41146
BEST,20171017,32.00,32.00,32.00,32.00,1500
BETACOM,20171017,12.25,12.25,12.25,12.25,2
BGZBNPP,20171017,65.99,65.99,65.00,65.00,186
BIK,20171017,17.19,17.19,17.15,17.15,5
BIOMEDLUB,20171017,1.15,1.19,1.10,1.11,358442
BIOTON,20171017,4.52,4.62,4.50,4.56,21430
BOGDANKA,20171017,74.99,74.99,74.56,74.90,3412
BORYSZEW,20171017,9.98,10.00,9.97,10.00,25871
BOS,20171017,10.06,10.10,10.03,10.08,3880
BOWIM,20171017,3.78,3.78,3.56,3.61,7126
BRASTER,20171017,9.34,9.45,9.11,9.16,13927
BRIJU,20171017,6.02,6.02,5.91,5.95,1055
BSCDRUK,20171017,33.00,33.50,33.00,33.50,100
BUDIMEX,20171017,210.45,212.30,209.50,210.00,23357
BUMECH,20171017,0.84,0.84,0.81,0.82,424538
BYTOM,20171017,2.57,2.60,2.53,2.54,75292
BZWBK,20171017,357.15,363.65,357.15,361.50,39671
CAPITAL,20171017,3.13,3.18,3.10,3.10,2428
CCC,20171017,278.00,278.55,270.55,270.55,132864
CDPROJEKT,20171017,118.00,118.50,113.50,114.50,434284
CDRL,20171017,29.90,29.90,29.90,29.90,1
CELTIC,20171017,8.29,8.29,8.29,8.29,100
CEZ,20171017,74.10,75.40,74.10,75.40,1938
CFI,20171017,0.62,0.63,0.62,0.63,36630
CHEMOS,20171017,1.26,1.27,1.24,1.24,47460
CIECH,20171017,65.00,65.57,63.00,63.00,61264
CIGAMES,20171017,1.07,1.07,1.03,1.03,1018505
CITYSERV,20171017,10.00,10.12,10.00,10.12,373
CLNPHARMA,20171017,32.71,32.89,32.30,32.86,1558
CNT,20171017,7.47,7.47,7.47,7.47,8
COGNOR,20171017,1.43,1.43,1.39,1.41,80001
COLIAN,20171017,3.25,3.25,3.19,3.21,13256
COMARCH,20171017,174.85,174.95,171.10,173.00,40199
COMP,20171017,60.00,61.30,60.00,61.30,11
CORMAY,20171017,1.90,1.92,1.83,1.86,124539
CPGROUP,20171017,5.95,5.95,5.90,5.90,5001
CUBEITG,20171017,0.79,0.82,0.72,0.79,524673
CYFRPLSAT,20171017,25.80,25.80,25.22,25.30,323881
CZTOREBKA,20171017,0.61,0.63,0.60,0.63,4209
DEBICA,20171017,101.70,101.95,101.35,101.95,137
DECORA,20171017,10.11,10.18,9.95,10.18,1001
DEKPOL,20171017,29.90,29.90,28.76,29.85,712
DELKO,20171017,11.00,11.10,11.00,11.10,1455
DGA,20171017,5.43,5.43,5.15,5.15,1651
DINOPL,20171017,69.40,69.40,67.77,69.00,82907
DOMDEV,20171017,81.14,81.55,81.10,81.49,5140
DROZAPOL,20171017,2.12,2.13,2.05,2.13,4175
ECHO,20171017,5.15,5.19,5.08,5.08,48532
EDINVEST,20171017,1.85,1.85,1.85,1.85,3
EFEKT,20171017,23.89,23.89,23.66,23.89,141
EKOEXPORT,20171017,10.99,11.00,10.65,10.65,14603
ELBUDOWA,20171017,98.64,98.66,98.20,98.20,1404
ELEKTROTI,20171017,9.75,9.97,9.65,9.65,3999
ELEMENTAL,20171017,2.43,2.43,2.37,2.37,46013
ELKOP,20171017,0.52,0.54,0.52,0.53,16230
ELZAB,20171017,10.83,10.83,10.83,10.83,14
EMCINSMED,20171017,9.82,9.82,9.82,9.82,1
EMPERIA,20171017,90.99,90.99,89.51,90.45,1193
ENAP,20171017,1.17,1.17,1.17,1.17,1598
ENEA,20171017,14.07,14.15,13.88,13.95,834368
ENELMED,20171017,12.20,12.40,11.80,12.00,1433
ENERGA,20171017,12.90,12.90,12.61,12.66,691580
ENERGOINS,20171017,1.33,1.35,1.23,1.30,10946
ENTER,20171017,27.73,27.74,27.73,27.74,2
ERBUD,20171017,26.87,26.89,26.75,26.89,254
ERG,20171017,51.50,51.50,51.50,51.50,1
ERGIS,20171017,5.65,5.65,5.47,5.50,21472
ESOTIQ,20171017,20.65,21.18,18.85,20.00,16582
ESSYSTEM,20171017,2.97,2.97,2.97,2.97,100
ETFDAX,20171017,524.70,524.70,524.70,524.70,4
ETFSP500,20171017,94.43,94.43,94.15,94.15,180
ETFW20L,20171017,303.87,303.87,301.68,301.71,529
EUCO,20171017,19.85,21.20,19.85,21.00,7728
EUROCASH,20171017,39.20,39.20,38.12,38.12,267247
EUROTEL,20171017,20.08,20.14,19.80,19.95,1449
EVEREST,20171017,0.95,0.96,0.95,0.96,5086
FAMUR,20171017,6.11,6.11,6.02,6.05,2302927
FASING,20171017,17.80,17.90,17.50,17.90,3210
FEERUM,20171017,14.42,14.42,14.40,14.40,10
FERRO,20171017,15.88,15.88,15.50,15.86,994
FERRUM,20171017,4.27,4.27,4.18,4.26,9913
FORTE,20171017,72.97,72.97,71.15,72.14,1855
FORTUNA,20171017,23.85,23.85,23.85,23.85,12700
GEKOPLAST,20171017,15.79,15.79,15.65,15.65,2
GETBACK,20171017,26.29,26.29,25.50,25.55,22742
GETBACK-PDA,20171017,25.62,25.80,25.41,25.55,14004
GETIN,20171017,1.52,1.54,1.48,1.50,189615
GETINOBLE,20171017,1.57,1.58,1.50,1.51,3350518
GINOROSSI,20171017,1.52,1.52,1.49,1.50,5516
GLCOSMED,20171017,3.03,3.03,2.85,2.99,601
GOBARTO,20171017,7.29,7.48,7.29,7.48,4343
GORENJE,20171017,25.99,25.99,25.05,25.50,153
GPRE,20171017,5.26,5.27,5.25,5.26,57564
GPW,20171017,49.51,49.98,48.85,49.97,142352
GRAVITON,20171017,0.80,0.80,0.80,0.80,5001
GROCLIN,20171017,7.66,7.66,7.50,7.50,1400
GRODNO,20171017,12.19,12.19,12.19,12.19,1
GRUPAAZOTY,20171017,75.02,75.83,73.65,73.65,58090
GTC,20171017,9.73,9.73,9.65,9.66,5067
HANDLOWY,20171017,70.00,70.00,69.52,69.61,28395
HARPER,20171017,1.02,1.02,0.94,1.02,395
HELIO,20171017,14.47,14.47,13.90,13.90,411
HERKULES,20171017,3.69,3.69,3.62,3.62,3472
HUBSTYLE,20171017,0.89,0.89,0.87,0.87,6041
HYDROTOR,20171017,39.35,39.35,38.85,38.90,75
I2DEV,20171017,14.05,14.05,14.00,14.00,1840
IDEABANK,20171017,23.90,23.90,23.56,23.88,442
IFIRMA,20171017,3.59,3.59,3.54,3.54,1323
IFSA,20171017,0.49,0.50,0.47,0.50,2534
IIAAV,20171017,9.27,9.27,9.27,9.27,88
IMCOMPANY,20171017,10.98,10.98,10.70,10.98,94
IMMOBILE,20171017,3.80,3.80,3.73,3.76,350
IMPEL,20171017,25.79,25.79,24.60,25.45,114
IMPERA,20171017,1.46,1.46,1.46,1.46,2
IMPEXMET,20171017,4.53,4.59,4.53,4.54,14381
IMS,20171017,3.50,3.50,3.50,3.50,500
INDYKPOL,20171017,62.50,62.50,62.50,62.50,1
INGBSK,20171017,198.00,198.60,192.95,192.95,27044
INPRO,20171017,4.52,4.52,4.35,4.48,1766
INSTALKRK,20171017,13.53,13.53,13.30,13.50,1486
INTERAOLT,20171017,12.10,12.19,12.10,12.19,755
INTERCARS,20171017,291.00,293.70,287.35,290.00,1344
INTERSPPL,20171017,2.45,2.45,2.45,2.45,231
INTLDAX19869,20171017,29.55,29.55,29.55,29.55,140
INTLEUC19448,20171017,27.41,27.41,27.41,27.41,250
INTLEUD19240,20171017,24.84,24.84,24.05,24.05,580
INTLEUD19471,20171017,17.39,17.39,16.52,16.52,600
INTLEUD19547,20171017,12.29,12.29,11.65,11.65,600
INTLGLD18317,20171017,44.89,44.89,44.64,44.64,42
INTLGLD19604,20171017,27.50,28.35,25.46,26.17,1539
INTLHSC19273,20171017,29.41,29.41,29.41,29.41,1
INTLKGH17293,20171017,41.11,41.11,41.11,41.11,44
INTLKGH17459,20171017,31.32,32.46,31.32,32.36,2145
INTLKGH19182,20171017,27.74,27.89,26.99,27.89,2162
INTLOPL18309,20171017,1.20,1.20,1.20,1.20,10000
INTLPKN18259,20171017,42.70,42.70,42.70,42.70,30
INTLPKO18812,20171017,5.69,5.69,5.69,5.69,108
INTLPZU19620,20171017,6.24,6.24,6.23,6.23,1160
INTLSLV19489,20171017,6.50,6.50,6.00,6.33,1221
INTLUSD03731,20171017,19.37,19.37,19.37,19.37,50
INTLUSD05611,20171017,14.43,14.43,13.65,13.65,508
INTLUSD19786,20171017,9.14,9.14,8.85,8.85,4700
INTLW2018499,20171017,3.90,3.90,3.90,3.90,100
INTLW2018614,20171017,3.54,3.54,3.54,3.54,5000
INTLW2019513,20171017,2.34,2.34,2.22,2.24,750
INTLW2019570,20171017,1.98,1.99,1.90,1.90,13458
INTROL,20171017,6.45,6.45,6.45,6.45,100
INTSBCO09944,20171017,43.40,43.40,43.40,43.40,15
INTSBCO11353,20171017,24.17,24.17,22.47,22.47,86
INTSDOW19042,20171017,62.10,62.10,62.10,62.10,11
INTSEUD06080,20171017,27.17,28.00,27.10,28.00,1160
INTSGLD00638,20171017,47.20,48.32,47.20,48.32,50
INTSGLD14936,20171017,87.75,89.30,87.75,89.30,34
INTSKGH17988,20171017,35.36,36.41,34.76,34.76,1030
INTSNDX19059,20171017,11.37,11.37,11.37,11.37,176
INTSNKX08482,20171017,29.05,29.05,29.05,29.05,100
INTSOPL11650,20171017,2.14,2.14,2.14,2.14,50
INTSPEO18051,20171017,26.69,26.69,26.69,26.69,150
INTSPGE19752,20171017,2.69,2.69,2.69,2.69,1601
INTSPKN19828,20171017,17.74,19.02,17.74,19.02,400
INTSPKO02741,20171017,6.38,6.38,6.38,6.38,77
INTSPKO02980,20171017,9.65,9.65,9.53,9.53,400
INTSSP517921,20171017,3.53,3.53,3.53,3.53,500
INTSUSD18887,20171017,30.68,30.68,30.25,30.25,50
INTSUSD19257,20171017,19.29,19.29,18.53,18.83,220
INTSUSJ17509,20171017,18.71,18.71,18.71,18.71,2
INTSW2005884,20171017,1.70,1.76,1.70,1.75,10152
INTSW2019307,20171017,2.63,2.63,2.62,2.62,5000
INTSW2019893,20171017,5.68,5.68,5.68,5.68,150
INVISTA,20171017,1.27,1.29,1.27,1.29,200
INVPEFIZ,20171017,736.01,764.90,736.01,764.90,7
IPOPEMA,20171017,1.47,1.47,1.45,1.47,54
IZOBLOK,20171017,129.50,129.50,126.00,126.75,346
IZOLACJA,20171017,1.85,1.85,1.85,1.85,2
IZOSTAL,20171017,5.89,5.89,5.78,5.85,210
JHMDEV,20171017,1.85,1.85,1.85,1.85,130
JSW,20171017,99.05,100.20,99.05,99.80,93701
JWCONSTR,20171017,4.61,4.65,4.61,4.65,187
JWWINVEST,20171017,2.20,2.20,2.20,2.20,250
K2INTERNT,20171017,15.38,15.45,14.19,14.90,717
KANIA,20171017,1.52,1.61,1.52,1.54,175176
KBDOM,20171017,2.63,2.63,2.63,2.63,120
KCI,20171017,0.99,1.02,0.92,0.96,71841
KERNEL,20171017,48.16,48.50,47.20,47.29,257117
KETY,20171017,397.00,399.25,395.50,395.65,938
KGHM,20171017,126.05,127.35,124.95,125.95,866462
KGL,20171017,24.33,24.33,24.33,24.33,1
KOGENERA,20171017,77.99,77.99,75.90,77.88,652
KOMPUTRON,20171017,5.92,5.92,5.80,5.82,4507
KONSSTALI,20171017,30.50,30.50,29.00,30.50,1291
KOPEX,20171017,3.88,3.91,3.84,3.87,54125
KRAKCHEM,20171017,2.38,2.38,2.38,2.38,237
KREC,20171017,6.57,6.57,6.50,6.50,2
KREDYTIN,20171017,24.65,24.65,23.83,23.83,20
KREZUS,20171017,1.21,1.23,1.17,1.17,519231
KRUK,20171017,284.10,285.50,280.40,282.30,32209
KRUSZWICA,20171017,70.81,70.98,69.50,69.50,124
KRVITAMIN,20171017,5.25,5.25,4.75,4.92,2626
KSGAGRO,20171017,2.05,2.14,2.05,2.14,3002
LABOPRINT,20171017,10.46,10.46,10.46,10.46,1
LARQ,20171017,15.68,15.68,14.15,14.82,8963
LCCORP,20171017,2.74,2.77,2.74,2.76,1219947
LENA,20171017,4.02,4.02,3.97,3.97,2581
LENTEX,20171017,8.24,8.30,8.10,8.10,10046
LIBET,20171017,1.96,1.97,1.91,1.97,1046
LIVECHAT,20171017,46.17,46.17,45.60,45.60,9231
LOKUM,20171017,16.50,16.50,16.50,16.50,183
LOTOS,20171017,66.20,66.22,64.72,64.90,310995
LPP,20171017,8308.05,8375.00,8108.00,8135.60,1307
LSISOFT,20171017,12.17,12.33,12.15,12.15,5512
LUBAWA,20171017,0.94,0.94,0.92,0.94,58340
MABION,20171017,105.75,107.30,104.80,106.05,1325
MANGATA,20171017,93.98,93.98,90.47,91.02,184
MARVIPOL,20171017,12.41,12.85,12.41,12.82,7397
MASTERPHA,20171017,5.09,5.09,5.00,5.09,506
MAXCOM,20171017,32.69,32.69,32.00,32.32,1038
MBANK,20171017,465.20,465.20,450.25,450.65,19338
MBWS,20171017,61.41,61.41,61.41,61.41,15
MCI,20171017,9.04,9.08,9.02,9.03,77112
MDIENERGIA,20171017,4.29,4.30,4.15,4.28,25875
MEDIACAP,20171017,2.36,2.37,2.36,2.37,45
MEDICALG,20171017,225.00,225.00,207.00,207.00,4740
MENNICA,20171017,17.70,18.00,17.70,18.00,2427
MERCATOR,20171017,16.69,16.69,16.31,16.32,1789
MERCOR,20171017,9.69,9.69,9.69,9.69,3
MEXPOLSKA,20171017,4.88,4.88,4.80,4.86,4133
MFO,20171017,37.94,37.94,37.60,37.90,72
MILKILAND,20171017,1.60,1.61,1.60,1.61,1500
MILLENNIUM,20171017,7.67,7.74,7.46,7.47,973524
MIRACULUM,20171017,2.30,2.35,2.24,2.24,14409
MIRBUD,20171017,1.14,1.21,1.12,1.16,418429
MLPGROUP,20171017,47.31,47.31,47.31,47.31,1
MOJ,20171017,0.92,0.92,0.92,0.92,120
MOL,20171017,43.00,44.54,43.00,43.21,3017
MONNARI,20171017,8.91,8.92,8.11,8.60,59581
MORIZON,20171017,1.47,1.47,1.37,1.40,29605
MOSTALPLC,20171017,11.38,11.38,11.27,11.27,339
MOSTALWAR,20171017,8.56,8.56,8.11,8.14,4668
MOSTALZAB,20171017,0.80,0.81,0.78,0.79,308631
MWTRADE,20171017,6.55,6.55,6.55,6.55,152
NETIA,20171017,3.90,3.96,3.85,3.91,1356408
NETMEDIA,20171017,8.45,8.45,8.45,8.45,90
NEUCA,20171017,266.40,266.45,251.20,252.00,4774
NEWAG,20171017,15.51,15.52,15.42,15.42,593
NOVITA,20171017,50.00,50.00,50.00,50.00,1731
NOWAGALA,20171017,2.02,2.03,1.99,2.03,55614
NTTSYSTEM,20171017,2.16,2.23,2.11,2.23,8184
ODLEWNIE,20171017,3.79,3.83,3.79,3.83,3686
OEX,20171017,20.00,20.00,19.90,19.95,203
OPENFIN,20171017,1.79,1.83,1.72,1.83,5433
OPONEO.PL,20171017,47.60,47.60,46.60,46.60,2080
OPTEAM,20171017,5.08,5.25,5.08,5.25,175
ORANGEPL,20171017,5.07,5.09,4.97,5.02,5246854
ORBIS,20171017,91.50,91.50,91.50,91.50,49
ORION,20171017,61.89,61.89,61.89,61.89,2
ORZBIALY,20171017,12.30,12.50,12.00,12.19,4097
OTLOG,20171017,23.58,23.58,23.00,23.58,212
OTMUCHOW,20171017,3.94,3.94,3.78,3.92,5065
PAMAPOL,20171017,1.00,1.00,1.00,1.00,2000
PANOVA,20171017,24.68,24.68,24.64,24.64,1183
PATENTUS,20171017,1.05,1.07,1.05,1.07,3077
PBG,20171017,0.28,0.28,0.27,0.28,908567
PBKM,20171017,59.00,59.00,58.60,59.00,136
PCCEXOL,20171017,1.73,1.73,1.73,1.73,58
PCCINTER,20171017,2.00,2.00,2.00,2.00,33
PCCROKITA,20171017,95.09,95.19,94.80,94.81,497
PCM,20171017,28.75,28.90,28.00,28.89,2898
PEKAO,20171017,127.95,127.95,126.85,127.00,703194
PEMANAGER,20171017,41.67,41.67,41.64,41.64,441
PEP,20171017,13.67,13.80,13.65,13.80,8058
PEPEES,20171017,1.32,1.32,1.32,1.32,5
PFLEIDER,20171017,44.94,44.94,43.76,43.95,1351
PGE,20171017,13.25,13.26,13.02,13.02,1423499
PGNIG,20171017,6.92,6.95,6.87,6.87,2064577
PGO,20171017,5.04,5.04,5.04,5.04,32
PGSSOFT,20171017,11.77,11.77,11.25,11.41,11622
PHN,20171017,15.10,15.25,15.01,15.25,2266
PKNORLEN,20171017,131.30,131.80,129.95,130.50,789485
PKOBL1,20171017,107.54,107.54,107.54,107.54,10
PKOBP,20171017,36.52,37.08,36.48,36.80,1979374
PKOGD,20171017,104.50,104.50,104.50,104.50,500
PKOGS,20171017,99.71,99.75,99.50,99.60,4013
PKPCARGO,20171017,55.50,55.50,53.43,55.00,23723
PLASTBOX,20171017,2.30,2.30,2.22,2.30,426
PLAY,20171017,37.19,37.39,37.02,37.03,385435
PLAYWAY,20171017,69.00,69.00,67.20,68.49,2298
PLAZACNTR,20171017,6.00,6.00,5.48,5.48,5167
PMPG,20171017,4.08,4.08,4.00,4.06,550
POLICE,20171017,21.08,21.08,20.81,20.81,151
POLIMEXMS,20171017,5.19,5.22,5.13,5.16,162719
POLMED,20171017,2.30,2.35,2.30,2.35,13788
POLNA,20171017,19.22,19.50,18.22,18.60,1012
POLNORD,20171017,9.00,9.00,8.77,8.83,6556
POLWAX,20171017,12.52,12.55,12.32,12.51,3559
POZBUD,20171017,2.60,2.60,2.52,2.59,19761
PRAGMAINK,20171017,13.19,13.19,13.00,13.00,66
PRAIRIE,20171017,1.59,1.59,1.56,1.56,54112
PRIMAMODA,20171017,4.70,4.75,4.70,4.75,992
PROCAD,20171017,1.49,1.53,1.47,1.53,1074
PROCHEM,20171017,17.97,17.97,17.97,17.97,15
PROCHNIK,20171017,0.72,0.72,0.71,0.71,13771
PROJPRZEM,20171017,12.68,12.68,12.68,12.68,2
PROTEKTOR,20171017,3.75,3.75,3.62,3.63,3077
PULAWY,20171017,183.90,184.00,180.00,184.00,50
PZU,20171017,47.07,47.47,46.67,46.67,976512
PZUAKORD,20171017,112.50,112.99,112.50,112.99,185
QUANTUM,20171017,15.50,15.50,15.50,15.50,163
QUERCUS,20171017,5.80,5.89,5.79,5.80,6729
QUMAK,20171017,1.86,1.98,1.73,1.97,144930
RADPOL,20171017,1.73,1.73,1.70,1.72,145496
RAFAKO,20171017,5.00,5.20,4.96,5.15,180797
RAINBOW,20171017,36.50,36.50,36.00,36.27,571
RANKPROGR,20171017,1.81,1.81,1.75,1.75,66342
RAWLPLUG,20171017,11.00,11.00,10.36,10.68,2760
RCBSX5E0320,20171017,1126.50,1126.50,1126.50,1126.50,72
RCBSX5E1118,20171017,1033.30,1033.30,1033.30,1033.30,100
RCBSX5E1218,20171017,1034.00,1034.00,1034.00,1034.00,50
RCCCXAOPEN,20171017,50.50,50.50,50.50,50.50,43
RCCOPPOPEN,20171017,11.44,11.44,11.44,11.44,300
RCCRUAOPEN,20171017,8.52,8.52,8.52,8.52,300
RCESX7E0621,20171017,995.00,998.40,995.00,998.40,246
RCFL2DBK,20171017,14.31,14.31,14.31,14.31,1
RCFL2GOLD,20171017,55.85,55.85,55.85,55.85,25
RCFL3CCC,20171017,290.10,290.10,279.30,279.30,68
RCFL3COCO,20171017,6.52,6.74,6.52,6.74,1328
RCFL3COFF,20171017,3.61,3.63,3.61,3.63,7740
RCFL3CPS,20171017,84.70,84.70,84.70,84.70,20
RCFL3DBK,20171017,2.35,2.35,2.35,2.35,500
RCFL3EUH,20171017,55.95,55.95,55.95,55.95,9
RCFL3GOLD,20171017,33.16,33.17,33.11,33.13,1114
RCFL3KGH,20171017,18.83,19.50,18.50,19.15,1517
RCFL3OIL,20171017,1.47,1.48,1.46,1.46,10750
RCFL3OIL2,20171017,166.40,167.10,166.40,167.10,769
RCFL3OPL,20171017,9.21,9.26,8.82,9.26,2254
RCFL3PEO,20171017,32.63,32.86,32.63,32.86,8664
RCFL3SIE,20171017,149.10,149.10,148.50,148.50,29
RCFL3SILVE,20171017,6.47,6.47,6.26,6.26,32822
RCFL3W20,20171017,115.60,115.60,115.60,115.60,90
RCFL3WHT,20171017,5.22,5.22,5.22,5.22,140
RCFL4OIL,20171017,10.17,10.17,9.98,9.98,143
RCFODAOPEN,20171017,38.45,38.45,38.45,38.45,1
RCFS3BAS,20171017,7.67,7.67,7.67,7.67,45
RCFS3BMW,20171017,7.89,7.89,7.89,7.89,400
RCFS3COPP,20171017,2.35,2.36,2.35,2.36,1145
RCFS3DBK,20171017,22.25,22.25,22.25,22.25,60
RCFS3ENA,20171017,11.50,11.50,11.50,11.50,40
RCFS3FDX,20171017,12.90,12.90,12.90,12.90,300
RCFS3KGH,20171017,3.30,3.30,3.25,3.25,5030
RCFS3LPP,20171017,3.78,3.84,3.78,3.84,3050
RCFS3SILVE,20171017,65.80,66.80,65.80,66.80,1210
RCFS4ESX,20171017,1.75,1.75,1.75,1.75,225
RCFS4OIL,20171017,2.11,2.13,2.10,2.13,5000
RCGBSH10520,20171017,1123.70,1123.70,1123.70,1123.70,30
RCGCOMB0221,20171017,1089.90,1089.90,1089.80,1089.80,85
RCGEEM0520,20171017,990.10,990.10,990.10,990.10,19
RCGLDAOPEN,20171017,462.80,462.80,462.80,462.80,5
RCGNS010920,20171017,1117.30,1118.30,1117.30,1118.30,180
RCGSD3E0822,20171017,978.70,978.70,978.70,978.70,50
RCGSDG10219,20171017,1175.60,1175.60,1175.60,1175.60,34
RCGSLV290920,20171017,1022.40,1022.40,1022.40,1022.40,10
RCGSXE021120,20171017,969.40,969.40,969.40,969.40,115
RCGSXHC0119,20171017,1008.70,1008.70,1008.70,1008.70,21
RCGSXHC0222,20171017,978.10,978.10,978.10,978.10,10
RCIDXB11018,20171017,1128.50,1128.50,1128.50,1128.50,15
RCSCRAOPEN,20171017,250.80,250.80,248.40,248.40,60
RCSDGP0421,20171017,982.80,982.80,980.20,980.20,60
RCSILAOPEN,20171017,61.40,61.45,61.40,61.45,3000
RCTLCOCO05,20171017,22.54,22.54,21.74,22.41,245
RCTLCOFF001,20171017,0.92,0.92,0.92,0.92,2200
RCTLGOLD09,20171017,7.05,7.05,7.05,7.05,12
REDAN,20171017,1.39,1.39,1.32,1.32,21809
REDWOOD,20171017,0.90,0.92,0.89,0.92,3778
RELPOL,20171017,7.29,7.29,7.29,7.29,53
REMAK,20171017,14.16,14.16,14.16,14.16,2
RESBUD,20171017,0.66,0.67,0.64,0.64,17825
ROBYG,20171017,3.20,3.20,3.10,3.17,711214
RONSON,20171017,1.66,1.66,1.60,1.63,3002
ROPCZYCE,20171017,25.14,25.68,24.70,24.70,2683
RUBICON,20171017,1.50,1.55,1.50,1.50,1948
SANOK,20171017,56.01,56.36,55.80,56.00,1007
SARE,20171017,20.40,21.63,20.40,21.63,1099
SECOGROUP,20171017,17.52,18.35,17.52,18.35,292
SEKO,20171017,7.40,7.40,7.39,7.39,1614
SELENAFM,20171017,17.02,17.02,17.02,17.02,58
SELVITA,20171017,48.45,48.45,46.05,47.17,5851
SERINUS,20171017,1.20,1.20,1.18,1.19,127307
SFINKS,20171017,1.52,1.52,1.38,1.41,323450
SILVANO,20171017,11.25,11.25,11.25,11.25,28
SIMPLE,20171017,6.39,6.39,6.39,6.39,1
SKARBIEC,20171017,31.35,31.35,30.90,30.94,14399
SKYLINE,20171017,0.75,0.75,0.75,0.75,2000
SLEEPZAG,20171017,7.30,7.30,6.82,6.95,228
SNIEZKA,20171017,69.00,69.00,69.00,69.00,1
SOHODEV,20171017,2.14,2.15,2.06,2.09,43685
SONEL,20171017,8.50,8.50,8.50,8.50,26
STALEXP,20171017,3.97,3.97,3.94,3.96,94713
STALPROD,20171017,519.90,519.90,506.60,510.00,3544
SUNEX,20171017,2.97,3.03,2.96,3.03,3501
SUWARY,20171017,10.50,10.50,10.40,10.40,2
SWISSMED,20171017,0.88,0.89,0.88,0.89,1020
SYGNITY,20171017,3.21,3.28,3.20,3.20,5501
SYNEKTIK,20171017,15.59,15.59,15.59,15.59,1
SYNTHOS,20171017,5.01,5.01,4.89,4.89,789875
TALEX,20171017,19.90,19.90,19.90,19.90,1
TATRY,20171017,119.80,119.80,118.15,118.15,500
TAURONPE,20171017,3.52,3.53,3.42,3.42,3733144
TERMOREX,20171017,1.92,1.92,1.92,1.92,53
TESGAS,20171017,3.00,3.00,2.90,2.90,3307
TIM,20171017,8.16,8.16,7.85,8.03,3018
TORPOL,20171017,11.30,11.40,11.21,11.39,635
TOYA,20171017,8.50,8.50,8.50,8.50,26
TRAKCJA,20171017,11.28,11.30,11.04,11.07,14586
TRANSPOL,20171017,5.15,5.15,5.05,5.05,2418
TRIGONPP,20171017,138.60,138.60,138.51,138.51,628
TRIGONPP7,20171017,137.00,137.00,137.00,137.00,1
TRITON,20171017,3.56,3.56,3.56,3.56,2300
TXM,20171017,2.42,2.59,2.40,2.50,47105
UCEXSXAP0821,20171017,101.50,101.50,101.50,101.50,1490
UCEXSXEP0621,20171017,101.10,101.10,101.10,101.10,1000
ULMA,20171017,72.00,74.00,72.00,74.00,7
UNIBEP,20171017,11.75,11.75,11.60,11.70,1360
UNICREDIT,20171017,71.56,71.56,71.41,71.42,4056
UNIMA,20171017,3.14,3.15,3.14,3.15,1758
UNIMOT,20171017,29.20,29.20,26.29,28.45,24971
UNIWHEELS,20171017,263.10,263.10,263.05,263.05,58
URSUS,20171017,3.97,4.06,3.96,4.00,232912
VIGOSYS,20171017,320.00,325.00,320.00,325.00,6
VINDEXUS,20171017,9.36,9.59,9.29,9.59,9758
VISTAL,20171017,1.05,1.14,0.96,1.00,284346
VISTULA,20171017,3.52,3.54,3.49,3.49,31008
VIVID,20171017,2.91,3.00,2.91,2.99,59715
VOTUM,20171017,10.23,10.38,10.20,10.38,6139
VOXEL,20171017,16.00,16.00,16.00,16.00,29
WADEX,20171017,5.50,5.50,5.45,5.45,1011
WARIMPEX,20171017,6.60,6.60,6.49,6.49,2100
WASKO,20171017,1.98,2.17,1.98,2.09,311034
WAWEL,20171017,960.00,970.00,960.00,960.00,234
WDX,20171017,8.44,8.69,8.20,8.56,18520
WIELTON,20171017,14.84,14.84,14.40,14.45,23558
WIKANA,20171017,1.23,1.23,1.23,1.23,424
WIRTUALNA,20171017,41.91,42.10,41.51,42.00,38107
WITTCHEN,20171017,17.00,17.00,17.00,17.00,691
WOJAS,20171017,5.14,5.15,4.97,4.97,219
WORKSERV,20171017,5.31,5.31,4.91,5.00,140504
XTB,20171017,5.47,5.60,5.10,5.15,105699
YOLO,20171017,3.00,3.00,3.00,3.00,72
ZAMET,20171017,1.14,1.14,1.10,1.14,875
ZEPAK,20171017,12.54,12.75,12.54,12.70,4887
ZPUE,20171017,238.85,238.85,238.85,238.85,1
ZUE,20171017,8.80,8.80,8.75,8.75,280
ZYWIEC,20171017,451.00,451.05,448.00,448.00,90
INVESTORMS,20171017,4743.77,4743.77,4716.42,4716.42,171865.197
MWIG40,20171017,4955.09,4955.09,4888.22,4888.22,173789.423
MWIG40TR,20171017,6030.34,6030.34,5981.46,5981.46,173789.423
RESPECT,20171017,3246.84,3252.77,3217.48,3217.48,495499.404
SWIG80,20171017,14799.30,14799.30,14698.66,14717.00,34249.914
SWIG80TR,20171017,17063.01,17063.01,17030.07,17030.07,34249.914
WIG,20171017,65416.90,65478.28,64854.15,64854.15,867293.564
WIG-BANKI,20171017,7632.53,7668.90,7601.60,7601.60,229432.368
WIG-BUDOW,20171017,3044.58,3047.23,3029.55,3035.56,8665.236
WIG-CEE,20171017,1008.26,1009.34,1002.28,1002.28,13305.777
WIG-CHEMIA,20171017,16237.54,16307.20,15919.17,15919.17,12245.297
WIG-ENERG,20171017,3267.18,3270.24,3219.97,3219.97,52591.712
WIG-GORNIC,20171017,4859.19,4910.66,4843.92,4871.72,118989.098
WIG-INFO,20171017,2060.73,2080.28,2056.58,2056.58,13311.027
WIG-LEKI,20171017,5765.16,5801.54,5743.10,5773.93,930.443
WIG-MEDIA,20171017,4659.83,4659.83,4585.81,4610.64,2618.893
WIG-MOTO,20171017,5318.50,5344.69,5273.62,5299.62,1055.479
WIG-NRCHOM,20171017,2168.49,2172.01,2156.76,2161.67,7655.325
WIG-ODZIEZ,20171017,7145.84,7170.36,6974.19,6977.65,48519.308
WIG-PALIWA,20171017,8553.63,8556.48,8453.98,8470.60,138687.787
WIG-POLAND,20171017,66736.48,66736.48,66325.49,66325.49,852386.499
WIG-SPOZYW,20171017,3608.92,3615.82,3563.41,3565.47,13684.232
WIG-TELKOM,20171017,737.10,738.22,729.02,729.72,54275.522
WIG-UKRAIN,20171017,508.79,508.79,506.79,506.79,12372.154
WIG20,20171017,2534.17,2538.75,2514.36,2514.36,647701.551
WIG20LEV,20171017,862.18,865.29,848.69,848.69,647701.551
WIG20SHORT,20171017,3093.15,3117.32,3087.56,3117.32,647701.551
WIG20TR,20171017,4367.40,4369.23,4340.63,4340.63,647701.551
WIG30,20171017,2913.69,2918.23,2885.24,2885.24,753163.364
WIG30TR,20171017,4954.22,4954.22,4917.04,4917.04,753163.364
WIGDIV,20171017,1258.31,1259.42,1245.92,1245.92,334876.024
