11BIT,20170914,204.00,204.00,201.40,201.40,2440
4FUNMEDIA,20170914,8.13,8.13,7.96,8.12,624
AATHOLD,20170914,19.25,19.25,19.25,19.25,1
ABADONRE,20170914,6.10,6.10,6.10,6.10,50
ABCDATA,20170914,1.90,1.91,1.86,1.86,221293
ABMSOLID,20170914,11.99,11.99,11.20,11.98,20
ABPL,20170914,27.91,27.91,26.80,27.30,2569
ACTION,20170914,4.99,5.00,4.83,4.95,54048
ADIUVO,20170914,14.99,14.99,14.99,14.99,70
AGORA,20170914,16.93,17.15,16.93,17.10,6122
AGROTON,20170914,5.85,5.93,5.85,5.93,869
AILLERON,20170914,17.90,18.00,17.50,17.88,4299
AIRWAY,20170914,0.91,0.92,0.89,0.89,229072
ALCHEMIA,20170914,5.03,5.03,5.00,5.00,51145
ALIOR,20170914,64.20,64.72,63.36,63.50,237190
ALMA,20170914,0.74,0.81,0.74,0.75,127306
ALTA,20170914,3.05,3.05,3.04,3.04,501
ALTUSTFI,20170914,15.97,16.14,15.93,16.14,3617
ALUMETAL,20170914,47.80,47.89,47.00,47.00,4023
AMBRA,20170914,11.40,11.44,11.30,11.40,14192
AMICA,20170914,162.50,168.80,161.25,162.90,27526
AMREST,20170914,335.00,337.95,332.40,334.95,25998
APATOR,20170914,30.80,30.98,30.70,30.98,4863
APLISENS,20170914,11.49,11.49,11.49,11.49,2
ARCHICOM,20170914,14.50,14.69,14.50,14.69,140
ARCTIC,20170914,4.84,4.91,4.82,4.89,205442
ARCUS,20170914,1.35,1.35,1.28,1.34,8650
ARTERIA,20170914,7.86,7.86,7.67,7.67,2
ARTIFEX,20170914,12.60,12.60,12.03,12.30,1677
ASBIS,20170914,2.36,2.42,2.34,2.39,23758
ASSECOBS,20170914,27.40,27.79,27.40,27.79,2158
ASSECOPOL,20170914,46.75,47.50,46.75,47.50,117678
ASSECOSEE,20170914,12.63,12.63,12.46,12.55,313
ASTARTA,20170914,57.01,58.49,57.01,58.49,198
ATAL,20170914,43.20,44.00,43.20,44.00,3907
ATENDE,20170914,5.00,5.29,4.99,5.29,564
ATLANTAPL,20170914,4.70,4.79,4.65,4.79,401
ATLANTIS,20170914,0.66,0.72,0.65,0.70,104227
ATLASEST,20170914,1.01,1.03,1.01,1.03,8500
ATM,20170914,11.48,11.48,11.46,11.46,46
ATMGRUPA,20170914,4.04,4.04,3.95,4.03,1911
ATREM,20170914,2.85,2.87,2.85,2.87,1184
AUTOPARTN,20170914,5.33,5.37,5.26,5.35,52295
AVIAAML,20170914,5.03,5.03,4.92,4.92,10606
AVIASG,20170914,17.00,17.60,17.00,17.60,338
AWBUD,20170914,6.60,6.60,6.54,6.55,491
BALTONA,20170914,2.37,2.38,2.23,2.38,15154
BBIDEV,20170914,0.84,0.86,0.82,0.86,181358
BEDZIN,20170914,23.65,23.65,23.64,23.64,39
BENEFIT,20170914,1016.50,1016.50,987.00,989.95,506
BEST,20170914,33.00,33.80,33.00,33.00,221
BETACOM,20170914,11.40,11.70,11.40,11.70,199
BGZBNPP,20170914,66.90,66.90,65.30,66.89,290
BIK,20170914,17.59,17.59,17.59,17.59,2
BIOMEDLUB,20170914,1.02,1.03,1.01,1.03,6147
BIOTON,20170914,4.75,4.77,4.70,4.74,23679
BOGDANKA,20170914,78.40,78.50,77.20,78.50,9036
BORYSZEW,20170914,9.90,10.00,9.90,9.96,54217
BOS,20170914,10.47,10.53,10.41,10.45,13817
BOWIM,20170914,3.72,3.72,3.50,3.65,2823
BRASTER,20170914,12.56,12.67,12.42,12.65,12142
BRIJU,20170914,6.94,6.94,6.80,6.81,5840
BSCDRUK,20170914,34.00,34.00,34.00,34.00,100
BUDIMEX,20170914,225.05,225.60,219.00,219.40,10431
BUMECH,20170914,0.93,0.97,0.92,0.95,2166180
BUWOG,20170914,105.00,105.00,105.00,105.00,10
BYTOM,20170914,2.66,2.68,2.65,2.68,8504
BZWBK,20170914,365.15,365.15,359.10,361.05,14202
CAPITAL,20170914,3.16,3.26,3.15,3.16,3953
CCC,20170914,281.40,283.95,278.15,280.00,49688
CDPROJEKT,20170914,107.00,109.30,105.00,106.60,369692
CDRL,20170914,26.29,27.17,26.00,27.17,2488
CELTIC,20170914,5.60,5.60,5.60,5.60,21
CEZ,20170914,69.75,70.75,69.75,70.11,20716
CFI,20170914,0.77,0.77,0.75,0.76,36573
CHEMOS,20170914,1.16,1.20,1.16,1.17,170099
CIECH,20170914,64.50,65.00,64.01,64.30,161583
CIGAMES,20170914,1.23,1.25,1.20,1.21,570698
CITYSERV,20170914,9.74,9.76,9.74,9.76,1100
CLNPHARMA,20170914,36.58,37.10,36.11,36.21,28711
CNT,20170914,7.50,7.51,7.50,7.51,153
COALENERG,20170914,0.85,0.87,0.78,0.87,12301
COGNOR,20170914,1.47,1.47,1.45,1.46,51913
COLIAN,20170914,3.17,3.19,3.16,3.19,8508
COMARCH,20170914,173.90,173.90,166.05,169.95,19027
COMP,20170914,60.48,60.49,59.70,59.70,231
CORMAY,20170914,2.12,2.22,2.02,2.02,808223
CPGROUP,20170914,5.10,5.11,4.63,4.98,3254
CUBEITG,20170914,1.70,1.72,1.57,1.66,92971
CYFRPLSAT,20170914,26.40,26.46,25.92,25.92,844014
CZTOREBKA,20170914,0.70,0.70,0.70,0.70,5
DBSTXE1019,20170914,108.70,108.70,108.70,108.70,1500
DEBICA,20170914,104.10,105.85,104.10,105.85,408
DECORA,20170914,10.49,10.49,10.15,10.15,2472
DEKPOL,20170914,27.90,27.90,27.51,27.90,984
DELKO,20170914,10.65,10.65,10.17,10.55,520
DGA,20170914,4.61,4.65,4.51,4.65,2061
DINOPL,20170914,65.49,65.49,65.09,65.25,38124
DOMDEV,20170914,83.90,84.00,83.90,84.00,1498
DREWEX,20170914,1.25,1.25,1.22,1.24,1891
DROZAPOL,20170914,1.99,2.04,1.99,2.03,3050
ECHO,20170914,5.76,5.79,5.59,5.65,535994
EDINVEST,20170914,1.85,1.85,1.85,1.85,1842
EFEKT,20170914,25.73,25.73,25.72,25.72,2
EKOEXPORT,20170914,11.70,11.79,11.60,11.67,1374
ELBUDOWA,20170914,106.00,106.00,105.95,105.95,58
ELEKTROTI,20170914,11.80,11.80,11.80,11.80,15
ELEMENTAL,20170914,2.41,2.41,2.30,2.32,324935
ELKOP,20170914,0.70,0.71,0.69,0.71,20248
ELZAB,20170914,12.00,12.00,12.00,12.00,100
EMCINSMED,20170914,9.97,9.97,9.97,9.97,1
EMPERIA,20170914,92.50,94.00,92.45,94.00,12541
ENAP,20170914,1.04,1.04,1.04,1.04,2000
ENEA,20170914,14.94,15.00,14.57,14.95,376304
ENERGA,20170914,13.69,13.76,13.29,13.56,879109
ENERGOINS,20170914,1.36,1.40,1.35,1.36,33260
ENTER,20170914,27.48,27.48,27.30,27.30,2
ERBUD,20170914,27.64,27.64,26.13,26.13,2508
ERG,20170914,63.00,63.00,62.14,63.00,211
ERGIS,20170914,6.04,6.04,5.95,6.03,4295
ESOTIQ,20170914,14.84,15.23,14.71,14.90,1694
ETFDAX,20170914,513.48,513.48,511.55,513.00,39
ETFSP500,20170914,91.95,92.04,91.51,91.51,193
ETFW20L,20170914,297.39,299.69,297.28,299.43,876
EUCO,20170914,18.50,18.50,17.95,18.13,3330
EUROCASH,20170914,39.45,39.59,39.10,39.18,280273
EUROHOLD,20170914,1.98,2.08,1.98,2.08,3995
EUROTEL,20170914,20.49,20.49,20.35,20.35,194
EVEREST,20170914,0.91,0.92,0.91,0.92,190
FAM,20170914,3.42,3.50,3.42,3.43,23270
FAMUR,20170914,6.19,6.25,6.16,6.25,351918
FASTFIN,20170914,1.49,1.57,1.49,1.57,3384
FEERUM,20170914,15.70,15.70,15.50,15.50,10
FERRO,20170914,15.90,16.10,15.12,16.10,5471
FERRUM,20170914,4.54,4.55,4.43,4.43,10921
FON,20170914,0.26,0.27,0.25,0.26,39740
FORTE,20170914,70.13,70.13,67.52,67.59,45357
FORTUNA,20170914,23.53,24.05,23.43,23.97,9690
FOTA,20170914,0.30,0.30,0.29,0.30,81415
GEKOPLAST,20170914,15.50,15.69,15.18,15.69,340
GETBACK,20170914,25.95,25.95,25.20,25.54,30197
GETBACK-PDA,20170914,25.50,25.50,25.01,25.35,12716
GETIN,20170914,1.62,1.65,1.61,1.65,383575
GETINOBLE,20170914,1.20,1.20,1.16,1.17,1854609
GINOROSSI,20170914,1.69,1.72,1.66,1.69,31360
GOBARTO,20170914,11.47,11.83,11.47,11.69,50889
GORENJE,20170914,25.00,27.00,25.00,27.00,52
GPRE,20170914,4.82,4.82,4.78,4.80,7440
GPW,20170914,45.61,45.91,45.41,45.50,10670
GRAVITON,20170914,0.90,0.90,0.88,0.88,939
GROCLIN,20170914,8.40,8.66,8.13,8.25,28184
GRODNO,20170914,11.33,11.33,11.32,11.32,684
GRUPAAZOTY,20170914,65.56,66.50,65.56,65.89,35248
GTC,20170914,9.94,9.94,9.81,9.88,884528
HANDLOWY,20170914,69.48,70.00,66.41,67.09,235745
HARPER,20170914,1.00,1.00,1.00,1.00,2
HELIO,20170914,13.30,13.40,12.85,12.85,3888
HERKULES,20170914,3.95,3.95,3.88,3.91,5080
HUBSTYLE,20170914,0.93,0.93,0.93,0.93,2
HYDROTOR,20170914,37.55,38.90,37.55,38.90,131
HYPERION,20170914,0.26,0.27,0.26,0.27,65647
IDEABANK,20170914,25.99,25.99,25.70,25.75,1301
IFCAPITAL,20170914,0.66,0.67,0.64,0.67,21033
IFIRMA,20170914,3.84,3.84,3.62,3.71,9796
IFSA,20170914,0.65,0.65,0.54,0.57,60290
IIAAV,20170914,9.61,9.65,9.61,9.65,39915
IMCOMPANY,20170914,10.65,10.65,10.41,10.64,1402
IMMOBILE,20170914,3.70,3.70,3.67,3.69,11071
IMPEL,20170914,23.99,24.00,23.99,24.00,1714
IMPERA,20170914,1.57,1.64,1.42,1.45,12751
IMPEXMET,20170914,4.43,4.45,4.43,4.44,41257
IMS,20170914,3.57,3.57,3.54,3.54,6231
INC,20170914,1.85,1.85,1.85,1.85,50
INDATA,20170914,0.41,0.43,0.41,0.42,41970
INDYKPOL,20170914,62.90,63.00,62.90,63.00,408
INGBSK,20170914,205.00,205.30,203.30,205.00,9677
INPRO,20170914,5.09,5.09,5.09,5.09,5
INSTALKRK,20170914,14.70,14.89,14.66,14.80,1038
INTERAOLT,20170914,11.96,11.96,11.90,11.90,14434
INTERCARS,20170914,296.00,296.00,290.95,292.00,5111
INTERFERI,20170914,3.77,3.89,3.75,3.85,3205
INTERSPPL,20170914,2.43,2.53,2.43,2.52,15980
INTLADS13409,20170914,47.70,47.70,47.70,47.70,10
INTLADS13987,20170914,42.08,42.08,42.08,42.08,40
INTLBCO19356,20170914,32.38,32.38,32.38,32.38,20
INTLBMW03814,20170914,11.45,11.45,11.45,11.45,91
INTLDAX17798,20170914,42.86,42.86,41.42,42.16,174
INTLDOW18978,20170914,112.50,112.50,112.50,112.50,20
INTLEUD19539,20170914,15.09,15.70,15.09,15.70,1150
INTLEUR17731,20170914,15.30,15.30,15.30,15.30,1100
INTLGLD11726,20170914,120.60,120.60,120.60,120.60,2
INTLGLD12831,20170914,74.35,74.35,74.35,74.35,550
INTLGLD18317,20170914,58.95,58.95,58.85,58.85,1028
INTLGLD19604,20170914,42.20,42.20,42.18,42.18,424
INTLKGH19182,20170914,21.40,22.20,21.40,22.20,323
INTLKGH19372,20170914,17.77,17.77,17.18,17.43,960
INTLKGH19554,20170914,12.27,12.27,11.47,11.47,425
INTLNAG18036,20170914,3.24,3.24,3.24,3.24,8300
INTLNAG18457,20170914,3.16,3.30,3.16,3.30,29530
INTLNAG19026,20170914,2.03,2.12,2.03,2.12,18069
INTLOPL18309,20170914,1.50,1.50,1.44,1.44,1356
INTLPEO12419,20170914,30.20,30.20,30.20,30.20,64
INTLPGE16725,20170914,5.60,5.60,5.60,5.60,1500
INTLPGE19174,20170914,2.30,2.30,2.30,2.30,193
INTLPGE19406,20170914,1.62,1.62,1.62,1.62,317
INTLPGN17467,20170914,2.06,2.06,2.06,2.06,2500
INTLPGN18028,20170914,1.72,1.72,1.72,1.72,3500
INTLPKN18259,20170914,38.50,38.50,38.50,38.50,200
INTLPKN18390,20170914,34.00,34.00,34.00,34.00,100
INTLPKO17541,20170914,6.98,6.98,6.98,6.98,350
INTLPKO18812,20170914,3.97,4.10,3.97,4.10,5000
INTLSLV12955,20170914,12.85,13.18,12.85,13.18,1620
INTLSLV19299,20170914,11.04,11.04,11.04,11.04,10000
INTLUSD05041,20170914,30.85,30.85,30.27,30.27,129
INTLUSD05611,20170914,15.80,16.92,15.15,15.96,693
INTLUSJ18762,20170914,19.15,20.49,19.15,20.49,180
INTLW2017780,20170914,4.68,4.68,4.68,4.68,2270
INTLW2019513,20170914,2.02,2.02,2.02,2.02,750
INTLW2019562,20170914,1.46,1.47,1.41,1.41,6650
INTROL,20170914,6.80,6.80,6.79,6.80,35
INTSBCO09761,20170914,66.90,66.90,66.45,66.45,250
INTSBCO11353,20170914,34.19,34.19,33.20,33.20,82
INTSBCO11676,20170914,25.64,25.64,22.50,22.50,264
INTSBCO18606,20170914,13.38,13.38,11.20,11.20,298
INTSDAX08193,20170914,36.52,36.52,36.52,36.52,10
INTSDAX18424,20170914,71.75,71.75,71.65,71.65,310
INTSDAX19265,20170914,14.31,14.93,13.73,13.94,612
INTSEUD06080,20170914,25.19,25.19,25.19,25.19,500
INTSGBU16352,20170914,19.16,19.16,19.16,19.16,89
INTSGBU19166,20170914,45.54,45.54,45.54,45.54,19
INTSGLD00638,20170914,35.90,35.90,35.90,35.90,3
INTSGLD14936,20170914,76.85,76.85,76.85,76.85,130
INTSHSC19281,20170914,16.58,16.58,16.58,16.58,213
INTSKGH00711,20170914,31.57,31.57,30.22,30.22,547
INTSKGH17988,20170914,41.59,41.59,41.59,41.59,80
INTSNKX07971,20170914,35.75,35.75,34.24,34.24,152
INTSOPL11650,20170914,1.94,1.94,1.94,1.94,2213
INTSUSD18127,20170914,49.72,49.72,49.72,49.72,100
INTSUSD19257,20170914,19.26,19.26,19.26,19.26,250
INTSUSD19455,20170914,13.56,13.56,13.56,13.56,1000
INTSUSJ19349,20170914,18.21,18.56,17.80,17.80,242
INTSW2003194,20170914,1.55,1.55,1.55,1.55,899
INTSW2019596,20170914,4.14,4.19,4.14,4.19,1200
INVFIZ,20170914,915.00,915.00,915.00,915.00,6
INVGLDFIZ,20170914,1521.10,1521.10,1521.10,1521.10,1
INVISTA,20170914,1.34,1.35,1.34,1.35,13066
INVPEFIZ,20170914,764.00,764.10,764.00,764.10,23
IPOPEMA,20170914,1.44,1.44,1.44,1.44,31
IQP,20170914,0.28,0.28,0.28,0.28,5
IZOBLOK,20170914,121.70,121.70,118.00,118.00,229
IZOLACJA,20170914,1.71,1.71,1.71,1.71,650
IZOSTAL,20170914,5.97,5.97,5.97,5.97,211
JHMDEV,20170914,1.89,1.89,1.82,1.89,9949
JSW,20170914,104.75,104.75,102.80,103.90,298668
JWCONSTR,20170914,4.70,4.70,4.63,4.68,1700
JWWINVEST,20170914,2.40,2.40,2.40,2.40,300
K2INTERNT,20170914,15.79,15.79,15.56,15.75,1502
KANIA,20170914,1.55,1.57,1.55,1.57,18624
KBDOM,20170914,2.62,2.62,2.41,2.41,2220
KCI,20170914,0.99,1.02,0.98,1.02,25474
KERNEL,20170914,59.20,61.74,58.11,61.00,171954
KETY,20170914,403.80,404.90,398.50,400.05,19013
KGHM,20170914,119.70,121.30,118.60,120.15,604240
KGL,20170914,24.78,24.78,24.70,24.78,62
KINOPOL,20170914,10.70,10.70,10.70,10.70,1
KOGENERA,20170914,79.99,79.99,78.50,79.50,1059
KOMPUTRON,20170914,5.95,5.95,5.85,5.85,2337
KONSSTALI,20170914,29.99,29.99,29.99,29.99,1
KOPEX,20170914,3.93,3.97,3.87,3.89,20123
KRAKCHEM,20170914,2.29,2.40,2.29,2.40,6544
KREC,20170914,6.55,6.60,6.37,6.60,2826
KREDYTIN,20170914,25.00,25.00,25.00,25.00,630
KREZUS,20170914,0.84,0.88,0.84,0.84,228885
KRUK,20170914,310.50,313.00,301.10,302.95,90258
KRUSZWICA,20170914,72.99,72.99,72.99,72.99,1
KRVITAMIN,20170914,4.95,4.95,4.93,4.93,2
KSGAGRO,20170914,2.27,2.31,2.27,2.31,1580
LABOPRINT,20170914,10.40,10.40,10.40,10.40,1
LARK,20170914,0.43,0.44,0.41,0.41,10461
LARQ,20170914,17.31,18.05,17.31,17.99,527
LCCORP,20170914,2.10,2.22,2.10,2.20,5797000
LENA,20170914,4.06,4.06,3.99,4.05,7620
LENTEX,20170914,8.99,8.99,8.91,8.98,2430
LIBET,20170914,1.84,1.84,1.72,1.76,369909
LIVECHAT,20170914,48.00,49.40,47.55,48.10,129747
LMDSFIZ,20170914,1336.00,1336.00,1336.00,1336.00,1
LOKUM,20170914,16.30,16.30,16.30,16.30,187
LOTOS,20170914,58.99,61.00,58.53,59.88,444864
LPP,20170914,8928.00,9104.80,8928.00,9015.90,8842
LSISOFT,20170914,11.47,11.47,11.30,11.47,150
LUBAWA,20170914,0.92,0.93,0.91,0.91,181814
MABION,20170914,96.30,97.50,93.40,95.90,345
MANGATA,20170914,101.00,101.00,99.70,99.70,2308
MARVIPOL,20170914,13.00,13.00,12.76,12.88,9340
MASTERPHA,20170914,4.77,5.00,4.77,4.94,15221
MAXCOM,20170914,53.79,53.79,52.28,53.78,76
MBANK,20170914,420.00,429.00,418.85,423.75,5702
MBWS,20170914,68.00,69.00,68.00,68.03,248
MCI,20170914,8.51,8.68,8.50,8.55,8485
MDIENERGIA,20170914,4.30,4.37,4.10,4.19,102808
MEDIACAP,20170914,2.37,2.37,2.35,2.35,55
MEDICALG,20170914,258.10,259.25,257.50,258.00,4508
MENNICA,20170914,17.90,17.90,17.50,17.50,15767
MERCATOR,20170914,17.94,17.94,16.20,16.55,9987
MERCOR,20170914,9.84,9.84,9.43,9.68,1284
MEXPOLSKA,20170914,3.85,3.85,3.81,3.84,4582
MFO,20170914,32.95,32.95,32.55,32.90,173
MILKILAND,20170914,1.73,1.73,1.70,1.72,14053
MILLENNIUM,20170914,6.71,6.75,6.60,6.60,1017938
MIRACULUM,20170914,1.72,1.75,1.72,1.75,1912
MIRBUD,20170914,1.25,1.29,1.24,1.26,191604
MOJ,20170914,0.85,0.85,0.85,0.85,45559
MOL,20170914,335.00,335.00,320.25,320.25,19
MONNARI,20170914,8.85,8.85,8.48,8.55,31237
MORIZON,20170914,1.30,1.30,1.30,1.30,1008
MORIZON-PDA,20170914,1.25,1.25,1.25,1.25,200
MOSTALPLC,20170914,12.15,12.15,12.15,12.15,131
MOSTALWAR,20170914,9.90,9.90,9.85,9.88,710
MOSTALZAB,20170914,0.90,0.95,0.90,0.95,532686
MWTRADE,20170914,6.80,6.89,6.80,6.89,1733
NETIA,20170914,3.83,3.85,3.82,3.83,15253
NETMEDIA,20170914,6.70,6.70,6.70,6.70,100
NEUCA,20170914,269.85,269.85,265.05,265.05,393
NEWAG,20170914,15.98,16.17,15.97,16.14,869
NORTCOAST,20170914,8.30,8.30,8.30,8.30,565
NOVITA,20170914,49.99,49.99,49.99,49.99,29
NOWAGALA,20170914,1.95,1.95,1.95,1.95,1601
NTTSYSTEM,20170914,2.05,2.11,2.05,2.11,1396
ODLEWNIE,20170914,3.65,3.65,3.54,3.54,1600
OEX,20170914,20.96,20.96,20.80,20.85,374
OPENFIN,20170914,1.71,1.82,1.70,1.81,15220
OPONEO.PL,20170914,48.50,48.50,48.48,48.48,335
OPTEAM,20170914,5.60,5.60,5.40,5.50,3369
ORANGEPL,20170914,5.30,5.37,5.21,5.31,3997072
ORBIS,20170914,81.70,82.40,81.70,82.10,5900
ORION,20170914,69.89,69.89,69.89,69.89,1
ORZBIALY,20170914,11.94,11.94,11.80,11.94,1440
OTLOG,20170914,21.70,21.70,21.69,21.69,36
OTMUCHOW,20170914,4.27,4.27,4.06,4.27,683
PAGED,20170914,58.89,58.89,58.01,58.18,31
PAMAPOL,20170914,1.09,1.09,1.09,1.09,100
PANOVA,20170914,22.20,22.49,22.20,22.38,475
PBG,20170914,0.29,0.29,0.28,0.29,1433553
PBKM,20170914,60.00,60.00,59.99,59.99,6
PCCEXOL,20170914,1.69,1.69,1.69,1.69,85
PCCINTER,20170914,2.25,2.25,2.24,2.24,139
PCCROKITA,20170914,90.31,90.54,90.10,90.10,10551
PCM,20170914,29.99,29.99,29.34,29.75,591
PEKABEX,20170914,9.35,9.38,9.35,9.38,270
PEKAO,20170914,128.25,130.20,128.20,130.00,562996
PEMANAGER,20170914,50.51,50.51,49.50,50.50,180
PEP,20170914,14.20,14.52,14.20,14.44,3733
PEPEES,20170914,1.30,1.30,1.24,1.26,38674
PFLEIDER,20170914,42.07,42.07,39.30,41.00,123359
PGE,20170914,13.37,13.43,13.02,13.32,1726063
PGNIG,20170914,6.86,6.94,6.86,6.90,3823455
PGO,20170914,5.42,5.42,5.21,5.41,63
PGSSOFT,20170914,12.28,12.28,11.20,12.00,52322
PHN,20170914,16.20,16.20,15.92,16.20,56
PKNORLEN,20170914,125.30,126.45,125.00,126.00,436648
PKOASZEWZ,20170914,98.41,98.41,98.41,98.41,100
PKOBP,20170914,34.90,35.29,34.90,35.29,1597534
PKOGD,20170914,104.70,104.70,104.70,104.70,70
PKPCARGO,20170914,63.87,64.70,63.86,64.64,13549
PLASTBOX,20170914,2.29,2.31,2.24,2.24,7944
PLATYNINW,20170914,0.59,0.62,0.59,0.62,5995
PLAY,20170914,37.80,37.84,37.14,37.78,696158
PLAYWAY,20170914,68.35,68.35,66.01,68.08,4307
PMPG,20170914,3.40,3.53,3.40,3.53,685
POLICE,20170914,20.81,20.81,20.61,20.61,2613
POLIMEXMS,20170914,6.43,6.49,6.38,6.38,159929
POLMED,20170914,2.29,2.29,2.29,2.29,80
POLNORD,20170914,9.90,9.90,9.65,9.73,14541
POLWAX,20170914,12.15,12.16,11.85,11.86,6588
POZBUD,20170914,2.48,2.50,2.45,2.45,22137
PRAGMAINK,20170914,9.40,9.40,9.40,9.40,24
PRAIRIE,20170914,1.72,1.73,1.70,1.72,96406
PRIMAMODA,20170914,4.85,4.85,4.84,4.84,510
PROCAD,20170914,1.45,1.45,1.36,1.41,10443
PROCHEM,20170914,17.86,17.87,17.21,17.87,1023
PROCHNIK,20170914,0.80,0.81,0.80,0.80,20000
PROJPRZEM,20170914,12.87,12.87,12.80,12.87,1126
PROTEKTOR,20170914,4.17,4.17,4.11,4.16,1435
PROVIDENT,20170914,8.60,9.38,8.60,9.38,7
PULAWY,20170914,178.50,181.00,178.50,180.00,45
PZU,20170914,47.85,47.96,47.59,47.63,845986
PZUAKORD,20170914,113.50,113.50,113.50,113.50,69
QMULTIFIZ,20170914,1090.01,1090.01,1090.01,1090.01,235
QUANTUM,20170914,17.04,17.30,16.00,16.06,2197
QUERCUS,20170914,5.57,5.57,5.51,5.52,10999
QUMAK,20170914,1.30,1.30,1.28,1.29,31727
RADPOL,20170914,1.75,1.75,1.70,1.74,7952
RAFAKO,20170914,5.00,5.07,4.91,5.03,94725
RAFAMET,20170914,13.06,13.06,13.06,13.06,52
RAINBOW,20170914,37.20,37.50,37.01,37.49,1448
RANKPROGR,20170914,1.69,1.71,1.65,1.65,15916
RAWLPLUG,20170914,10.77,10.83,10.51,10.83,8379
RCCRUAOPEN,20170914,8.02,8.15,8.01,8.15,24000
RCFL2OIL,20170914,9.50,9.61,9.50,9.60,24404
RCFL3ALR,20170914,175.70,175.70,175.70,175.70,100
RCFL3CBK,20170914,23.15,23.15,23.15,23.15,46
RCFL3COCO,20170914,6.12,6.27,6.12,6.27,1960
RCFL3COFF,20170914,4.95,4.95,4.95,4.95,300
RCFL3ENA,20170914,338.20,338.20,338.20,338.20,2
RCFL3ENG,20170914,416.60,416.60,416.60,416.60,2
RCFL3FDX,20170914,177.30,178.00,177.30,177.50,316
RCFL3KGH,20170914,17.10,17.60,17.10,17.55,1418
RCFL3LPP,20170914,867.00,867.00,867.00,867.00,1
RCFL3OIL,20170914,1.22,1.29,1.22,1.29,697801
RCFL3OIL2,20170914,148.80,148.80,148.80,148.80,180
RCFL3OIL3,20170914,11.95,11.95,11.95,11.95,1050
RCFL3OPL,20170914,10.48,10.48,10.48,10.48,150
RCFL3PEO,20170914,33.92,34.16,33.92,34.08,22504
RCFL3PGE,20170914,15.00,15.00,15.00,15.00,25
RCFL3PKO,20170914,28.56,28.56,28.56,28.56,100
RCFL3SILVE,20170914,7.27,7.27,7.19,7.19,3627
RCFL3WHT,20170914,5.50,5.70,5.50,5.70,3807
RCFL4LIGH,20170914,8.51,8.51,8.50,8.50,190
RCFL4OIL,20170914,8.01,8.55,8.00,8.50,40989
RCFS2GOLD,20170914,109.50,109.50,109.50,109.50,4
RCFS3COPP,20170914,3.02,3.03,3.02,3.03,2100
RCFS3FDX,20170914,14.51,14.51,14.21,14.21,3630
RCFS3GOLD,20170914,96.15,96.15,96.15,96.15,4
RCFS3LPP,20170914,3.00,3.00,3.00,3.00,900
RCFS3OIL,20170914,71.00,71.00,67.50,67.85,1598
RCFS3OIL2,20170914,12.92,12.92,12.92,12.92,60
RCFS3PGE,20170914,17.42,17.42,17.42,17.42,35
RCFS3PGN,20170914,22.05,22.05,22.05,22.05,100
RCFS3SILVE,20170914,60.80,60.80,60.80,60.80,8
RCFS3W20,20170914,26.90,26.90,26.90,26.90,400
RCFS4OIL,20170914,2.78,2.78,2.60,2.63,21662
RCGBSH10520,20170914,1097.50,1097.50,1097.50,1097.50,30
RCGCOMB0221,20170914,1087.90,1088.00,1087.90,1088.00,47
RCGCOMB1120,20170914,1087.40,1088.00,1087.40,1088.00,431
RCGEEM0520,20170914,993.50,993.50,993.50,993.50,3
RCGGLD11019,20170914,990.20,990.20,990.20,990.20,50
RCGLDAOPEN,20170914,477.10,478.00,477.00,477.00,17
RCGNS010920,20170914,1094.70,1094.70,1094.70,1094.70,31
RCGSXS0420,20170914,945.50,945.50,945.50,945.50,20
RCSDGP0720,20170914,985.00,985.00,985.00,985.00,49
RCSILAOPEN,20170914,63.90,63.90,63.90,63.90,4
RCSUGAAOPEN2,20170914,5.09,5.09,5.09,5.09,200
RCTLCOCO01,20170914,12.89,13.01,12.51,12.51,18651
RCTLCOCO05,20170914,20.32,20.79,19.87,19.87,5070
RCTLCOFF001,20170914,1.41,1.41,1.41,1.41,5000
REDAN,20170914,1.56,1.58,1.48,1.57,9778
REDWOOD,20170914,0.92,0.92,0.92,0.92,10
RELPOL,20170914,7.58,7.58,7.07,7.39,4059
REMAK,20170914,17.65,17.65,16.49,16.49,1877
RESBUD,20170914,0.61,0.62,0.61,0.62,20125
ROBYG,20170914,3.37,3.37,3.34,3.35,47782
RONSON,20170914,1.67,1.67,1.65,1.65,954
ROPCZYCE,20170914,21.79,21.79,21.13,21.22,1196
RUBICON,20170914,1.20,1.35,1.20,1.30,19218
SANOK,20170914,59.00,59.00,58.10,58.25,18109
SANTANDER,20170914,24.09,24.09,23.87,23.99,81
SEKO,20170914,7.06,7.06,7.00,7.00,245
SELVITA,20170914,47.90,48.30,47.01,48.27,7329
SERINUS,20170914,1.20,1.20,1.15,1.19,143899
SFINKS,20170914,2.11,2.12,2.09,2.09,9603
SIMPLE,20170914,6.26,6.39,6.25,6.39,2057
SKARBIEC,20170914,30.55,30.55,30.05,30.30,45363
SKOTAN,20170914,0.41,0.43,0.41,0.42,26155
SKYLINE,20170914,0.77,0.77,0.77,0.77,80
SLEEPZAG,20170914,8.18,8.45,8.05,8.45,14586
SNIEZKA,20170914,70.98,70.98,69.00,70.50,151
SOHODEV,20170914,1.84,1.85,1.84,1.85,70211
SOLAR,20170914,1.14,1.14,1.12,1.12,6000
SONEL,20170914,9.00,9.00,9.00,9.00,15
STALEXP,20170914,4.18,4.19,4.14,4.18,35190
STALPROD,20170914,475.90,475.90,460.00,472.00,2510
STALPROFI,20170914,15.00,15.00,15.00,15.00,4
STELMET,20170914,21.90,22.00,21.40,21.71,91006
SUNEX,20170914,2.79,2.84,2.79,2.84,1119
SUWARY,20170914,10.80,10.80,10.80,10.80,2
SWISSMED,20170914,0.95,0.95,0.95,0.95,15
SYGNITY,20170914,2.95,2.95,2.90,2.90,16233
SYNEKTIK,20170914,15.77,15.77,15.05,15.11,15089
SYNTHOS,20170914,4.85,4.88,4.79,4.88,744704
TALANX,20170914,131.20,131.95,131.20,131.95,7
TALEX,20170914,19.00,19.00,19.00,19.00,1
TARCZYNSKI,20170914,9.80,9.80,9.66,9.80,1976
TATRY,20170914,115.50,115.50,115.00,115.50,200
TAURONPE,20170914,3.95,3.95,3.81,3.85,3776422
TERMOREX,20170914,1.99,1.99,1.99,1.99,57
TESGAS,20170914,2.95,3.10,2.95,3.10,98533
TIM,20170914,8.49,8.86,8.22,8.22,10735
TORPOL,20170914,12.19,12.19,11.95,12.08,358658
TOYA,20170914,8.71,8.71,8.71,8.71,10
TRAKCJA,20170914,12.80,12.81,12.61,12.63,53983
TRANSPOL,20170914,5.98,5.98,5.87,5.97,62
TRIGONPP,20170914,137.25,137.25,137.20,137.20,2
TRIGONPP1,20170914,143.40,143.40,143.40,143.40,2
TRIGONPP2,20170914,138.50,138.50,138.50,138.50,2
TRIGONPP3,20170914,133.01,133.01,133.01,133.01,54
TRIGONPP7,20170914,133.00,133.00,133.00,133.00,135
TRIGONPP8,20170914,136.50,136.50,136.50,136.50,431
TRITON,20170914,3.48,3.48,3.48,3.48,1100
TXM,20170914,2.90,2.90,2.76,2.90,3227
ULMA,20170914,73.50,73.50,73.50,73.50,1
UNIBEP,20170914,12.32,12.32,12.20,12.30,977
UNICREDIT,20170914,75.75,75.75,75.75,75.75,52
UNIMA,20170914,4.12,4.22,4.09,4.22,8900
UNIMOT,20170914,34.01,34.33,33.52,34.00,1055
UNIWHEELS,20170914,257.85,257.85,253.10,253.10,2
URSUS,20170914,4.10,4.16,4.06,4.07,92083
VIGOSYS,20170914,331.00,336.00,331.00,336.00,14
VINDEXUS,20170914,10.20,10.23,10.04,10.13,7999
VISTAL,20170914,1.85,2.00,1.67,1.68,625588
VISTULA,20170914,3.60,3.65,3.60,3.60,40671
VIVID,20170914,2.90,3.03,2.90,3.00,50936
VOTUM,20170914,10.25,10.25,10.00,10.18,13222
VOXEL,20170914,15.39,15.39,15.15,15.29,935
WADEX,20170914,5.58,5.58,5.44,5.44,1955
WARIMPEX,20170914,5.79,6.18,5.79,6.05,9642
WASKO,20170914,1.89,1.90,1.89,1.90,110
WAWEL,20170914,1001.00,1005.00,1001.00,1002.00,48
WDX,20170914,8.10,8.10,7.70,8.10,517
WIELTON,20170914,14.51,14.87,14.50,14.70,14243
WIKANA,20170914,1.39,1.45,1.39,1.45,7604
WINVEST,20170914,1.12,1.12,1.12,1.12,109
WIRTUALNA,20170914,45.01,45.01,43.65,44.00,50746
WITTCHEN,20170914,17.29,17.29,16.65,16.65,454
WOJAS,20170914,5.08,5.19,4.66,5.18,8065
WORKSERV,20170914,7.80,7.80,7.66,7.70,586
XTB,20170914,5.49,5.49,5.45,5.45,689
YOLO,20170914,3.50,3.55,3.35,3.55,9940
ZAMET,20170914,1.29,1.29,1.18,1.29,275
ZEPAK,20170914,12.89,13.04,12.85,13.03,7126
ZPUE,20170914,250.00,250.00,244.00,250.00,12
ZUE,20170914,9.19,9.39,9.02,9.39,5335
ZYWIEC,20170914,443.00,448.00,441.50,442.00,60
INVESTORMS,20170914,4880.50,4880.50,4873.17,4873.17,228009.144
MWIG40,20170914,4942.03,4947.01,4896.36,4905.33,187920.011
RESPECT,20170914,3204.72,3209.62,3185.84,3197.99,404784.274
SWIG80,20170914,15120.55,15138.36,15058.37,15094.46,45745.916
WIG,20170914,64790.65,64890.83,64595.14,64748.47,880502.025
WIG-BANKI,20170914,7415.83,7455.79,7409.06,7434.63,179552.274
WIG-BUDOW,20170914,3226.92,3227.96,3176.36,3188.08,13047.906
WIG-CEE,20170914,985.38,995.27,985.38,985.45,12400.714
WIG-CHEMIA,20170914,15211.19,15282.03,15126.59,15220.78,17427.936
WIG-ENERG,20170914,3401.32,3401.32,3322.74,3374.54,56628.654
WIG-GORNIC,20170914,4762.22,4784.70,4715.80,4765.85,104207.972
WIG-INFO,20170914,2111.04,2124.81,2101.64,2120.50,16263.320
WIG-LEKI,20170914,5834.18,5834.18,5739.63,5763.70,2983.172
WIG-MEDIA,20170914,4894.62,4904.37,4845.76,4864.34,2446.095
WIG-MOTO,20170914,5472.80,5472.80,5394.73,5413.62,3119.960
WIG-NRCHOM,20170914,2181.59,2182.54,2162.99,2175.15,25984.642
WIG-ODZIEZ,20170914,7482.28,7574.86,7476.84,7508.02,94922.357
WIG-PALIWA,20170914,8157.13,8231.24,8151.36,8203.92,108194.698
WIG-POLAND,20170914,66111.34,66111.34,65965.92,66086.18,867155.462
WIG-SPOZYW,20170914,4104.06,4210.61,4066.43,4185.42,11419.670
WIG-TELKOM,20170914,755.44,757.34,748.20,750.17,69559.457
WIG-UKRAIN,20170914,566.63,581.61,566.63,581.61,10400.249
WIG20,20170914,2502.15,2511.08,2498.32,2507.43,606573.265
WIG20LEV,20170914,842.61,848.62,840.04,846.17,606573.265
WIG20SHORT,20170914,3127.33,3132.13,3116.16,3120.73,606573.265
WIG20TR,20170914,4307.17,4312.30,4300.93,4312.30,606573.265
WIG30,20170914,2889.33,2896.94,2882.46,2891.24,713970.836
WIG30TR,20170914,4908.57,4911.60,4900.06,4911.60,713970.836
WIGDIV,20170914,1270.12,1274.19,1266.22,1267.94,347594.908
