11BIT,20170912,203.95,204.20,201.35,204.00,8605
4FUNMEDIA,20170912,8.25,8.25,7.75,8.15,11677
AATHOLD,20170912,19.25,19.25,19.25,19.25,1
ABADONRE,20170912,6.00,6.00,6.00,6.00,324
ABCDATA,20170912,1.98,1.98,1.92,1.92,116233
ABMSOLID,20170912,12.00,12.00,12.00,12.00,10
ABPL,20170912,30.90,30.90,28.98,29.05,9395
ACAUTOGAZ,20170912,42.20,42.20,42.20,42.20,50
ACTION,20170912,5.56,5.59,5.25,5.25,177709
ADIUVO,20170912,15.79,15.79,14.80,14.99,1134
AGORA,20170912,15.86,16.14,15.86,16.14,18989
AGROTON,20170912,6.04,6.08,5.83,5.83,27588
AILLERON,20170912,18.37,18.37,17.41,18.00,2342
AIRWAY,20170912,0.94,0.98,0.85,0.92,324379
ALCHEMIA,20170912,5.01,5.04,5.00,5.04,8170
ALIOR,20170912,65.09,66.23,64.37,64.55,191130
ALMA,20170912,0.82,0.82,0.74,0.75,423617
ALTA,20170912,3.20,3.35,3.05,3.05,3020
ALTUSTFI,20170912,15.90,16.19,15.85,16.00,2118
ALUMETAL,20170912,47.50,47.50,47.28,47.50,1944
AMBRA,20170912,11.21,11.30,11.21,11.28,5387
AMICA,20170912,153.60,154.70,152.65,153.20,10849
AMREST,20170912,342.30,347.50,340.10,341.00,1877
APATOR,20170912,29.50,29.89,29.50,29.51,138786
APLISENS,20170912,11.49,11.49,11.49,11.49,2
APSENERGY,20170912,3.82,3.82,3.82,3.82,30
ARCHICOM,20170912,14.70,14.70,14.70,14.70,402
ARCTIC,20170912,4.68,4.78,4.66,4.77,39123
ARCUS,20170912,1.40,1.44,1.38,1.40,14109
ARKASWE17,20170912,107.00,107.00,107.00,107.00,1
ARTERIA,20170912,7.90,7.90,7.60,7.87,1830
ARTIFEX,20170912,12.70,13.00,12.70,12.98,2343
ASBIS,20170912,2.52,2.54,2.43,2.47,146160
ASSECOBS,20170912,27.65,27.84,27.00,27.84,216
ASSECOPOL,20170912,48.39,48.90,47.61,48.00,282194
ASSECOSEE,20170912,12.54,12.67,12.54,12.65,1105
ASTARTA,20170912,59.02,59.20,59.02,59.20,130
ATAL,20170912,42.00,42.90,41.85,42.10,2157
ATENDE,20170912,4.87,4.87,4.87,4.87,4
ATLANTAPL,20170912,4.79,4.85,4.72,4.85,17973
ATLANTIS,20170912,0.63,0.65,0.63,0.65,10556
ATM,20170912,11.48,11.48,11.48,11.48,47
ATMGRUPA,20170912,4.08,4.08,4.00,4.00,1620
ATREM,20170912,2.90,2.90,2.90,2.90,55
AUTOPARTN,20170912,5.39,5.40,5.34,5.38,20375
AVIAAML,20170912,5.03,5.03,4.92,5.03,4060
AVIASG,20170912,19.10,19.10,18.49,18.49,556
AWBUD,20170912,6.60,6.60,6.55,6.55,1800
BALTONA,20170912,2.19,2.40,2.19,2.24,68031
BBIDEV,20170912,0.82,0.83,0.80,0.82,199975
BEDZIN,20170912,23.70,23.70,22.30,23.70,18
BENEFIT,20170912,1000.00,1050.00,990.00,1024.00,4222
BEST,20170912,33.33,33.86,33.33,33.86,460
BETACOM,20170912,11.74,11.74,11.39,11.74,761
BGZBNPP,20170912,66.90,66.90,66.90,66.90,19
BIK,20170912,17.59,17.59,17.59,17.59,205
BIOMEDLUB,20170912,1.02,1.04,1.00,1.03,101875
BIOTON,20170912,4.75,4.80,4.72,4.76,23607
BOGDANKA,20170912,78.41,78.68,78.05,78.57,7033
BORYSZEW,20170912,10.00,10.04,9.83,9.96,224896
BOS,20170912,10.55,10.68,10.53,10.60,60612
BOWIM,20170912,3.75,3.75,3.46,3.75,1126
BRASTER,20170912,12.52,13.34,12.50,12.89,21364
BRIJU,20170912,6.81,6.94,6.75,6.89,7048
BSCDRUK,20170912,32.50,33.30,32.01,33.30,233
BUDIMEX,20170912,224.00,228.65,224.00,227.00,5350
BUMECH,20170912,0.82,0.92,0.82,0.91,1628284
BYTOM,20170912,2.68,2.69,2.65,2.67,7449
BZWBK,20170912,360.35,367.80,357.00,360.00,29224
CAPITAL,20170912,3.23,3.29,3.17,3.17,17034
CCC,20170912,272.00,277.95,271.95,277.55,70637
CDPROJEKT,20170912,101.45,106.60,98.01,104.60,655504
CDRL,20170912,26.49,26.50,26.00,26.29,1594
CEZ,20170912,68.99,68.99,68.06,68.93,2456
CFI,20170912,0.76,0.77,0.75,0.76,43593
CHEMOS,20170912,1.21,1.22,1.20,1.21,89231
CIECH,20170912,64.23,64.70,63.90,64.45,102172
CIGAMES,20170912,1.23,1.24,1.17,1.21,3290711
CITYSERV,20170912,9.63,9.65,9.63,9.65,1260
CLNPHARMA,20170912,37.32,37.32,36.05,36.49,4277
COALENERG,20170912,0.81,0.83,0.77,0.82,8482
COGNOR,20170912,1.49,1.49,1.45,1.48,10454
COLIAN,20170912,3.20,3.20,3.18,3.20,10408
COMARCH,20170912,177.60,180.00,177.00,177.90,7484
COMP,20170912,59.49,60.97,59.49,60.97,51
CORMAY,20170912,2.61,2.61,2.29,2.35,962162
CPGROUP,20170912,5.09,5.48,5.09,5.13,2572
CUBEITG,20170912,1.74,1.83,1.67,1.71,93821
CYFRPLSAT,20170912,26.48,26.68,26.35,26.43,486472
CZTOREBKA,20170912,0.71,0.71,0.71,0.71,6
DEBICA,20170912,107.25,107.30,105.00,105.95,601
DECORA,20170912,10.63,10.63,10.63,10.63,2
DEKPOL,20170912,28.30,29.49,27.95,28.00,9921
DELKO,20170912,10.65,10.65,10.65,10.65,10
DGA,20170912,4.75,4.75,4.75,4.75,1
DINOPL,20170912,62.75,63.88,62.52,63.26,53186
DOMDEV,20170912,83.90,84.00,83.85,84.00,1194
DREWEX,20170912,1.24,1.31,1.18,1.30,33158
DROZAPOL,20170912,2.01,2.01,2.00,2.01,15056
ECHO,20170912,5.35,5.59,5.35,5.48,88722
EFEKT,20170912,27.00,27.00,26.58,26.90,793
EKOEXPORT,20170912,11.81,11.95,11.71,11.71,4872
ELBUDOWA,20170912,108.45,108.45,106.15,107.45,361
ELEKTROTI,20170912,11.75,11.92,11.71,11.90,464
ELEMENTAL,20170912,2.53,2.53,2.40,2.44,135443
ELKOP,20170912,0.70,0.71,0.69,0.71,24152
ELZAB,20170912,13.00,13.00,12.44,12.44,7018
EMCINSMED,20170912,9.97,9.97,9.97,9.97,1
EMPERIA,20170912,92.70,94.00,92.15,92.15,5758
ENAP,20170912,1.06,1.06,1.04,1.05,7256
ENEA,20170912,14.85,14.93,14.66,14.75,574919
ENERGA,20170912,13.78,13.90,13.37,13.56,962134
ENERGOINS,20170912,1.40,1.40,1.32,1.37,21008
ENTER,20170912,27.24,27.24,26.20,26.20,341
ERBUD,20170912,27.70,27.98,27.40,27.80,2764
ERG,20170912,63.40,63.40,62.17,62.17,76
ERGIS,20170912,6.05,6.08,6.03,6.03,12643
ESOTIQ,20170912,14.91,15.77,14.30,15.35,4967
ESSYSTEM,20170912,3.00,3.00,2.90,3.00,502
ETFDAX,20170912,507.22,511.58,507.22,510.97,26
ETFSP500,20170912,89.80,91.13,89.80,90.92,293
ETFW20L,20170912,301.41,302.19,298.84,299.91,442
EUCO,20170912,18.40,18.50,18.10,18.16,4881
EUROCASH,20170912,39.53,40.01,39.52,39.70,658062
EUROHOLD,20170912,2.10,2.10,2.10,2.10,600
EUROTEL,20170912,20.60,20.60,19.96,20.39,5317
FAM,20170912,3.45,3.45,3.43,3.43,7468
FAMUR,20170912,6.21,6.22,6.15,6.19,63411
FASING,20170912,18.01,19.10,18.00,18.25,1550
FASTFIN,20170912,1.53,1.53,1.53,1.53,100
FEERUM,20170912,15.70,15.70,15.70,15.70,10
FERRO,20170912,16.10,16.38,15.81,16.10,3149
FERRUM,20170912,4.60,4.60,4.48,4.48,4687
FON,20170912,0.26,0.27,0.25,0.27,95038
FORTE,20170912,71.90,71.90,70.71,71.32,5001
FORTUNA,20170912,24.40,24.40,23.30,23.88,12070
FOTA,20170912,0.30,0.31,0.29,0.29,80677
GEKOPLAST,20170912,15.33,15.33,15.20,15.33,92
GETBACK,20170912,26.20,26.20,25.60,25.62,83169
GETBACK-PDA,20170912,25.80,25.89,25.10,25.50,25888
GETIN,20170912,1.62,1.65,1.61,1.64,482615
GETINOBLE,20170912,1.19,1.29,1.18,1.22,5427920
GINOROSSI,20170912,1.73,1.73,1.71,1.71,18928
GLCOSMED,20170912,2.68,2.80,2.58,2.80,5149
GOBARTO,20170912,11.00,11.30,10.80,11.05,16303
GORENJE,20170912,28.77,28.77,25.24,26.20,645
GPRE,20170912,4.83,4.83,4.77,4.80,11068
GPW,20170912,46.01,46.60,45.70,46.20,23018
GRAVITON,20170912,0.87,0.88,0.87,0.88,255
GROCLIN,20170912,8.82,8.95,8.70,8.75,14707
GRODNO,20170912,11.50,11.50,11.50,11.50,781
GRUPAAZOTY,20170912,66.00,66.25,65.77,66.09,28993
GTC,20170912,9.95,10.00,9.88,9.95,96711
HANDLOWY,20170912,71.25,71.25,70.03,70.34,14304
HARPER,20170912,1.00,1.00,1.00,1.00,10
HELIO,20170912,14.05,14.49,13.86,14.00,4109
HERKULES,20170912,3.99,3.99,3.92,3.95,5803
HUBSTYLE,20170912,0.94,0.95,0.94,0.95,2605
HYDROTOR,20170912,41.25,41.25,40.50,40.65,6081
HYPERION,20170912,0.30,0.31,0.29,0.30,318190
I2DEV,20170912,14.89,14.90,14.89,14.90,150
IDEABANK,20170912,26.00,26.20,25.70,26.20,2698
IFCAPITAL,20170912,0.63,0.65,0.63,0.65,9729
IFIRMA,20170912,3.72,3.76,3.70,3.74,14136
IIAAV,20170912,9.48,9.61,9.48,9.61,300527
IMCOMPANY,20170912,10.72,10.72,10.45,10.72,2373
IMMOBILE,20170912,3.70,3.70,3.67,3.70,65
IMPEL,20170912,23.90,24.00,23.12,24.00,1243
IMPERA,20170912,1.60,1.60,1.58,1.58,304
IMPEXMET,20170912,4.46,4.46,4.40,4.43,83896
IMS,20170912,3.60,3.60,3.59,3.60,325
INC,20170912,1.82,1.85,1.82,1.85,227
INDATA,20170912,0.41,0.43,0.41,0.43,96660
INDYKPOL,20170912,63.00,63.00,62.00,62.00,31
INGBSK,20170912,205.65,205.65,203.90,205.00,8875
INPRO,20170912,5.09,5.09,4.80,4.99,3096
INSTALKRK,20170912,14.95,14.95,14.62,14.95,1678
INTERAOLT,20170912,11.86,11.86,11.66,11.66,2809
INTERCARS,20170912,294.80,295.00,292.00,295.00,11633
INTERSPPL,20170912,2.54,2.54,2.50,2.50,401
INTLADS13987,20170912,42.14,42.14,42.14,42.14,10
INTLADS19117,20170912,20.49,20.49,20.49,20.49,306
INTLBCO12559,20170912,65.80,65.80,65.80,65.80,5
INTLBCO12674,20170912,57.45,57.45,57.45,57.45,5000
INTLDAX01800,20170912,162.20,162.20,162.20,162.20,2
INTLDAX15099,20170912,113.10,113.10,113.10,113.10,23
INTLDAX16477,20170912,97.40,97.40,97.40,97.40,5
INTLDAX16816,20170912,88.85,88.85,88.85,88.85,10
INTLDAX17798,20170912,42.34,42.76,41.64,41.64,186
INTLDBK16980,20170912,9.95,9.95,9.95,9.95,100
INTLEUC19448,20170912,27.09,27.09,27.09,27.09,113
INTLEUR17731,20170912,13.34,13.34,13.34,13.34,30
INTLGLD12831,20170912,73.85,75.15,73.85,75.15,9
INTLGLD18317,20170912,58.80,59.50,58.80,59.50,121
INTLGLD19604,20170912,42.51,42.51,42.51,42.51,45
INTLKGH16949,20170912,42.71,42.71,42.71,42.71,70
INTLKGH19372,20170912,21.71,21.71,20.91,20.91,102
INTLNAG18036,20170912,3.07,3.18,3.07,3.18,12777
INTLNAG18457,20170912,3.01,3.11,3.01,3.11,20560
INTLNKX18705,20170912,71.95,71.95,71.95,71.95,10
INTLOPL18309,20170912,1.55,1.55,1.55,1.55,3300
INTLPEO16402,20170912,41.64,41.64,41.64,41.64,150
INTLPEO16972,20170912,24.06,24.06,24.06,24.06,2000
INTLPGE16725,20170912,6.31,6.42,6.31,6.42,1500
INTLPGE18895,20170912,3.15,3.15,3.15,3.15,30
INTLPGE19174,20170912,2.90,2.90,2.55,2.55,440
INTLPGE19406,20170912,2.25,2.41,2.25,2.41,50420
INTLPGN17467,20170912,2.04,2.04,2.02,2.02,2500
INTLPKN18259,20170912,37.69,37.69,37.69,37.69,300
INTLPKO17541,20170912,6.63,6.63,6.63,6.63,350
INTLPKO18812,20170912,4.40,4.40,4.40,4.40,1000
INTLSLV12955,20170912,13.31,13.31,13.31,13.31,70
INTLSLV19299,20170912,11.20,11.20,11.20,11.20,1000
INTLSLV19612,20170912,6.79,6.79,6.79,6.79,90
INTLUSD03731,20170912,17.80,17.80,17.80,17.80,100
INTLUSD03772,20170912,21.96,21.96,21.96,21.96,10
INTLUSD05041,20170912,25.55,27.07,25.55,27.07,422
INTLUSD05611,20170912,10.68,12.98,10.37,11.89,1364
INTLUSJ16238,20170912,42.27,42.27,42.27,42.27,69
INTLUSJ18762,20170912,15.93,16.03,15.87,15.87,190
INTLW2019224,20170912,2.80,2.80,2.74,2.74,880
INTLW2019232,20170912,3.00,3.00,2.85,2.85,1000
INTLW2019513,20170912,2.33,2.33,1.95,1.95,5095
INTLW2019521,20170912,2.33,2.33,2.33,2.33,987
INTLW2019562,20170912,1.75,1.75,1.75,1.75,1000
INTROL,20170912,6.80,6.80,6.80,6.80,11
INTSBCO11353,20170912,38.26,38.26,38.26,38.26,26
INTSBCO11676,20170912,29.31,29.78,27.90,27.90,906
INTSBCO18606,20170912,19.22,19.22,16.99,16.99,139
INTSDAX08193,20170912,36.85,36.85,36.85,36.85,60
INTSDAX08342,20170912,58.85,58.95,58.85,58.95,150
INTSDAX18853,20170912,25.20,25.38,24.67,25.38,1115
INTSDAX18952,20170912,83.50,83.50,83.50,83.50,10
INTSDAX19265,20170912,14.65,14.65,12.80,14.41,529
INTSDOW18119,20170912,53.35,53.45,53.35,53.45,117
INTSEUC01271,20170912,20.79,20.79,20.79,20.79,143
INTSEUC19331,20170912,33.51,33.51,33.51,33.51,91
INTSEUD05694,20170912,31.84,31.84,31.84,31.84,303
INTSEUD06080,20170912,20.18,20.79,20.17,20.79,1246
INTSGBU16352,20170912,17.00,17.00,17.00,17.00,10
INTSGBU19166,20170912,47.58,47.58,47.58,47.58,41
INTSNDX19059,20170912,16.88,16.88,16.27,16.27,534
INTSOPL11650,20170912,1.84,1.84,1.84,1.84,1000
INTSPKN18580,20170912,13.49,13.49,13.24,13.24,200
INTSSLV02352,20170912,29.88,29.88,29.88,29.88,3000
INTSSP517921,20170912,5.98,5.98,5.98,5.98,1500
INTSUSD17079,20170912,83.90,83.90,83.90,83.90,100
INTSUSD19257,20170912,22.92,22.92,22.92,22.92,2000
INTSUSD19455,20170912,19.18,19.18,18.77,18.77,40
INTSUSJ16915,20170912,43.45,43.45,43.45,43.45,7
INTSUSJ19349,20170912,21.35,21.35,19.91,19.91,737
INTSW2003194,20170912,1.41,1.61,1.24,1.61,67435
INTSW2005884,20170912,1.90,2.13,1.80,2.13,2600
INTSW2005892,20170912,2.52,2.70,2.52,2.70,1800
INTSW2019430,20170912,3.38,3.38,3.38,3.38,20000
INVISTA,20170912,1.32,1.33,1.28,1.32,19150
INVPEFIZ,20170912,780.22,780.22,780.00,780.00,3
IPOPEMA,20170912,1.39,1.40,1.39,1.40,4002
IQP,20170912,0.28,0.28,0.26,0.28,36
IZOBLOK,20170912,118.80,119.00,118.80,119.00,25
IZOLACJA,20170912,2.07,2.07,2.07,2.07,2
JHMDEV,20170912,1.91,1.91,1.85,1.90,10492
JSW,20170912,104.05,106.50,102.45,104.90,269428
JWCONSTR,20170912,4.71,4.71,4.64,4.69,5296
JWWINVEST,20170912,2.33,2.34,2.33,2.34,176
K2INTERNT,20170912,15.66,15.79,15.23,15.79,1310
KANIA,20170912,1.57,1.58,1.56,1.57,62335
KCI,20170912,0.98,1.03,0.96,1.02,55711
KERNEL,20170912,60.00,60.28,59.02,59.80,86012
KETY,20170912,396.00,401.75,396.00,400.80,7924
KGHM,20170912,125.50,125.85,122.70,123.70,480772
KGL,20170912,24.80,24.80,24.05,24.50,354
KOGENERA,20170912,81.52,82.16,80.60,80.60,1499
KOMPAP,20170912,7.98,7.98,7.98,7.98,250
KOMPUTRON,20170912,6.06,6.06,5.89,5.99,4877
KONSSTALI,20170912,30.50,30.50,30.00,30.50,45
KOPEX,20170912,3.96,3.98,3.96,3.98,34841
KRAKCHEM,20170912,2.29,2.29,2.28,2.28,905
KREC,20170912,6.67,6.67,6.67,6.67,535
KREDYTIN,20170912,24.94,25.01,24.94,25.00,1327
KREZUS,20170912,0.89,0.89,0.84,0.87,139700
KRKA,20170912,242.50,242.50,242.00,242.00,7
KRUK,20170912,304.35,306.10,300.20,304.50,130750
KRUSZWICA,20170912,72.50,72.99,72.50,72.99,203
KRVITAMIN,20170912,4.95,4.95,4.70,4.95,2091
KSGAGRO,20170912,2.27,2.33,2.27,2.29,5135
LABOPRINT,20170912,10.40,10.40,10.25,10.40,102
LARK,20170912,0.43,0.44,0.43,0.43,4617
LARQ,20170912,18.10,18.10,17.25,17.48,6824
LCCORP,20170912,2.16,2.17,2.09,2.16,505340
LENA,20170912,4.00,4.07,3.99,4.07,21800
LENTEX,20170912,9.00,9.00,8.83,9.00,5008
LIBET,20170912,1.91,1.92,1.90,1.90,69
LIVECHAT,20170912,50.25,50.58,50.13,50.58,26369
LOKUM,20170912,16.30,16.30,16.30,16.30,5
LOTOS,20170912,59.00,59.10,58.35,58.60,272779
LPP,20170912,8647.05,8980.00,8604.50,8899.85,3543
LSISOFT,20170912,11.31,11.48,11.30,11.44,6566
LUBAWA,20170912,0.96,0.96,0.93,0.94,244060
MABION,20170912,99.39,99.39,98.50,98.97,347
MAKARONPL,20170912,5.92,5.93,5.92,5.93,514
MANGATA,20170912,98.50,98.50,92.30,92.30,335
MARVIPOL,20170912,13.00,13.27,12.90,13.01,29114
MASTERPHA,20170912,5.09,5.09,4.98,5.00,5292
MAXCOM,20170912,53.85,53.85,53.00,53.50,95
MBANK,20170912,420.05,432.00,420.00,422.00,12667
MBWS,20170912,64.00,67.20,64.00,67.00,391
MCI,20170912,8.70,8.70,8.62,8.64,56233
MDIENERGIA,20170912,4.18,4.34,4.05,4.34,8005
MEDIACAP,20170912,2.37,2.37,2.37,2.37,45
MEDICALG,20170912,261.00,261.00,255.15,259.00,3420
MENNICA,20170912,18.54,18.54,18.02,18.30,5482
MERCATOR,20170912,17.96,17.96,17.76,17.76,108
MERCOR,20170912,9.74,9.76,9.50,9.76,6556
MEXPOLSKA,20170912,4.26,4.39,3.85,3.90,29549
MFO,20170912,32.95,32.95,30.00,30.50,2046
MILKILAND,20170912,1.81,1.82,1.72,1.77,8808
MILLENNIUM,20170912,6.97,7.05,6.91,6.93,793613
MIRACULUM,20170912,1.71,1.73,1.71,1.72,11528
MIRBUD,20170912,1.25,1.26,1.24,1.25,193965
MLPGROUP,20170912,47.98,47.98,47.98,47.98,1
MONNARI,20170912,9.02,9.09,8.89,8.93,37998
MORIZON,20170912,1.30,1.34,1.17,1.30,69708
MORIZON-PDA,20170912,1.26,1.26,1.26,1.26,465
MOSTALPLC,20170912,12.00,12.00,11.62,12.00,134
MOSTALWAR,20170912,9.95,9.95,9.80,9.94,3264
MOSTALZAB,20170912,0.87,0.90,0.86,0.90,218107
MUZA,20170912,3.35,3.35,3.35,3.35,93
MWTRADE,20170912,6.86,6.89,6.80,6.89,5451
NETIA,20170912,3.88,3.88,3.81,3.84,89830
NETMEDIA,20170912,6.51,6.51,6.51,6.51,140
NEUCA,20170912,278.00,278.00,271.55,275.00,2462
NEWAG,20170912,15.85,15.99,15.57,15.99,20639
NORTCOAST,20170912,8.68,8.68,8.68,8.68,29
NOVITA,20170912,50.00,50.00,49.11,49.11,45
NOWAGALA,20170912,1.94,1.98,1.94,1.98,8000
NTTSYSTEM,20170912,2.16,2.16,2.05,2.09,3208
ODLEWNIE,20170912,3.63,3.68,3.63,3.68,32
OEX,20170912,20.99,21.00,20.72,20.97,11095
OPENFIN,20170912,1.68,1.75,1.68,1.70,53792
OPONEO.PL,20170912,48.50,48.80,47.56,48.50,24430
OPTEAM,20170912,5.80,5.80,5.43,5.50,28881
ORANGEPL,20170912,5.38,5.40,5.30,5.39,3013921
ORBIS,20170912,82.79,82.79,81.70,81.70,822
ORION,20170912,69.89,69.89,69.89,69.89,1
ORZBIALY,20170912,12.48,12.48,12.20,12.30,732
OTLOG,20170912,21.52,21.52,21.52,21.52,1
OTMUCHOW,20170912,4.29,4.29,4.20,4.28,3332
PAGED,20170912,58.85,58.85,58.01,58.48,1209
PAMAPOL,20170912,1.07,1.09,1.05,1.09,9960
PANOVA,20170912,22.89,22.89,22.66,22.66,36
PATENTUS,20170912,1.15,1.15,1.15,1.15,20
PBG,20170912,0.29,0.29,0.28,0.29,1939338
PBKM,20170912,60.50,60.50,59.50,59.80,1176
PCCEXOL,20170912,1.66,1.68,1.66,1.68,1075
PCCINTER,20170912,2.16,2.25,2.16,2.25,1418
PCCROKITA,20170912,91.46,91.46,90.10,90.10,680
PCM,20170912,29.62,29.74,29.03,29.20,12290
PEGAS,20170912,166.50,166.70,166.50,166.70,12
PEKAO,20170912,129.05,130.50,127.90,128.50,594218
PEMANAGER,20170912,50.90,50.90,50.03,50.64,137
PEP,20170912,13.80,13.92,13.60,13.87,11990
PEPEES,20170912,1.35,1.35,1.32,1.35,6010
PFLEIDER,20170912,42.99,42.99,42.01,42.52,1087
PGE,20170912,13.75,14.03,13.28,13.37,2218890
PGNIG,20170912,6.80,6.87,6.70,6.70,2083546
PGODLEW,20170912,5.40,5.49,5.05,5.30,3957
PGSSOFT,20170912,11.99,12.30,11.99,12.29,5330
PHN,20170912,16.19,16.39,16.01,16.39,522
PKNORLEN,20170912,126.00,126.30,124.95,126.25,852067
PKOBP,20170912,35.64,35.98,34.71,34.91,2293999
PKOGD,20170912,104.67,104.67,104.67,104.67,24
PKOGS,20170912,101.81,101.84,101.81,101.84,586
PKPCARGO,20170912,64.01,64.90,63.66,64.90,7644
PLASTBOX,20170912,2.34,2.34,2.30,2.34,29718
PLATYNINW,20170912,0.62,0.62,0.62,0.62,52
PLAY,20170912,37.62,38.03,37.50,37.87,582375
PLAYWAY,20170912,66.89,68.80,65.00,68.20,12564
PLAZACNTR,20170912,6.48,6.48,6.20,6.48,70
POLICE,20170912,21.48,21.48,21.00,21.48,1673
POLIMEXMS,20170912,6.58,6.67,6.54,6.55,685680
POLMED,20170912,2.31,2.31,2.31,2.31,50
POLNORD,20170912,9.99,10.10,9.74,9.74,10792
POLWAX,20170912,12.55,12.55,11.97,12.20,6515
POZBUD,20170912,2.49,2.49,2.40,2.48,16660
PRAGMAINK,20170912,9.50,9.50,9.50,9.50,161
PRAIRIE,20170912,1.72,1.83,1.69,1.70,619345
PRIMAMODA,20170912,4.78,4.90,4.78,4.90,1617
PROCAD,20170912,1.45,1.45,1.43,1.45,6002
PROCHEM,20170912,17.55,17.87,17.55,17.87,1651
PROCHNIK,20170912,0.82,0.82,0.78,0.80,208869
PROJPRZEM,20170912,12.89,12.89,12.80,12.87,121
PROTEKTOR,20170912,4.10,4.10,4.07,4.10,4521
PROVIDENT,20170912,9.08,9.08,9.02,9.02,2
PULAWY,20170912,178.75,178.80,177.00,178.50,52
PZU,20170912,48.45,48.57,47.60,47.61,1730961
PZUAKORD,20170912,112.50,112.50,112.50,112.50,240
QMULTIFIZ,20170912,1100.00,1100.00,1100.00,1100.00,37
QUANTUM,20170912,17.80,18.40,17.50,18.00,967
QUERCUS,20170912,5.59,5.69,5.50,5.65,10635
QUMAK,20170912,1.32,1.33,1.29,1.29,56881
RADPOL,20170912,1.76,1.78,1.71,1.77,13337
RAFAKO,20170912,5.25,5.30,4.89,5.04,358267
RAFAMET,20170912,13.06,13.06,13.06,13.06,21
RAINBOW,20170912,38.70,38.70,38.11,38.11,189
RANKPROGR,20170912,1.72,1.75,1.70,1.70,7663
RAWLPLUG,20170912,10.70,10.80,10.40,10.79,872
RCBWTI10917,20170912,500.30,500.30,500.30,500.30,80
RCCRUAOPEN,20170912,7.81,7.84,7.81,7.82,20202
RCFL2GOLD,20170912,59.20,59.20,59.20,59.20,40
RCFL2OIL,20170912,9.11,9.11,9.09,9.09,24204
RCFL2W20,20170912,131.00,131.00,131.00,131.00,750
RCFL3ALR,20170912,198.70,198.70,190.00,190.00,29
RCFL3BAS,20170912,100.20,100.20,100.20,100.20,500
RCFL3BMW,20170912,58.00,58.00,58.00,58.00,40
RCFL3CCC,20170912,302.80,302.80,300.30,300.30,56
RCFL3COCO,20170912,5.71,5.71,5.65,5.65,600
RCFL3COPP,20170912,23.25,23.25,23.23,23.23,5000
RCFL3DBK,20170912,2.15,2.15,2.15,2.15,400
RCFL3ENA,20170912,346.40,346.40,346.40,346.40,2
RCFL3ENG,20170912,432.40,432.40,432.40,432.40,3
RCFL3FDX,20170912,178.00,178.00,178.00,178.00,1
RCFL3KGH,20170912,18.12,18.12,18.12,18.12,150
RCFL3LIGH,20170912,8.48,8.48,8.48,8.48,1762
RCFL3LTS,20170912,621.00,621.00,621.00,621.00,4
RCFL3OIL,20170912,1.13,1.19,1.12,1.17,140658
RCFL3OIL2,20170912,129.30,136.90,129.30,134.50,86
RCFL3OPL,20170912,11.49,11.49,11.43,11.43,1200
RCFL3PEO,20170912,34.43,34.43,34.43,34.43,11
RCFL3PGE,20170912,17.62,17.62,16.66,16.66,400
RCFL3PKN,20170912,517.70,517.70,517.70,517.70,3
RCFL3PKO,20170912,27.88,27.88,27.88,27.88,2629
RCFL3PZU,20170912,111.50,111.50,111.50,111.50,35
RCFL3SILVE,20170912,7.24,7.29,7.16,7.23,8762
RCFL3SOY,20170912,9.64,9.65,9.64,9.64,15750
RCFL3SUGA,20170912,2.48,2.48,2.47,2.47,2500
RCFL3TPE,20170912,304.30,304.30,304.30,304.30,243
RCFL3WHT,20170912,5.07,5.09,5.07,5.07,62560
RCFL3ZALG,20170912,108.50,108.50,108.50,108.50,30
RCFL4ESX,20170912,285.40,289.20,285.40,289.20,300
RCFL4OIL,20170912,7.53,7.53,7.53,7.53,50
RCFS2ESX,20170912,19.29,19.29,19.29,19.29,50
RCFS3ACP,20170912,96.55,96.55,96.55,96.55,10
RCFS3BMW,20170912,8.76,8.76,8.76,8.76,50
RCFS3CCC,20170912,15.13,15.40,15.13,15.40,1920
RCFS3COPP,20170912,2.72,2.82,2.72,2.82,7980
RCFS3ENG,20170912,8.15,8.35,8.07,8.35,5201
RCFS3KGH,20170912,3.61,3.62,3.58,3.62,14237
RCFS3LPP,20170912,3.15,3.17,3.04,3.17,15995
RCFS3OIL,20170912,75.10,75.10,71.95,73.10,1430
RCFS3PKO,20170912,13.20,13.20,13.20,13.20,90
RCFS3SILVE,20170912,58.70,58.70,58.70,58.70,9
RCFS4ESX,20170912,1.91,1.91,1.91,1.91,1090
RCGBSH10520,20170912,1097.80,1097.80,1097.80,1097.80,91
RCGBSK0621B,20170912,987.20,987.20,987.20,987.20,100
RCGCOMB1120,20170912,1088.30,1089.00,1088.30,1089.00,70
RCGLDAOPEN,20170912,475.30,475.30,475.30,475.30,25
RCGNS010920,20170912,1095.10,1095.70,1095.10,1095.70,378
RCGSLV290920,20170912,1013.70,1013.70,1013.70,1013.70,3
RCGSXLV1220,20170912,972.60,972.60,972.60,972.60,1
RCGXAU0322,20170912,988.80,988.80,988.80,988.80,270
RCSILAOPEN,20170912,63.75,63.75,63.75,63.75,150
RCTLCOCO01,20170912,10.64,10.95,10.64,10.95,28290
RCTLCOCO05,20170912,18.49,18.49,18.06,18.06,13800
RCTLGOLD09,20170912,8.49,8.58,8.41,8.43,850
RCTLPEO001,20170912,2.42,2.42,2.42,2.42,20000
RCTLSILV08,20170912,1.55,1.55,1.55,1.55,9680
RCTLWHT002,20170912,2.09,2.09,2.09,2.09,200
RCTSGOLD15,20170912,9.06,9.06,9.06,9.06,79
RCWHTAOPEN,20170912,4.50,4.50,4.50,4.50,200
REDAN,20170912,1.50,1.63,1.50,1.55,26830
REDWOOD,20170912,0.94,0.94,0.94,0.94,131
RELPOL,20170912,7.40,7.40,7.37,7.40,756
REMAK,20170912,17.70,17.70,17.70,17.70,2
RESBUD,20170912,0.62,0.63,0.62,0.63,3079
ROBYG,20170912,3.37,3.38,3.34,3.37,159183
RONSON,20170912,1.67,1.67,1.67,1.67,5869
ROPCZYCE,20170912,21.18,21.90,21.10,21.90,1842
RUBICON,20170912,1.22,1.22,1.19,1.19,13
SANOK,20170912,58.20,59.00,57.99,59.00,56358
SANTANDER,20170912,24.03,24.03,23.41,23.41,6
SARE,20170912,20.22,20.22,20.22,20.22,130
SECOGROUP,20170912,19.20,19.99,18.12,19.50,1305
SEKO,20170912,6.81,6.81,6.81,6.81,150
SELENAFM,20170912,17.30,17.86,17.30,17.86,732
SELVITA,20170912,50.00,50.17,49.11,49.60,670
SERINUS,20170912,1.27,1.28,1.21,1.21,378407
SFINKS,20170912,2.07,2.14,2.07,2.12,20381
SILVANO,20170912,11.50,11.50,11.50,11.50,20
SIMPLE,20170912,6.26,6.52,6.26,6.52,101
SKARBIEC,20170912,30.98,31.05,30.70,30.94,3943
SKOTAN,20170912,0.42,0.44,0.41,0.43,231089
SKYLINE,20170912,0.76,0.77,0.76,0.77,2500
SLEEPZAG,20170912,8.20,8.20,7.80,8.20,77
SNIEZKA,20170912,70.00,70.00,70.00,70.00,219
SOHODEV,20170912,1.86,1.90,1.85,1.89,17372
SOLAR,20170912,1.12,1.14,1.12,1.12,3613
SONEL,20170912,8.95,8.95,8.71,8.71,98
SOPHARMA,20170912,9.40,9.40,9.40,9.40,200
STALEXP,20170912,4.26,4.26,4.15,4.17,89891
STALPROD,20170912,444.00,471.10,443.50,471.10,13878
STALPROFI,20170912,15.19,15.19,15.01,15.12,1223
STELMET,20170912,21.40,22.39,21.20,22.39,3871
SUNEX,20170912,2.76,2.82,2.74,2.82,2243
SUWARY,20170912,10.54,10.86,10.54,10.80,681
SWISSMED,20170912,0.96,0.96,0.96,0.96,2244
SYGNITY,20170912,3.05,3.05,2.94,3.04,6289
SYNEKTIK,20170912,15.78,15.78,15.78,15.78,1
SYNTHOS,20170912,4.89,4.90,4.82,4.87,641300
TALEX,20170912,19.00,19.00,18.52,19.00,23
TARCZYNSKI,20170912,9.90,9.90,9.90,9.90,50
TATRY,20170912,115.50,115.50,115.00,115.00,122
TAURONPE,20170912,3.99,4.01,3.97,4.00,2156184
TERMOREX,20170912,1.99,1.99,1.99,1.99,48
TESGAS,20170912,2.85,2.85,2.81,2.85,1410
TIM,20170912,9.25,9.29,8.53,8.53,1806
TORPOL,20170912,12.06,12.10,12.05,12.09,7367
TOYA,20170912,8.72,8.72,8.70,8.70,18
TRAKCJA,20170912,13.14,13.14,12.94,12.95,19093
TRANSPOL,20170912,6.03,6.03,5.89,6.02,4672
TRIGONPP,20170912,137.00,137.00,137.00,137.00,48
TRIGONPP1,20170912,143.40,143.40,143.40,143.40,1
TRIGONPP2,20170912,138.50,138.50,138.50,138.50,1
TRIGONPP3,20170912,133.20,133.20,133.20,133.20,20
TRIGONPP7,20170912,133.20,133.20,133.20,133.20,8
TRITON,20170912,3.48,3.58,3.47,3.47,146
TXM,20170912,2.95,2.95,2.90,2.95,3788
UCEXHUI0421,20170912,101.90,102.10,101.90,102.10,4000
ULMA,20170912,74.00,74.00,69.00,69.99,7312
UNIBEP,20170912,12.35,12.35,12.29,12.30,823
UNICREDIT,20170912,73.04,75.20,73.04,75.00,249
UNIMA,20170912,4.12,4.22,4.12,4.13,6401
UNIMOT,20170912,34.19,34.19,32.60,33.39,8770
UNIWHEELS,20170912,258.00,258.00,258.00,258.00,3
URSUS,20170912,4.34,4.34,4.20,4.23,158344
VIGOSYS,20170912,336.00,336.00,331.00,335.00,39
VINDEXUS,20170912,10.34,10.45,10.24,10.38,50149
VISTAL,20170912,2.80,2.87,2.70,2.80,71873
VISTULA,20170912,3.66,3.67,3.60,3.64,46075
VIVID,20170912,2.98,2.98,2.90,2.94,13410
VOTUM,20170912,10.40,10.48,10.40,10.40,1605
VOXEL,20170912,15.49,15.49,15.38,15.43,326
WADEX,20170912,5.72,5.77,5.72,5.77,7
WARIMPEX,20170912,5.42,5.56,5.42,5.55,2255
WASKO,20170912,1.90,1.92,1.87,1.90,15758
WAWEL,20170912,1010.05,1013.50,997.50,1013.50,68
WDX,20170912,8.10,8.10,7.75,8.00,1602
WIELTON,20170912,13.81,14.49,13.81,14.49,85117
WIKANA,20170912,1.38,1.44,1.38,1.44,3045
WINVEST,20170912,1.15,1.15,1.14,1.14,2662
WIRTUALNA,20170912,46.50,46.50,45.33,45.60,3269
WITTCHEN,20170912,17.20,17.30,17.00,17.10,2986
WOJAS,20170912,4.95,4.95,4.95,4.95,25
WORKSERV,20170912,7.76,7.84,7.70,7.81,1040
XTB,20170912,5.30,5.50,5.30,5.50,1810
YOLO,20170912,3.58,3.58,3.55,3.55,897
ZAMET,20170912,1.28,1.28,1.20,1.26,2193
ZEPAK,20170912,13.35,13.36,13.03,13.15,17524
ZPUE,20170912,250.00,250.00,241.00,250.00,8
ZUE,20170912,9.20,9.20,9.20,9.20,5
ZYWIEC,20170912,441.00,448.00,441.00,447.05,25
INVESTORMS,20170912,4908.58,4908.58,4902.34,4902.34,225313.228
MWIG40,20170912,4912.26,4943.95,4894.57,4927.90,198320.939
RESPECT,20170912,3240.83,3249.81,3206.17,3211.91,453805.624
SWIG80,20170912,15274.91,15274.91,15169.51,15192.38,23792.360
WIG,20170912,65104.79,65365.30,64685.21,64826.07,926251.671
WIG-BANKI,20170912,7488.06,7564.22,7386.98,7417.90,202818.266
WIG-BUDOW,20170912,3245.07,3253.88,3234.60,3245.15,10547.339
WIG-CEE,20170912,986.20,986.20,985.75,986.03,5974.030
WIG-CHEMIA,20170912,15281.73,15312.12,15194.11,15267.09,11789.936
WIG-ENERG,20170912,3455.04,3484.74,3382.73,3396.27,61469.746
WIG-GORNIC,20170912,4932.32,4932.32,4843.23,4876.33,89348.600
WIG-INFO,20170912,2163.50,2175.97,2145.68,2156.09,17201.335
WIG-LEKI,20170912,6016.74,6016.74,5899.79,5916.06,2737.480
WIG-MEDIA,20170912,4870.06,4876.41,4823.21,4842.96,840.478
WIG-MOTO,20170912,5444.74,5467.26,5420.73,5462.88,7014.529
WIG-NRCHOM,20170912,2161.10,2177.02,2160.49,2169.78,6989.809
WIG-ODZIEZ,20170912,7286.03,7441.13,7263.43,7434.86,51969.433
WIG-PALIWA,20170912,8177.02,8181.32,8110.47,8151.58,137929.160
WIG-POLAND,20170912,66560.47,66560.47,66177.89,66177.89,915433.651
WIG-SPOZYW,20170912,4155.55,4162.57,4118.65,4151.29,6049.062
WIG-TELKOM,20170912,757.93,761.36,756.25,759.09,51478.409
WIG-UKRAIN,20170912,578.22,580.18,578.22,579.62,5381.441
WIG20,20170912,2518.15,2536.08,2500.09,2505.88,666118.476
WIG20LEV,20170912,853.50,865.63,841.28,845.20,666118.476
WIG20SHORT,20170912,3106.99,3129.36,3084.79,3122.18,666118.476
WIG20TR,20170912,4348.62,4348.62,4309.62,4309.62,666118.476
WIG30,20170912,2905.99,2921.06,2883.21,2890.43,800779.113
WIG30TR,20170912,4944.77,4944.77,4910.22,4910.22,800779.113
WIGDIV,20170912,1272.97,1279.89,1268.84,1273.77,343372.802
