06MAGNA,20170329,0.54,0.54,0.53,0.54,43998
11BIT,20170329,190.90,191.90,187.10,188.50,4466
4FUNMEDIA,20170329,5.34,5.34,5.23,5.23,2
AATHOLD,20170329,17.45,17.45,17.05,17.05,225
ABADONRE,20170329,7.35,8.08,7.30,8.08,3680
ABCDATA,20170329,2.05,2.05,2.01,2.01,176209
ABMSOLID,20170329,11.34,11.34,11.34,11.34,12
ABPL,20170329,38.88,38.88,38.25,38.40,937
ACAUTOGAZ,20170329,40.89,40.89,40.89,40.89,305
ACTION,20170329,4.40,4.84,4.40,4.60,304769
ADIUVO,20170329,28.50,28.50,26.85,28.50,8113
AGORA,20170329,15.00,15.10,14.99,15.01,1509
AGROTON,20170329,6.35,6.40,6.02,6.20,20785
AILLERON,20170329,13.40,13.40,13.00,13.10,20300
AIRWAY,20170329,2.04,2.04,1.93,1.99,132209
ALCHEMIA,20170329,5.10,5.10,5.05,5.05,27930
ALIOR,20170329,73.69,74.90,71.62,72.29,235531
ALMA,20170329,1.00,1.02,1.00,1.01,48593
ALTA,20170329,3.54,3.89,3.54,3.80,17616
ALTUSTFI,20170329,14.30,14.38,14.16,14.30,8538
ALUMETAL,20170329,59.70,59.98,59.70,59.98,2067
AMBRA,20170329,9.91,10.11,9.90,10.00,2810
AMICA,20170329,182.90,188.15,182.00,187.05,60690
AMREST,20170329,345.00,345.00,342.05,344.60,64138
APATOR,20170329,34.82,35.50,34.11,34.46,3825
APLISENS,20170329,13.70,13.70,13.70,13.70,2
APSENERGY,20170329,4.43,4.43,4.30,4.35,5489
ARCHICOM,20170329,15.02,15.12,15.02,15.12,457
ARCTIC,20170329,5.19,5.19,5.11,5.15,13076
ARCUS,20170329,1.23,1.32,1.23,1.32,7952
ARTERIA,20170329,9.48,9.48,9.15,9.47,1057
ARTIFEX,20170329,20.30,20.43,20.00,20.00,281
ASBIS,20170329,3.06,3.20,3.03,3.03,145704
ASMGROUP,20170329,5.79,5.79,5.79,5.79,2689
ASSECOBS,20170329,25.61,27.70,25.61,27.30,3759
ASSECOPOL,20170329,54.17,54.17,52.80,52.80,141988
ASSECOSEE,20170329,11.90,11.90,11.90,11.90,1590
ASSECOSLO,20170329,33.55,33.90,33.50,33.90,2008
ASTARTA,20170329,67.40,67.90,67.40,67.87,55746
ATAL,20170329,32.64,32.64,32.64,32.64,517
ATENDE,20170329,4.45,4.89,4.45,4.63,13184
ATLANTAPL,20170329,5.55,5.67,5.45,5.49,4579
ATLANTIS,20170329,0.73,0.75,0.71,0.74,16193
ATLASEST,20170329,1.07,1.07,1.05,1.07,1030
ATM,20170329,11.19,11.25,11.00,11.25,1239
ATMGRUPA,20170329,4.58,4.60,4.37,4.60,15256
ATREM,20170329,2.89,2.89,2.88,2.88,478
AUTOPARTN,20170329,5.27,5.27,5.04,5.13,163877
AVIAAML,20170329,6.09,6.09,5.77,5.85,36300
AVIASG,20170329,21.32,21.32,20.80,20.80,14
AWBUD,20170329,7.45,7.47,7.15,7.46,41789
BALTONA,20170329,2.60,2.60,2.57,2.60,1719
BBIDEV,20170329,0.85,0.87,0.85,0.87,74140
BEDZIN,20170329,27.54,27.54,27.50,27.50,65
BENEFIT,20170329,929.95,929.95,913.55,928.00,46
BETACOM,20170329,12.17,12.39,11.95,12.39,2039
BGZBNPP,20170329,68.00,68.48,65.30,68.48,473
BIK,20170329,16.78,16.78,16.78,16.78,1
BIOMEDLUB,20170329,1.01,1.02,1.00,1.01,60351
BIOTON,20170329,7.08,7.13,6.80,6.85,47916
BMPAG,20170329,1.85,1.85,1.80,1.85,212
BOGDANKA,20170329,76.10,77.00,76.10,76.33,15257
BORYSZEW,20170329,11.85,12.50,11.67,11.82,962475
BOS,20170329,12.65,12.65,12.31,12.34,9864
BOWIM,20170329,4.95,4.95,4.81,4.84,24587
BPHFIZDS,20170329,111.50,111.50,111.50,111.50,204
BPHFIZKK,20170329,107.20,107.20,107.20,107.20,74
BRASTER,20170329,19.11,19.27,18.00,18.05,56893
BRIJU,20170329,8.80,8.93,8.45,8.67,40902
BSCDRUK,20170329,35.46,35.46,34.80,35.30,743
BUDIMEX,20170329,253.00,253.45,248.70,250.00,9919
BYTOM,20170329,2.28,2.31,2.28,2.31,93462
BZWBK,20170329,344.20,347.45,342.60,345.80,45230
CALATRAVA,20170329,0.50,0.51,0.49,0.50,15000
CAPITAL,20170329,2.40,2.45,2.37,2.45,8962
CCC,20170329,225.45,225.50,223.00,224.70,72376
CDPROJEKT,20170329,73.20,73.98,72.50,72.61,122937
CDRL,20170329,27.00,28.00,27.00,28.00,592
CELTIC,20170329,5.78,5.78,5.78,5.78,50
CEZ,20170329,69.78,69.97,69.00,69.00,5616
CFI,20170329,0.85,0.90,0.83,0.84,373284
CHEMOS,20170329,1.33,1.35,1.32,1.34,21498
CIECH,20170329,80.00,80.90,79.50,80.08,34333
CIGAMES,20170329,2.88,2.90,2.79,2.80,567926
CITYSERV,20170329,9.85,9.95,9.85,9.95,11236
CLNPHARMA,20170329,39.90,40.90,39.30,39.33,53501
CNT,20170329,8.00,8.08,8.00,8.08,249
COALENERG,20170329,1.10,1.10,1.10,1.10,1300
COGNOR,20170329,1.75,1.75,1.71,1.71,12496
COLIAN,20170329,3.19,3.20,3.17,3.18,9488
COMARCH,20170329,229.00,232.70,226.15,229.00,865
COMP,20170329,72.50,79.19,72.00,72.00,787
CORMAY,20170329,2.88,2.92,2.74,2.78,111447
CPGROUP,20170329,6.50,6.55,6.50,6.55,2
CUBEITG,20170329,6.55,6.55,6.10,6.25,7787
CYFRPLSAT,20170329,23.97,24.03,23.62,23.85,367314
CZTOREBKA,20170329,0.86,0.86,0.84,0.85,11390
DEBICA,20170329,96.88,97.85,95.52,97.85,974
DECORA,20170329,10.80,10.80,10.23,10.50,5421
DEKPOL,20170329,12.60,12.60,12.50,12.50,15
DELKO,20170329,11.25,11.25,11.05,11.25,305
DGA,20170329,3.96,3.96,3.90,3.90,2
DOMDEV,20170329,71.00,71.13,70.00,70.99,887
DREWEX,20170329,1.63,1.63,1.62,1.63,3063
DROP,20170329,2.39,2.44,2.35,2.35,12571
DROZAPOL,20170329,2.04,2.10,2.04,2.10,250
ECHO,20170329,5.64,5.67,5.62,5.64,39625
EFEKT,20170329,27.20,27.20,26.55,27.00,877
EKOEXPORT,20170329,13.95,13.96,13.41,13.42,31080
ELBUDOWA,20170329,135.40,136.00,132.20,136.00,7828
ELEKTROTI,20170329,13.95,14.15,13.75,14.15,2455
ELEMENTAL,20170329,3.77,3.85,3.76,3.80,49374
ELKOP,20170329,0.44,0.47,0.36,0.36,22595998
EMCINSMED,20170329,10.93,10.93,10.93,10.93,1
EMPERIA,20170329,73.00,73.00,72.50,72.95,4165
ENAP,20170329,1.05,1.05,1.03,1.03,2837
ENEA,20170329,12.10,12.28,11.75,11.93,426351
ENERGA,20170329,11.05,11.29,10.88,11.00,1425649
ENERGOINS,20170329,4.74,4.74,4.60,4.65,5405
ENTER,20170329,30.45,30.45,29.30,30.20,95
ERBUD,20170329,33.45,33.45,32.34,33.20,1225
ERG,20170329,61.50,63.90,61.50,63.50,633
ERGIS,20170329,6.08,6.10,5.95,6.10,6543
ESOTIQ,20170329,10.61,10.61,10.30,10.39,1671
ESSYSTEM,20170329,2.59,2.59,2.42,2.42,1501
ETFDAX,20170329,495.00,496.90,493.50,493.50,44
ETFSP500,20170329,94.26,95.17,94.26,95.17,9595
ETFW20L,20170329,263.31,263.95,261.00,261.00,1905
EUCO,20170329,41.85,41.95,41.75,41.75,221
EUROCASH,20170329,32.59,32.60,31.90,32.00,540211
EUROTEL,20170329,21.90,22.00,21.90,22.00,238
FAM,20170329,4.02,4.05,3.99,4.00,17695
FAMUR,20170329,5.15,5.19,5.10,5.10,37918
FASING,20170329,16.90,16.90,16.90,16.90,210
FASTFIN,20170329,1.63,1.63,1.63,1.63,12
FEERUM,20170329,16.85,16.86,16.85,16.86,10
FERRO,20170329,13.80,13.80,13.33,13.68,5381
FERRUM,20170329,4.30,4.63,4.30,4.55,7788
FON,20170329,0.95,1.14,0.92,1.14,2028561
FORTE,20170329,80.00,81.75,80.00,80.75,3442
FORTUNA,20170329,17.00,17.20,17.00,17.20,59894
FOTA,20170329,1.00,1.00,0.98,0.99,35136
GEKOPLAST,20170329,11.38,11.38,11.20,11.38,1007
GETIN,20170329,1.49,1.51,1.46,1.46,314866
GETINOBLE,20170329,2.01,2.02,1.94,2.00,3065075
GINOROSSI,20170329,1.86,1.88,1.86,1.88,49206
GLCOSMED,20170329,4.95,4.95,4.35,4.44,24028
GOBARTO,20170329,6.67,6.73,6.56,6.70,3507
GORENJE,20170329,31.00,31.00,31.00,31.00,1
GPW,20170329,44.71,45.05,44.35,44.40,39829
GRAVITON,20170329,1.20,1.20,0.98,1.10,29448
GROCLIN,20170329,13.76,14.05,13.76,13.81,21574
GRODNO,20170329,6.05,6.05,6.05,6.05,1
GRUPAAZOTY,20170329,70.99,71.00,70.02,71.00,33982
GTC,20170329,8.48,8.65,8.48,8.60,436905
HANDLOWY,20170329,78.70,79.50,78.20,78.82,52971
HARPER,20170329,1.21,1.21,1.10,1.18,1903
HELIO,20170329,13.30,13.30,12.75,12.75,2893
HERKULES,20170329,3.79,3.79,3.70,3.77,10945
HUBSTYLE,20170329,2.08,2.08,2.08,2.08,4
HYDROTOR,20170329,38.20,38.20,37.00,37.10,522
HYPERION,20170329,3.45,3.56,3.25,3.56,42947
I2DEV,20170329,19.25,19.25,19.15,19.15,2
IDEABANK,20170329,25.23,25.23,24.80,25.00,330
IFCAPITAL,20170329,0.66,0.68,0.62,0.66,54082
IFSA,20170329,0.52,0.52,0.50,0.50,78078
IIAAV,20170329,7.53,7.53,7.47,7.50,550
IMCOMPANY,20170329,9.48,9.69,9.40,9.69,12352
IMMOBILE,20170329,3.39,3.39,3.32,3.39,82
IMPEL,20170329,24.20,24.20,24.20,24.20,12
IMPERA,20170329,1.33,1.33,1.33,1.33,2467
IMPEXMET,20170329,4.05,4.09,4.05,4.06,287019
IMS,20170329,3.40,3.40,3.40,3.40,31
INC,20170329,1.80,1.80,1.80,1.80,10
INDATA,20170329,0.68,0.71,0.68,0.69,122693
INDYGO,20170329,0.75,0.77,0.66,0.72,28651
INDYKPOL,20170329,58.10,58.10,56.00,57.50,645
INGBSK,20170329,176.90,176.90,173.00,174.90,4031
INPOST,20170329,9.87,9.87,9.87,9.87,83
INPRO,20170329,5.07,5.07,4.87,4.98,434
INSTALKRK,20170329,14.25,14.50,14.25,14.50,40
INTEGERPL,20170329,43.65,43.78,41.70,42.00,173540
INTERAOLT,20170329,13.39,13.39,13.00,13.00,6542
INTERBUD,20170329,0.90,0.90,0.82,0.82,15550
INTERCARS,20170329,309.45,313.60,306.80,307.00,2925
INTERFERI,20170329,4.22,4.22,4.10,4.20,520
INTERSPPL,20170329,2.75,2.84,2.70,2.80,18205
INTLBCO12963,20170329,59.00,59.00,59.00,59.00,10
INTLBCO13235,20170329,46.36,46.36,46.10,46.10,120
INTLBCO13243,20170329,54.00,54.00,54.00,54.00,30
INTLBCO13334,20170329,39.60,40.88,39.60,40.88,150
INTLBCO13854,20170329,32.55,34.58,31.95,34.58,1057
INTLBCO14084,20170329,33.97,34.24,33.97,34.24,266
INTLBCO16659,20170329,24.33,26.00,23.71,26.00,3682
INTLDAX01800,20170329,152.10,152.10,152.10,152.10,15
INTLDAX15081,20170329,97.70,97.70,97.70,97.70,20
INTLDAX15099,20170329,105.80,105.80,105.80,105.80,20
INTLDAX16816,20170329,80.80,80.80,80.80,80.80,105
INTLDAX17038,20170329,62.90,62.90,62.65,62.65,1540
INTLDAX17418,20170329,44.80,44.80,44.80,44.80,51
INTLDAX17798,20170329,35.25,36.34,34.80,35.30,1050
INTLDAX18234,20170329,25.97,26.98,25.97,26.00,164
INTLDBK17129,20170329,14.34,14.34,14.34,14.34,60
INTLDOW17806,20170329,108.00,108.00,108.00,108.00,5
INTLESX18101,20170329,16.59,17.08,16.40,16.40,904
INTLEUR08615,20170329,8.04,8.04,7.26,7.45,650
INTLGLD09746,20170329,94.00,94.00,94.00,94.00,100
INTLGLD18317,20170329,45.60,45.60,45.60,45.60,200
INTLKGH17533,20170329,20.55,20.55,16.82,16.82,1794
INTLNAG13185,20170329,3.29,3.29,3.29,3.29,1200
INTLNAG18036,20170329,5.20,5.20,5.20,5.20,535
INTLOPL14514,20170329,0.71,0.71,0.69,0.69,3661
INTLPEO12419,20170329,31.97,31.97,31.97,31.97,54
INTLPGE17863,20170329,2.50,2.50,2.50,2.50,860
INTLPGE18044,20170329,2.09,2.09,1.79,1.79,1279
INTLPGN17467,20170329,1.08,1.08,1.08,1.08,2000
INTLPGN18028,20170329,0.75,0.75,0.75,0.75,600
INTLPKO17889,20170329,4.25,4.25,4.25,4.25,175
INTLSLV09647,20170329,18.85,18.85,18.85,18.85,100
INTLSLV12054,20170329,23.31,23.31,23.31,23.31,11500
INTLSLV12955,20170329,16.80,16.80,16.80,16.80,109
INTLSLV13227,20170329,14.65,15.11,14.65,15.11,944
INTLSLV13706,20170329,12.68,12.74,12.68,12.74,2300
INTLSLV17681,20170329,10.14,10.23,10.00,10.04,9150
INTLSPX17822,20170329,7.98,7.98,7.88,7.88,1390
INTLSPX17830,20170329,12.18,12.18,12.18,12.18,840
INTLUSD05041,20170329,69.00,69.00,69.00,69.00,18
INTLUSD07179,20170329,23.34,23.34,23.34,23.34,45
INTLUSD13607,20170329,17.45,18.90,17.02,17.53,431
INTLUSD15602,20170329,11.96,12.30,11.96,12.30,650
INTLW2012484,20170329,8.58,8.58,8.15,8.15,400
INTLW2014621,20170329,5.80,5.80,5.80,5.80,71
INTLW2017574,20170329,2.59,2.59,2.43,2.43,1054
INTLW2017699,20170329,2.21,2.21,2.12,2.12,3300
INTLW2017764,20170329,1.56,1.60,1.53,1.53,10000
INTLW2017772,20170329,1.88,1.88,1.88,1.88,1000
INTLW2017780,20170329,2.00,2.00,1.90,1.90,4100
INTLW2017905,20170329,1.43,1.45,1.00,1.12,53329
INTROL,20170329,8.70,8.70,8.70,8.70,608
INTSBCO11353,20170329,50.50,50.50,50.50,50.50,40
INTSBCO11676,20170329,40.13,41.17,40.13,40.71,886
INTSBCO18184,20170329,28.09,28.80,27.16,27.16,1343
INTSDAX07757,20170329,16.19,17.17,14.90,16.09,6166
INTSDAX07955,20170329,38.00,38.03,36.76,38.03,1401
INTSDAX08193,20170329,59.20,59.20,59.20,59.20,20
INTSDAX08342,20170329,82.80,84.30,82.80,84.30,110
INTSDBK17566,20170329,32.51,32.51,32.51,32.51,200
INTSDOW16485,20170329,44.00,44.82,44.00,44.82,452
INTSDOW17434,20170329,87.90,90.40,87.90,90.40,95
INTSESX08110,20170329,11.66,12.03,11.66,12.03,760
INTSEUR17707,20170329,22.50,22.50,22.33,22.33,180
INTSGLD16634,20170329,28.79,28.79,28.79,28.79,5
INTSKGH00711,20170329,31.00,33.11,31.00,33.11,1370
INTSNDX17624,20170329,9.01,9.01,9.01,9.01,100
INTSNDX17632,20170329,13.92,14.28,13.92,14.20,337
INTSNKX08482,20170329,128.10,128.10,128.10,128.10,35
INTSPGE15636,20170329,2.00,2.16,1.99,2.16,7850
INTSPKO05447,20170329,7.41,7.54,7.41,7.54,1220
INTSPZU09258,20170329,6.14,6.54,6.14,6.54,440
INTSSPX17855,20170329,8.89,9.11,8.88,9.11,1902
INTSUSD16675,20170329,40.85,40.85,40.85,40.85,80
INTSUSD17665,20170329,29.50,29.50,27.64,27.64,100
INTSUSD18176,20170329,23.90,23.90,23.90,23.90,5
INTSW2000737,20170329,2.34,2.57,2.27,2.57,2690
INTSW2000745,20170329,3.16,3.16,3.16,3.16,750
INTSW2005884,20170329,5.41,5.41,5.39,5.39,99976
INTSW2005892,20170329,5.99,5.99,5.99,5.99,57461
INTSW2008748,20170329,1.78,2.23,1.74,2.15,52370
INVISTA,20170329,1.31,1.31,1.31,1.31,55
IPOPEMA,20170329,2.44,2.44,2.20,2.24,11703
IZOBLOK,20170329,188.90,188.90,185.00,185.50,275
IZOLACJA,20170329,1.74,1.74,1.74,1.74,2
IZOSTAL,20170329,5.62,5.62,5.62,5.62,20
JHMDEV,20170329,1.49,1.49,1.42,1.47,63038
JSW,20170329,66.51,66.95,65.15,65.50,635879
JWCONSTR,20170329,5.03,5.03,4.97,4.98,29304
JWWINVEST,20170329,3.88,3.88,3.65,3.81,1724
K2INTERNT,20170329,13.99,13.99,13.51,13.55,960
KANIA,20170329,2.39,2.39,2.30,2.36,17002
KBDOM,20170329,3.99,4.19,3.99,4.19,116
KCI,20170329,0.74,0.75,0.73,0.74,24740
KERNEL,20170329,71.03,73.00,71.03,71.13,18236
KETY,20170329,400.50,405.00,393.80,405.00,3605
KGHM,20170329,121.20,122.40,116.80,118.50,1195606
KGL,20170329,26.90,26.90,26.40,26.87,10102
KINOPOL,20170329,12.85,13.05,12.80,13.00,14173
KOGENERA,20170329,95.50,95.50,93.85,95.40,136
KOMPUTRON,20170329,5.70,5.84,5.70,5.74,12017
KONSSTALI,20170329,38.19,38.19,38.00,38.00,343
KOPEX,20170329,4.14,4.23,3.89,3.99,146172
KPPD,20170329,29.15,29.70,29.15,29.70,745
KRAKCHEM,20170329,3.00,3.01,2.75,3.01,6338
KREC,20170329,6.10,6.32,6.09,6.28,3874
KREDYTIN,20170329,21.90,21.90,21.10,21.12,252
KREZUS,20170329,1.75,1.83,1.67,1.67,320436
KRUK,20170329,240.00,240.75,238.00,240.20,6448
KRUSZWICA,20170329,63.50,64.35,63.50,64.35,2631
KRVITAMIN,20170329,7.53,7.53,7.49,7.49,32
KSGAGRO,20170329,2.86,2.90,2.82,2.88,11102
LABOPRINT,20170329,9.08,9.08,8.99,8.99,20
LARK,20170329,0.73,0.73,0.73,0.73,3293
LARQ,20170329,13.85,14.00,13.85,13.98,7960
LCCORP,20170329,1.94,1.96,1.92,1.92,190496
LENA,20170329,4.25,4.25,4.20,4.25,63322
LENTEX,20170329,11.21,11.21,10.87,10.91,60698
LIBET,20170329,1.81,1.87,1.80,1.80,9836
LIVECHAT,20170329,53.10,53.10,52.25,52.90,9238
LMDSFIZ,20170329,1350.00,1350.00,1350.00,1350.00,14
LOKUM,20170329,13.60,13.69,13.60,13.69,1081
LOTOS,20170329,54.00,55.81,54.00,55.68,514685
LPP,20170329,6612.05,6750.00,6460.05,6574.95,2247
LSISOFT,20170329,10.97,11.26,10.97,11.24,8695
LUBAWA,20170329,1.23,1.29,1.21,1.23,726869
MABION,20170329,109.55,115.55,109.00,115.50,21060
MAKARONPL,20170329,6.49,6.55,6.30,6.55,5622
MANGATA,20170329,119.10,123.90,119.10,121.00,3138
MARVIPOL,20170329,13.00,13.10,12.90,13.09,7179
MASTERPHA,20170329,6.34,6.34,6.34,6.34,10
MBANK,20170329,397.15,403.50,387.65,390.95,22025
MBWS,20170329,67.00,67.00,64.55,64.55,11
MCI,20170329,9.27,9.43,9.27,9.27,17530
MCLOGIC,20170329,41.00,42.03,41.00,42.03,3829
MDIENERGIA,20170329,3.66,3.79,3.51,3.60,12643
MEDIACAP,20170329,2.82,2.82,2.82,2.82,733
MEDIATEL,20170329,0.91,1.15,0.91,1.15,45133
MEDICALG,20170329,337.95,337.95,324.05,327.80,8132
MENNICA,20170329,19.47,19.60,19.47,19.60,60611
MERCATOR,20170329,19.61,19.61,19.11,19.60,16757
MERCOR,20170329,12.48,12.50,12.20,12.50,2251
MEXPOLSKA,20170329,7.45,7.45,7.45,7.45,2195
MFO,20170329,33.00,33.00,32.54,33.00,1126
MILKILAND,20170329,2.39,2.39,2.39,2.39,2000
MILLENNIUM,20170329,6.86,6.86,6.57,6.67,584115
MIRACULUM,20170329,1.95,1.95,1.95,1.95,5072
MIRBUD,20170329,1.53,1.54,1.46,1.49,553138
MLPGROUP,20170329,46.34,46.34,46.34,46.34,1
MOJ,20170329,0.88,0.88,0.88,0.88,560
MOL,20170329,281.00,281.05,276.85,276.85,946
MONNARI,20170329,9.30,9.63,9.30,9.63,61359
MOSTALPLC,20170329,15.00,15.00,14.40,14.50,2546
MOSTALWAR,20170329,13.81,14.06,13.81,13.85,12486
MOSTALZAB,20170329,1.21,1.22,1.18,1.19,182249
MUZA,20170329,3.82,3.82,3.82,3.82,4
MWTRADE,20170329,10.39,10.39,10.10,10.39,211
NETIA,20170329,4.63,4.63,4.56,4.56,184071
NEUCA,20170329,380.00,382.00,378.00,379.95,7956
NEWAG,20170329,17.10,17.50,17.00,17.00,10858
NOVITA,20170329,64.38,64.40,64.38,64.40,141
NOWAGALA,20170329,1.83,1.90,1.79,1.87,1906150
NTTSYSTEM,20170329,2.25,2.37,2.23,2.30,37036
ODLEWNIE,20170329,4.41,4.60,4.41,4.60,6672
OEX,20170329,21.00,21.00,20.15,20.15,526
OPENFIN,20170329,1.77,1.90,1.77,1.88,26306
OPENFIN-PDA,20170329,1.61,1.74,1.61,1.74,3329
OPONEO.PL,20170329,49.25,50.69,49.25,50.00,13009
OPTEAM,20170329,7.14,7.14,6.97,6.97,133
ORANGEPL,20170329,4.76,4.78,4.70,4.70,2534936
ORBIS,20170329,83.47,83.48,81.98,81.98,785
ORION,20170329,78.00,78.00,73.50,78.00,50
ORZBIALY,20170329,10.96,11.28,10.95,11.25,13251
OTLOG,20170329,22.70,22.70,22.70,22.70,1
OTMUCHOW,20170329,4.34,4.34,4.33,4.33,13
OVOSTAR,20170329,92.01,92.01,91.75,91.75,1435
PAGED,20170329,61.85,61.85,60.50,61.46,856
PAMAPOL,20170329,1.50,1.52,1.47,1.47,42776
PANOVA,20170329,25.00,25.29,24.56,25.29,477
PATENTUS,20170329,0.80,0.85,0.80,0.83,25366
PBG,20170329,6.20,6.49,5.53,5.59,1311595
PBKM,20170329,58.87,58.87,57.00,58.49,37
PCCEXOL,20170329,1.79,1.79,1.73,1.73,19774
PCCINTER,20170329,2.16,2.16,2.09,2.09,2414
PCCROKITA,20170329,91.00,91.00,88.00,90.00,18308
PCM,20170329,31.67,31.67,30.80,30.80,7091
PEKABEX,20170329,10.70,10.94,10.70,10.94,598
PEKAO,20170329,138.00,138.00,135.70,136.00,446306
PELION,20170329,60.50,60.75,59.99,59.99,5633
PEMANAGER,20170329,55.57,57.00,54.20,56.50,309
PEP,20170329,16.15,16.20,16.00,16.15,37040
PEPEES,20170329,1.39,1.39,1.35,1.37,14528
PETROLINV,20170329,7.40,7.74,7.32,7.47,66056
PFLEIDER,20170329,45.86,45.86,44.61,45.40,13227
PGE,20170329,11.89,12.15,11.71,11.75,2515870
PGNIG,20170329,6.03,6.07,5.92,5.92,3937398
PGODLEW,20170329,6.20,6.30,6.20,6.30,1045
PGSSOFT,20170329,14.50,14.50,14.25,14.50,1285
PHN,20170329,16.29,16.29,15.95,15.96,456
PKNORLEN,20170329,104.30,105.05,102.95,103.75,643039
PKOBP,20170329,33.28,33.35,32.46,33.00,1517233
PKOGS,20170329,107.00,107.00,106.10,107.00,115
PKOSO,20170329,104.51,104.51,104.51,104.51,410
PKPCARGO,20170329,66.50,66.50,64.09,64.60,37468
PLASTBOX,20170329,2.28,2.28,2.20,2.20,10749
PLAYWAY,20170329,63.70,63.70,60.52,61.89,1831
PLAZACNTR,20170329,9.00,9.00,8.42,8.47,557
PMPG,20170329,4.99,5.07,4.99,5.07,7790
POLICE,20170329,20.39,20.39,20.05,20.39,1727
POLIMEXMS,20170329,9.10,9.17,8.74,8.75,1031892
POLMED,20170329,2.74,2.74,2.74,2.74,55
POLNA,20170329,19.99,19.99,19.99,19.99,11
POLNORD,20170329,8.65,8.65,8.32,8.58,55859
POLWAX,20170329,15.75,15.75,15.10,15.36,36070
POZBUD,20170329,2.80,2.85,2.70,2.84,34447
PRAGMAFA,20170329,13.50,13.50,13.35,13.35,86
PRAGMAINK,20170329,9.83,9.83,9.83,9.83,4
PRAIRIE,20170329,1.63,1.83,1.61,1.67,1164972
PRIMAMODA,20170329,3.51,3.62,3.50,3.50,3601
PROCAD,20170329,1.48,1.48,1.48,1.48,300
PROCHEM,20170329,18.00,18.00,17.97,17.99,1002
PROCHNIK,20170329,1.16,1.17,1.14,1.14,144583
PROJPRZEM,20170329,9.14,9.22,9.12,9.14,16623
PROTEKTOR,20170329,3.64,3.64,3.57,3.64,3294
PULAWY,20170329,180.00,180.00,172.30,176.00,385
PWRMEDIA,20170329,2.49,2.55,2.44,2.44,10410
PZU,20170329,36.19,36.30,35.33,35.53,1373507
PZUAKORD,20170329,108.50,108.50,108.50,108.50,300
QMULTIFIZ,20170329,1065.01,1065.01,1065.01,1065.01,33
QUANTUM,20170329,15.01,15.01,13.80,13.80,237
QUERCUS,20170329,6.79,6.79,6.40,6.52,28008
QUMAK,20170329,6.30,6.41,6.30,6.40,18477
RADPOL,20170329,2.59,2.59,2.54,2.56,43602
RAFAKO,20170329,8.41,8.52,8.09,8.09,88347
RAINBOW,20170329,35.41,35.98,35.20,35.98,21967
RANKPROGR,20170329,1.72,1.75,1.70,1.74,39900
RAWLPLUG,20170329,11.47,11.47,11.39,11.45,220822
RCCRUAOPEN,20170329,8.36,8.44,8.34,8.42,11760
RCESXE290920,20170329,1055.80,1055.80,1055.80,1055.80,100
RCFL2CBK,20170329,13.73,13.73,13.73,13.73,10
RCFL2GOLD,20170329,59.55,59.55,59.55,59.55,22
RCFL3BAS,20170329,120.20,120.20,120.20,120.20,30
RCFL3COCO,20170329,10.18,10.19,9.55,9.76,665
RCFL3DBK,20170329,3.98,3.98,3.86,3.86,779
RCFL3ENG,20170329,273.50,273.50,273.50,273.50,14
RCFL3GOLD,20170329,34.40,34.99,34.40,34.99,1420
RCFL3KGH,20170329,20.90,20.90,18.97,19.21,3099
RCFL3LPP,20170329,397.30,397.30,397.30,397.30,1
RCFL3OIL,20170329,1.33,1.37,1.33,1.37,69872
RCFL3OPL,20170329,8.98,8.98,8.98,8.98,58
RCFL3PEO,20170329,37.82,37.82,37.82,37.82,30
RCFL3SILVE,20170329,9.10,9.14,9.00,9.10,32523
RCFL3TPE,20170329,224.40,224.40,209.50,209.50,7
RCFL3W20,20170329,77.05,77.05,77.05,77.05,25
RCFL4ESX,20170329,263.10,264.90,261.70,261.70,12
RCFL4OIL,20170329,9.17,9.50,9.17,9.47,20000
RCFS2ESX,20170329,21.17,21.17,21.17,21.17,50
RCFS2KGH,20170329,24.55,24.55,24.55,24.55,35
RCFS2W20,20170329,63.70,63.70,63.70,63.70,12
RCFS3BAS,20170329,9.30,9.30,9.30,9.30,150
RCFS3CORN,20170329,10.70,10.70,10.70,10.70,800
RCFS3DBK,20170329,21.52,22.15,21.52,22.15,64
RCFS3DTE,20170329,4.68,4.68,4.68,4.68,300
RCFS3FDX,20170329,16.08,16.10,16.08,16.10,600
RCFS3KGH,20170329,5.30,5.98,5.20,5.98,2948
RCFS3LTS,20170329,10.32,10.32,10.32,10.32,320
RCFS3OIL,20170329,105.30,107.00,103.00,103.00,2755
RCFS3SILVE,20170329,65.50,65.50,64.70,64.70,1560
RCFS3TPE,20170329,28.05,28.05,28.05,28.05,116
RCFS3W20,20170329,43.29,43.29,43.00,43.00,49
RCFS4ESX,20170329,2.58,2.60,2.58,2.60,1612
RCGCOMB1120,20170329,1006.60,1006.60,1006.60,1006.60,61
RCGEEM0520,20170329,995.60,995.60,995.60,995.60,69
RCGLDAOPEN,20170329,491.40,492.70,491.00,492.70,47
RCGNS010920,20170329,1051.40,1052.40,1051.30,1051.30,402
RCGSD3E0822,20170329,979.50,979.50,979.50,979.50,11
RCGSLV290920,20170329,1030.90,1030.90,1030.90,1030.90,84
RCGSXE021120,20170329,962.80,962.80,962.80,962.80,1
RCGSXHC0122,20170329,999.20,999.20,999.20,999.20,98
RCLNAGOPEN,20170329,4.86,4.86,4.86,4.86,10000
RCSCRAOPEN,20170329,314.40,314.40,313.80,313.80,40
RCSDGP0220,20170329,931.10,931.10,931.10,931.10,18
RCSDGP0717,20170329,1204.40,1204.40,1204.40,1204.40,5
RCSILAOPEN,20170329,71.20,71.60,71.10,71.60,587
RCTLCOCO01,20170329,20.33,20.33,19.15,19.15,110
RCTLCOCO02,20170329,11.44,11.56,11.44,11.56,65
RCTLSILV08,20170329,1.93,1.93,1.93,1.93,4000
RCWHTAOPEN,20170329,5.60,5.60,5.59,5.59,470
RCWHTAOPEN1,20170329,16.44,16.44,16.35,16.35,200
REDAN,20170329,2.30,2.31,2.11,2.22,8396
REDWOOD,20170329,0.92,0.92,0.88,0.88,2010
RELPOL,20170329,9.34,9.65,9.30,9.60,20556
REMAK,20170329,18.57,18.57,17.85,18.56,319
RESBUD,20170329,0.98,0.98,0.92,0.92,100624
ROBYG,20170329,3.30,3.32,3.26,3.28,101364
RONSON,20170329,1.55,1.55,1.50,1.50,5231
ROPCZYCE,20170329,21.40,21.70,21.40,21.70,1638
RUBICON,20170329,1.18,1.18,1.18,1.18,29
SANOK,20170329,57.70,58.88,57.70,58.30,1943
SANTANDER,20170329,24.69,24.69,24.69,24.69,10
SECOGROUP,20170329,18.50,18.50,18.08,18.15,1026
SELVITA,20170329,74.80,74.80,57.00,59.00,106901
SERINUS,20170329,1.33,1.35,1.30,1.32,103219
SETANTA,20170329,13.06,13.94,12.70,13.94,1362
SFINKS,20170329,2.57,2.60,2.54,2.56,17977
SIMPLE,20170329,8.39,8.39,8.39,8.39,186
SKARBIEC,20170329,29.75,30.30,29.15,29.35,4262
SKOTAN,20170329,0.63,0.64,0.62,0.62,121971
SKYLINE,20170329,0.77,0.78,0.74,0.78,4890
SNIEZKA,20170329,69.00,69.00,67.01,67.01,383
SOHODEV,20170329,1.64,1.67,1.64,1.67,5251
SOLAR,20170329,1.22,1.29,1.22,1.23,91064
SONEL,20170329,10.37,10.37,10.35,10.35,149
STALEXP,20170329,4.05,4.08,4.00,4.03,247811
STALPROD,20170329,586.95,602.55,586.95,594.00,3244
STALPROFI,20170329,14.27,14.27,13.92,13.92,1950
STAPORKOW,20170329,4.88,5.18,4.88,5.10,14135
STARHEDGE,20170329,0.50,0.50,0.50,0.50,4500
STELMET,20170329,28.30,28.30,27.55,28.00,1605
SUNEX,20170329,3.28,3.28,3.15,3.25,630
SUWARY,20170329,8.96,8.96,8.46,8.96,195
SWISSMED,20170329,1.38,1.38,1.38,1.38,34
SYGNITY,20170329,7.35,7.45,7.22,7.42,6706
SYNEKTIK,20170329,16.98,17.30,16.50,17.29,8268
SYNTHOS,20170329,5.40,5.42,5.30,5.35,615611
TALEX,20170329,22.19,22.19,21.73,22.19,32
TARCZYNSKI,20170329,11.68,11.86,11.60,11.79,1682
TATRY,20170329,114.00,114.00,114.00,114.00,137
TAURONPE,20170329,3.42,3.43,3.31,3.35,3893634
TESGAS,20170329,3.08,3.17,3.08,3.17,2505
TIM,20170329,12.92,12.92,12.55,12.78,2575
TORPOL,20170329,12.90,13.00,12.85,12.90,7073
TOYA,20170329,5.79,5.79,5.79,5.79,12
TRAKCJA,20170329,16.10,16.32,16.05,16.30,16201
TRANSPOL,20170329,6.95,6.95,6.90,6.92,3172
TRIGONPP,20170329,139.00,139.00,137.20,139.00,734
TRIGONPP1,20170329,141.45,141.45,141.45,141.45,2
TRIGONPP2,20170329,140.00,140.00,140.00,140.00,2
TRIGONPP3,20170329,141.49,141.49,141.49,141.49,2
TRIGONPP4,20170329,141.95,141.95,140.99,140.99,2
TRIGONPP5,20170329,139.00,139.00,139.00,139.00,2
TRIGONPP6,20170329,143.00,143.00,142.00,142.00,2
TRIGONPP7,20170329,137.00,139.00,137.00,139.00,4
TRITON,20170329,3.08,3.21,3.08,3.11,20906
TXM,20170329,5.50,5.56,5.40,5.56,12062
ULMA,20170329,79.80,79.80,79.80,79.80,19
UNIBEP,20170329,13.05,13.15,13.05,13.15,2405
UNICREDIT,20170329,61.68,63.46,60.82,60.82,801
UNIMA,20170329,3.28,3.38,3.27,3.38,995
UNIMOT,20170329,50.05,51.00,50.00,50.15,6096
UNIWHEELS,20170329,235.15,236.00,235.00,235.55,7427
URSUS,20170329,3.57,4.04,3.55,3.76,3773106
VANTAGE,20170329,3.69,3.72,3.57,3.69,17404
VIGOSYS,20170329,291.70,293.00,291.70,293.00,634
VINDEXUS,20170329,7.61,7.64,7.58,7.59,3826
VISTAL,20170329,8.40,8.48,8.36,8.48,755
VISTULA,20170329,3.32,3.35,3.32,3.34,33081
VIVID,20170329,4.78,4.87,4.75,4.85,7236
VOTUM,20170329,10.15,10.19,10.12,10.15,4429
VOXEL,20170329,17.81,17.90,17.75,17.87,1096
WADEX,20170329,6.48,6.60,6.45,6.59,6984
WARIMPEX,20170329,4.04,4.10,4.04,4.05,10331
WASKO,20170329,1.73,1.78,1.73,1.78,15993
WAWEL,20170329,1030.00,1045.00,1016.00,1042.00,248
WDX,20170329,7.55,7.55,7.45,7.52,1861
WIELTON,20170329,15.20,15.25,15.02,15.07,8813
WIKANA,20170329,1.62,1.70,1.62,1.70,194
WILBO,20170329,0.49,0.49,0.49,0.49,6295
WINVEST,20170329,2.80,2.80,2.80,2.80,5
WIRTUALNA,20170329,55.75,55.99,55.40,55.80,2501
WITTCHEN,20170329,17.24,17.24,16.98,16.98,74
WOJAS,20170329,5.17,5.17,5.17,5.17,30
WORKSERV,20170329,9.50,9.50,9.50,9.50,11830
XTB,20170329,9.20,9.20,9.20,9.20,560
YOLO,20170329,8.03,8.50,8.00,8.49,3922
ZEPAK,20170329,17.88,18.12,17.70,17.98,8868
ZPUE,20170329,369.00,369.00,361.00,368.00,22
ZUE,20170329,11.69,11.69,11.47,11.60,1296
ZYWIEC,20170329,450.00,450.00,450.00,450.00,23
INVESTORMS,20170329,4860.38,4860.38,4838.49,4838.49,216744.809
MWIG40,20170329,4809.20,4818.74,4770.75,4786.63,121610.546
RESPECT,20170329,2898.66,2906.15,2856.25,2866.20,478785.281
SWIG80,20170329,16563.16,16566.99,16412.53,16450.85,70815.580
WIG,20170329,59296.03,59375.30,58477.66,58709.72,865373.874
WIG-BANKI,20170329,7257.81,7257.81,7121.45,7170.02,167955.135
WIG-BUDOW,20170329,3600.54,3601.80,3561.36,3565.54,28471.124
WIG-CEE,20170329,903.43,905.46,901.88,901.88,7612.614
WIG-CHEMIA,20170329,16324.07,16420.28,16224.58,16344.56,10719.681
WIG-ENERG,20170329,2986.70,3019.86,2929.26,2945.62,65336.016
WIG-GORNIC,20170329,4370.81,4380.30,4225.92,4263.68,187942.889
WIG-INFO,20170329,2342.33,2355.44,2310.00,2310.88,9484.457
WIG-LEKI,20170329,6720.91,6835.30,6709.15,6757.19,5232.133
WIG-MEDIA,20170329,5169.57,5189.72,5151.09,5172.89,613.686
WIG-MOTO,20170329,5437.28,5478.16,5415.21,5428.50,4055.075
WIG-NRCHOM,20170329,1948.03,1960.11,1943.12,1951.72,14696.217
WIG-ODZIEZ,20170329,5793.03,5864.94,5714.84,5783.88,33958.907
WIG-PALIWA,20170329,6771.43,6810.59,6698.88,6738.20,119936.973
WIG-POLAND,20170329,60251.22,60251.22,59764.41,59767.83,853292.360
WIG-SPOZYW,20170329,4557.93,4622.16,4557.93,4568.31,6291.392
WIG-TELKOM,20170329,687.05,687.84,678.62,681.43,21752.179
WIG-UKRAIN,20170329,635.00,637.10,635.00,636.07,5505.941
WIG20,20170329,2235.73,2246.31,2202.80,2214.45,640841.100
WIG20LEV,20170329,684.14,690.59,664.08,671.18,640841.100
WIG20SHORT,20170329,3487.85,3539.69,3471.19,3521.35,640841.100
WIG20TR,20170329,3786.89,3786.89,3745.47,3747.34,640841.100
WIG30,20170329,2587.89,2591.62,2544.71,2556.25,674339.254
WIG30TR,20170329,4315.82,4315.82,4272.51,4272.51,674339.254
WIGDIV,20170329,1146.80,1149.11,1127.98,1132.99,385312.130
