11BIT,20171219,189.00,199.15,188.00,194.50,21015
4FUNMEDIA,20171219,10.41,10.41,9.94,10.30,1554
AATHOLD,20171219,19.50,19.50,19.50,19.50,805
ABADONRE,20171219,6.61,7.00,6.30,6.60,5220
ABCDATA,20171219,2.06,2.07,2.00,2.00,295602
ABMSOLID,20171219,11.99,12.07,11.99,12.07,88
ABPL,20171219,29.00,29.05,29.00,29.00,12060
ACAUTOGAZ,20171219,41.50,41.50,38.10,40.55,2199
ACTION,20171219,3.35,3.40,3.14,3.22,62140
ADIUVO,20171219,15.59,15.59,14.20,14.90,649
AGORA,20171219,14.74,14.88,14.74,14.88,555
AGROTON,20171219,4.12,4.19,4.04,4.15,10969
AILLERON,20171219,17.00,17.48,17.00,17.44,4224
AIRWAY,20171219,0.79,0.80,0.75,0.76,103044
ALCHEMIA,20171219,4.55,4.55,4.47,4.51,10187
ALIOR,20171219,77.95,79.50,77.95,79.00,338321
ALMA,20171219,0.22,0.22,0.21,0.21,49141
ALTA,20171219,2.67,2.69,2.55,2.69,7005
ALTUSTFI,20171219,14.42,14.80,14.42,14.80,9861
ALUMETAL,20171219,52.50,53.00,52.49,52.49,6208
AMBRA,20171219,13.65,13.78,13.45,13.69,7584
AMICA,20171219,122.40,122.40,120.15,121.50,10326
AMREST,20171219,372.45,375.50,372.00,375.00,2078
APATOR,20171219,26.25,26.25,25.93,25.99,8403
APLISENS,20171219,12.90,12.90,12.80,12.90,314
ARCHICOM,20171219,16.15,16.60,16.15,16.60,2098
ARCTIC,20171219,3.97,4.01,3.93,4.00,151036
ARCUS,20171219,2.04,2.20,2.00,2.09,21126
ARKASWE17,20171219,111.88,111.88,109.01,111.00,444
ARTERIA,20171219,7.49,7.49,7.40,7.40,6
ARTIFEX,20171219,8.20,8.39,8.20,8.21,6883
ASBIS,20171219,2.94,2.95,2.92,2.93,126097
ASMGROUP,20171219,4.00,4.19,4.00,4.19,1983
ASSECOBS,20171219,25.98,25.98,25.41,25.41,941
ASSECOPOL,20171219,42.90,42.90,42.15,42.40,194699
ASSECOSEE,20171219,12.08,12.18,12.00,12.18,2149
ASTARTA,20171219,52.00,52.59,51.65,52.59,20917
ATAL,20171219,41.94,42.98,41.94,42.48,3638
ATENDE,20171219,4.10,4.21,4.03,4.13,32138
ATLANTAPL,20171219,3.99,3.99,3.92,3.92,121
ATLANTIS,20171219,0.67,0.70,0.67,0.70,9195
ATLASEST,20171219,1.21,1.24,1.17,1.24,5651
ATM,20171219,11.37,11.37,11.37,11.37,61
ATMGRUPA,20171219,4.30,4.30,4.09,4.09,3771
ATREM,20171219,2.42,2.42,2.32,2.32,4842
AUGA,20171219,2.20,2.20,2.20,2.20,70
AUTOPARTN,20171219,4.82,4.93,4.74,4.74,440929
AVIAAML,20171219,5.35,5.39,5.23,5.35,787
AVIASG,20171219,17.30,17.30,17.30,17.30,42
AWBUD,20171219,4.07,4.07,4.07,4.07,30
BAHOLDING,20171219,11.20,11.20,10.50,10.60,21896
BALTONA,20171219,2.82,2.82,2.65,2.81,5503
BBIDEV,20171219,0.63,0.66,0.62,0.65,654123
BEDZIN,20171219,26.94,27.50,26.00,27.00,2146
BENEFIT,20171219,1126.20,1135.20,1118.00,1130.00,1851
BERLING,20171219,3.79,3.79,3.79,3.79,2895
BEST,20171219,31.00,31.00,29.50,29.50,2510
BETACOM,20171219,10.55,10.97,10.55,10.97,3900
BGZBNPP,20171219,67.77,67.77,67.77,67.77,1
BIK,20171219,16.40,16.40,16.40,16.40,2
BIOMEDLUB,20171219,1.31,1.35,1.29,1.35,31693
BIOTON,20171219,3.25,3.27,3.17,3.18,91909
BOGDANKA,20171219,68.85,69.05,67.70,68.81,7135
BORYSZEW,20171219,9.22,9.22,9.14,9.17,269060
BOS,20171219,8.80,8.90,8.66,8.67,30946
BOWIM,20171219,3.62,3.68,3.60,3.68,1112
BRASTER,20171219,7.00,8.30,6.85,8.15,251823
BSCDRUK,20171219,35.30,36.85,35.30,36.85,683
BUDIMEX,20171219,203.00,207.00,201.00,206.40,5938
BUMECH,20171219,0.30,0.31,0.28,0.29,993016
BYTOM,20171219,2.64,2.69,2.62,2.62,137139
BZWBK,20171219,389.50,394.00,382.90,388.60,61780
CAPITAL,20171219,3.53,3.60,3.48,3.55,99460
CCC,20171219,274.20,282.50,273.45,279.15,91321
CDPROJEKT,20171219,95.97,100.30,95.60,99.90,329583
CDRL,20171219,25.25,25.25,24.50,24.51,2384
CELTIC,20171219,6.05,6.05,6.05,6.05,100
CEZ,20171219,82.23,82.23,81.10,82.00,1965
CFI,20171219,0.38,0.39,0.34,0.35,1016175
CHEMOS,20171219,1.49,1.51,1.46,1.46,78814
CIECH,20171219,52.00,52.20,51.15,51.35,74600
CIGAMES,20171219,1.00,1.03,1.00,1.01,618106
CITYSERV,20171219,11.70,11.70,11.70,11.70,200
CLNPHARMA,20171219,32.59,33.91,32.25,33.55,36868
CNT,20171219,8.55,8.56,8.55,8.55,1762
COGNOR,20171219,1.49,1.51,1.48,1.50,64853
COLIAN,20171219,3.17,3.18,3.15,3.16,6229
COMARCH,20171219,184.90,188.00,184.00,184.00,182
COMP,20171219,57.20,57.99,56.99,57.99,61
CORMAY,20171219,1.39,1.41,1.38,1.39,231807
CPGROUP,20171219,5.58,6.13,5.55,5.68,12497
CUBEITG,20171219,0.43,0.45,0.42,0.44,116559
CYFRPLSAT,20171219,24.10,24.15,23.81,24.14,270388
CZTOREBKA,20171219,0.59,0.59,0.56,0.57,2607
DEBICA,20171219,98.02,99.60,98.02,99.60,191
DECORA,20171219,10.25,10.29,10.17,10.29,443
DEKPOL,20171219,36.02,37.00,35.00,37.00,6284
DELKO,20171219,11.60,11.60,10.60,10.60,5829
DGA,20171219,4.23,4.28,4.11,4.28,1903
DINOPL,20171219,76.63,78.32,76.00,78.32,165736
DOMDEV,20171219,85.13,85.13,84.86,85.13,8475
DREWEX,20171219,0.97,0.97,0.96,0.96,2409
DROZAPOL,20171219,1.91,1.91,1.84,1.85,4833
ECHO,20171219,5.15,5.16,4.65,4.65,1175157
EDINVEST,20171219,2.11,2.11,2.03,2.03,392
EFEKT,20171219,23.57,23.57,22.92,23.48,428
EKOEXPORT,20171219,7.15,7.29,7.12,7.19,16580
ELBUDOWA,20171219,86.38,86.50,84.99,86.50,2231
ELEKTROTI,20171219,9.05,9.29,9.05,9.17,492
ELEMENTAL,20171219,2.33,2.35,2.30,2.35,275320
ELKOP,20171219,0.44,0.46,0.43,0.44,65947
ELZAB,20171219,8.15,8.15,8.15,8.15,370
EMCINSMED,20171219,9.74,9.74,9.74,9.74,1
EMPERIA,20171219,99.50,99.50,99.00,99.20,11101
ENAP,20171219,1.13,1.13,1.06,1.09,25507
ENEA,20171219,11.90,11.90,11.48,11.48,574474
ENELMED,20171219,11.40,11.79,11.40,11.79,617
ENERGA,20171219,12.50,12.52,12.22,12.22,771642
ENERGOINS,20171219,1.28,1.28,1.19,1.24,12749
ENTER,20171219,27.15,27.15,26.70,27.15,295
ERBUD,20171219,22.08,22.08,20.87,21.00,821
ERG,20171219,58.20,58.20,58.20,58.20,1
ERGIS,20171219,5.35,5.35,5.27,5.34,56940
ESOTIQ,20171219,22.52,24.25,22.52,23.90,4246
ESSYSTEM,20171219,2.65,2.65,2.55,2.64,607
ETFDAX,20171219,535.45,535.45,532.00,532.55,108
ETFSP500,20171219,97.50,97.70,97.40,97.40,253
ETFW20L,20171219,294.81,296.10,290.15,290.25,10325
EUCO,20171219,20.95,21.20,20.95,21.02,427
EUROCASH,20171219,27.65,28.00,27.33,27.33,277364
EUROTEL,20171219,23.40,23.40,23.05,23.40,2827
EVEREST,20171219,0.68,0.70,0.68,0.70,300
FAMUR,20171219,5.81,6.00,5.81,5.98,276399
FASING,20171219,17.17,17.17,17.17,17.17,1000
FASTFIN,20171219,1.53,1.53,1.53,1.53,17
FEERUM,20171219,13.50,13.70,13.50,13.70,915
FERRO,20171219,16.59,16.59,16.35,16.50,1166
FERRUM,20171219,3.99,4.04,3.75,3.96,18306
FORTE,20171219,49.48,50.80,49.48,50.00,2418
FORTUNA,20171219,28.76,28.76,28.76,28.76,600
GEKOPLAST,20171219,15.19,15.19,15.07,15.19,219
GETBACK,20171219,19.70,19.87,18.73,18.80,504880
GETIN,20171219,1.54,1.54,1.45,1.45,1787067
GETINOBLE,20171219,1.61,1.63,1.56,1.57,1340287
GINOROSSI,20171219,1.10,1.10,1.01,1.05,221974
GLCOSMED,20171219,2.25,2.29,2.18,2.20,5133
GOBARTO,20171219,8.50,8.63,8.48,8.63,2972
GORENJE,20171219,25.95,25.95,25.95,25.95,1
GPRE,20171219,5.25,5.25,5.14,5.19,13778
GPW,20171219,45.00,45.32,44.32,44.59,19119
GRAVITON,20171219,0.65,0.65,0.59,0.59,212
GROCLIN,20171219,5.69,5.83,5.55,5.57,58483
GRODNO,20171219,12.54,12.54,11.96,12.47,2201
GRUPAAZOTY,20171219,70.59,70.87,70.47,70.65,22558
GTC,20171219,9.46,9.74,9.44,9.70,21419
HANDLOWY,20171219,78.00,78.20,77.21,78.20,31951
HARPER,20171219,0.85,0.85,0.85,0.85,2
HELIO,20171219,11.50,11.50,10.90,11.44,8440
HERKULES,20171219,3.32,3.32,3.20,3.25,7592
HUBSTYLE,20171219,0.69,0.71,0.64,0.67,41520
HYDROTOR,20171219,38.90,38.90,38.75,38.75,101
I2DEV,20171219,11.38,11.38,11.38,11.38,250
IDEABANK,20171219,23.89,23.89,23.66,23.84,2592
IFCAPITAL,20171219,0.63,0.63,0.59,0.63,4189
IFIRMA,20171219,4.10,4.16,4.10,4.13,17542
IFSA,20171219,0.44,0.45,0.44,0.44,14352
IIAAV,20171219,8.53,8.53,8.53,8.53,2
IMCOMPANY,20171219,12.40,12.40,12.12,12.34,94
IMMOBILE,20171219,3.80,3.83,3.75,3.83,2418
IMPEL,20171219,22.99,22.99,22.99,22.99,6
IMPERA,20171219,1.34,1.34,1.33,1.34,6771
IMPEXMET,20171219,4.31,4.40,4.31,4.33,118145
IMS,20171219,3.45,3.45,3.35,3.35,2600
INC,20171219,1.70,1.70,1.60,1.70,440
INDATA,20171219,1.71,1.71,1.57,1.60,182503
INDYKPOL,20171219,61.98,61.98,61.98,61.98,1
INGBSK,20171219,209.50,209.50,204.00,209.00,61312
INPRO,20171219,5.03,5.03,5.03,5.03,372
INSTALKRK,20171219,13.85,13.85,13.25,13.25,6957
INTERAOLT,20171219,11.75,11.80,11.65,11.80,5040
INTERCARS,20171219,302.10,303.95,300.00,302.00,41208
INTERFERI,20171219,3.93,3.93,3.73,3.80,4092
INTERSPPL,20171219,2.47,2.47,2.45,2.45,163
INTLBCO19737,20171219,47.18,47.18,46.95,46.95,282
INTLBCO19992,20171219,38.01,38.01,38.01,38.01,78
INTLBCO20164,20171219,28.70,28.72,28.12,28.16,5101
INTLDAX00281,20171219,202.10,202.10,202.10,202.10,98
INTLDAX15081,20171219,132.50,132.50,132.50,132.50,8
INTLDAX16816,20171219,116.80,117.00,115.30,115.30,69
INTLDAX17038,20171219,99.15,99.15,99.15,99.15,50
INTLDAX17798,20171219,69.45,69.45,69.45,69.45,20
INTLDAX19869,20171219,41.22,41.22,39.08,39.08,52
INTLEUD19471,20171219,15.01,15.34,15.01,15.34,550
INTLEUR18747,20171219,13.50,13.50,13.50,13.50,1000
INTLGLD09621,20171219,62.20,62.20,61.35,61.35,47
INTLGLD12831,20171219,47.31,47.31,47.31,47.31,100
INTLGLD18317,20171219,31.48,31.77,30.60,30.68,2730
INTLKGH16949,20171219,27.12,27.12,27.12,27.12,200
INTLKGH17293,20171219,21.73,22.23,21.73,21.73,714
INTLOPL18309,20171219,1.93,1.93,1.93,1.93,856
INTLPEO16972,20171219,21.49,21.49,21.49,21.49,50
INTLPGE17863,20171219,2.74,2.74,2.69,2.69,923
INTLPGN17376,20171219,1.58,1.58,1.58,1.58,1500
INTLPGN17467,20171219,1.25,1.28,1.25,1.28,3818
INTLPKN17947,20171219,28.93,30.18,28.93,30.18,500
INTLPKN18259,20171219,21.36,21.36,20.89,20.89,40
INTLPKO18812,20171219,11.87,11.87,11.87,11.87,45
INTLPKO20008,20171219,10.20,10.20,9.99,9.99,1740
INTLPZU18796,20171219,6.25,6.25,6.02,6.02,3000
INTLSLV12955,20171219,6.84,6.84,6.84,6.84,56
INTLSPX17822,20171219,17.73,17.73,17.73,17.73,125
INTLUSD03731,20171219,12.90,13.09,12.00,12.80,400
INTLUSD05041,20171219,22.96,22.96,22.90,22.90,196
INTLVOW11171,20171219,43.50,43.50,43.50,43.50,1
INTLVOW12799,20171219,36.52,36.52,36.52,36.52,1
INTLVOW17137,20171219,25.66,25.66,25.66,25.66,69
INTLW2018937,20171219,2.65,2.65,2.65,2.65,900
INTLW2019224,20171219,2.09,2.14,1.97,1.98,6370
INTLW2019232,20171219,2.32,2.32,2.17,2.17,3398
INTLW2019521,20171219,1.76,1.87,1.60,1.63,108621
INTROL,20171219,5.55,5.55,5.51,5.55,1171
INTSBND18077,20171219,24.35,24.35,24.35,24.35,305
INTSDAX18424,20171219,30.80,32.30,30.80,32.09,210
INTSDAX18952,20171219,42.24,42.24,42.24,42.24,70
INTSDAX20255,20171219,18.99,20.73,18.98,20.73,677
INTSDOW20057,20171219,32.15,33.28,32.15,33.28,2301
INTSDOW20206,20171219,76.55,76.55,76.55,76.55,43
INTSESX18648,20171219,13.80,13.80,13.80,13.80,200
INTSEUC19331,20171219,20.62,20.62,20.62,20.62,16
INTSEUD06080,20171219,24.05,24.05,24.05,24.05,14
INTSGBU18556,20171219,26.00,26.00,26.00,26.00,1
INTSNAG19034,20171219,5.17,5.17,5.17,5.17,205
INTSNDX20289,20171219,19.23,19.23,19.23,19.23,50
INTSPKN20313,20171219,19.16,19.28,19.16,19.28,320
INTSPKO20305,20171219,6.56,6.56,6.56,6.56,300
INTSPZU20131,20171219,12.47,12.47,12.47,12.47,100
INTSSP520081,20171219,7.51,7.51,7.49,7.49,303
INTSUSJ17509,20171219,15.15,15.15,13.94,13.94,79
INTSW2005884,20171219,2.20,2.35,2.20,2.29,3600
INTSW2019307,20171219,3.10,3.12,3.10,3.12,1256
INTSW2019430,20171219,3.50,3.50,3.50,3.50,300
INTSW2019596,20171219,4.26,4.26,4.26,4.26,60
INTSW2019935,20171219,1.81,2.01,1.81,1.92,9089
INTSW2019976,20171219,6.77,6.77,6.74,6.74,280
INTSW2020222,20171219,0.80,1.03,0.76,1.03,25358
INTSW2020248,20171219,1.55,1.55,1.46,1.46,16766
INVFIZ,20171219,929.95,930.00,915.11,915.11,15
INVGLDFIZ,20171219,1425.10,1430.00,1425.00,1430.00,32
INVISTA,20171219,1.20,1.21,1.20,1.21,10900
INVPEFIZ,20171219,710.35,710.35,700.00,700.00,40
IPOPEMA,20171219,1.35,1.35,1.24,1.24,25892
ITMTRADE,20171219,3.08,3.13,2.96,3.05,63259
IZOBLOK,20171219,99.90,102.00,99.22,100.00,343
IZOLACJA,20171219,2.10,2.10,2.10,2.10,1
IZOSTAL,20171219,5.40,5.40,5.35,5.35,290
JHMDEV,20171219,1.91,1.92,1.90,1.92,35134
JSW,20171219,98.30,98.66,96.16,96.31,170819
JWCONSTR,20171219,4.38,4.38,4.30,4.30,12192
JWWINVEST,20171219,1.81,1.81,1.74,1.74,1428
K2INTERNT,20171219,12.50,12.50,12.50,12.50,2
KANIA,20171219,1.40,1.49,1.40,1.49,105597
KBDOM,20171219,2.79,2.79,2.60,2.78,459
KCI,20171219,0.91,0.91,0.89,0.89,17403
KERNEL,20171219,49.10,49.39,48.54,49.10,168731
KETY,20171219,394.85,395.05,390.05,393.75,3064
KGHM,20171219,107.85,108.85,106.95,107.00,619229
KGL,20171219,22.55,22.55,22.26,22.45,254
KINOPOL,20171219,11.45,11.45,11.45,11.45,245
KOGENERA,20171219,86.31,86.99,85.00,86.99,382
KOMPAP,20171219,7.08,7.65,7.08,7.10,299
KOMPUTRON,20171219,5.65,5.68,5.62,5.62,3997
KONSSTALI,20171219,31.40,31.40,31.40,31.40,1
KOPEX,20171219,3.76,3.80,3.76,3.80,7809
KRAKCHEM,20171219,2.13,2.13,2.13,2.13,1
KREC,20171219,5.95,5.95,5.94,5.94,10002
KREDYTIN,20171219,22.03,22.03,22.03,22.03,1
KREZUS,20171219,1.43,1.51,1.40,1.43,466730
KRUK,20171219,253.00,254.50,240.45,244.00,335519
KRUSZWICA,20171219,67.40,68.00,65.20,68.00,337
KRVITAMIN,20171219,4.20,4.20,4.05,4.10,1002
KSGAGRO,20171219,1.96,2.02,1.94,2.00,10317
LABOPRINT,20171219,13.86,14.00,13.75,14.00,1211
LARQ,20171219,16.20,16.20,15.50,15.90,3657
LCCORP,20171219,2.83,2.86,2.80,2.80,256059
LENA,20171219,4.45,4.49,4.44,4.49,9815
LENTEX,20171219,7.69,7.71,7.59,7.59,34901
LIBET,20171219,1.85,1.85,1.77,1.84,2927
LIVECHAT,20171219,39.40,39.40,38.41,39.38,41974
LMESFIZ,20171219,1211.10,1259.90,1211.10,1259.90,8
LOKUM,20171219,17.48,17.48,17.45,17.45,4418
LOTOS,20171219,58.90,58.90,57.87,58.50,244131
LPP,20171219,8898.00,9100.00,8802.05,8965.50,2565
LSISOFT,20171219,11.80,12.09,11.80,12.00,123826
LUBAWA,20171219,0.91,0.92,0.88,0.89,228487
MABION,20171219,106.90,109.75,106.90,108.00,6669
MAKARONPL,20171219,5.15,5.35,5.15,5.35,22
MANGATA,20171219,97.10,100.45,97.10,100.00,556
MARVIPOL,20171219,8.15,8.60,7.00,7.70,142317
MASTERPHA,20171219,3.02,3.05,3.00,3.00,7742
MAXCOM,20171219,20.25,21.90,20.25,20.90,21335
MBANK,20171219,484.80,487.00,480.05,484.90,17714
MBWS,20171219,51.00,52.99,51.00,52.99,325
MCI,20171219,9.54,9.57,9.41,9.54,9263
MDIENERGIA,20171219,3.98,4.08,3.95,4.07,831
MEDIACAP,20171219,1.76,1.82,1.76,1.80,10235
MEDICALG,20171219,201.00,201.00,195.00,199.20,407
MENNICA,20171219,21.75,22.00,21.75,22.00,204
MERCATOR,20171219,15.28,16.17,15.20,15.99,9274
MERCOR,20171219,10.93,11.00,10.84,11.00,3443
MEXPOLSKA,20171219,4.25,4.25,4.10,4.25,35019
MFO,20171219,35.19,35.19,34.28,34.28,2
MILKILAND,20171219,1.59,1.59,1.51,1.51,2662
MILLENNIUM,20171219,8.59,8.94,8.59,8.78,2743056
MIRACULUM,20171219,2.25,2.30,2.25,2.28,3833
MIRBUD,20171219,1.14,1.15,1.12,1.14,323797
MLPGROUP,20171219,47.50,48.00,47.50,48.00,4
MOL,20171219,40.00,40.16,39.01,40.16,50100
MONNARI,20171219,8.50,8.50,8.01,8.14,43939
MORIZON,20171219,1.26,1.37,1.26,1.37,545042
MOSTALPLC,20171219,9.55,10.00,9.55,10.00,101
MOSTALWAR,20171219,5.00,5.01,4.90,4.98,18434
MOSTALZAB,20171219,0.70,0.71,0.68,0.69,277947
MWTRADE,20171219,5.92,5.92,5.72,5.91,1710
NETIA,20171219,5.25,5.27,5.23,5.27,190572
NETMEDIA,20171219,9.35,9.35,9.15,9.35,80
NEUCA,20171219,266.10,269.00,266.10,268.15,715
NEWAG,20171219,15.50,16.70,15.50,16.69,15134
NORTCOAST,20171219,6.44,6.45,6.44,6.44,844
NOVITA,20171219,50.00,50.00,49.98,50.00,648
NOWAGALA,20171219,1.64,1.72,1.63,1.72,8478
NTTSYSTEM,20171219,2.27,2.27,2.12,2.21,1889
ODLEWNIE,20171219,3.40,3.40,3.35,3.35,12056
OEX,20171219,18.30,18.46,18.30,18.46,274
OPENFIN,20171219,1.44,1.44,1.37,1.38,11099
OPONEO.PL,20171219,39.51,40.50,39.51,39.70,1896
OPTEAM,20171219,3.68,3.68,3.41,3.60,7158
ORANGEPL,20171219,5.94,5.97,5.83,5.84,1564870
ORBIS,20171219,92.69,92.88,90.39,92.88,23220
ORION,20171219,66.18,66.18,66.16,66.16,5
ORZBIALY,20171219,12.83,13.09,12.50,12.50,62665
OTLOG,20171219,21.40,21.40,21.40,21.40,20
OTMUCHOW,20171219,3.25,3.25,3.00,3.11,18056
PAMAPOL,20171219,1.00,1.01,0.99,1.00,32828
PANOVA,20171219,23.44,23.44,22.80,23.27,45
PATENTUS,20171219,0.98,0.99,0.98,0.99,3280
PBG,20171219,0.18,0.19,0.17,0.17,4711441
PBKM,20171219,67.20,67.50,66.82,67.00,6510
PCCEXOL,20171219,1.73,1.73,1.66,1.66,12407
PCCINTER,20171219,2.62,2.62,2.62,2.62,14
PCCROKITA,20171219,99.00,103.15,97.11,101.00,13020
PCM,20171219,28.87,28.98,28.87,28.88,6377
PEKABEX,20171219,9.65,9.65,9.65,9.65,815
PEKAO,20171219,128.80,129.50,127.70,128.20,251962
PEMANAGER,20171219,40.90,40.90,39.70,40.49,413
PEP,20171219,12.29,12.29,12.10,12.16,14155
PEPEES,20171219,1.34,1.38,1.34,1.38,167460
PFLEIDER,20171219,35.00,35.49,34.15,35.20,11620
PGE,20171219,12.58,12.66,12.43,12.44,1372962
PGNIG,20171219,6.16,6.24,6.11,6.15,3487265
PGO,20171219,4.40,4.80,4.21,4.80,2267
PGSSOFT,20171219,14.09,14.11,13.76,14.11,15802
PHN,20171219,14.23,14.23,14.07,14.19,10122
PKNORLEN,20171219,108.50,110.35,108.15,109.05,468701
PKOBL1,20171219,108.10,108.10,106.51,106.51,100
PKOBP,20171219,43.33,43.68,43.12,43.20,1215402
PKPCARGO,20171219,56.23,56.65,55.59,56.00,60682
PLASTBOX,20171219,2.13,2.27,2.13,2.27,17686
PLATYNINW,20171219,0.50,0.51,0.50,0.51,1388
PLAY,20171219,33.85,34.12,33.40,33.79,412416
PLAYWAY,20171219,61.00,63.50,61.00,63.00,35198
PLAZACNTR,20171219,4.12,4.44,4.12,4.44,400
PMPG,20171219,3.72,3.80,3.72,3.80,1600
POLICE,20171219,20.90,20.90,20.51,20.85,1643
POLIMEXMS,20171219,4.12,4.13,4.03,4.03,1075611
POLMED,20171219,2.37,2.37,2.37,2.37,10
POLNORD,20171219,7.38,7.45,7.25,7.29,41464
POLWAX,20171219,11.43,11.61,11.43,11.55,14856
POZBUD,20171219,3.42,3.42,3.32,3.35,13696
PRAGMAFA,20171219,17.02,17.35,17.02,17.35,70
PRAGMAINK,20171219,14.00,14.00,14.00,14.00,39
PRAIRIE,20171219,1.39,1.44,1.38,1.43,90637
PRIMAMODA,20171219,5.27,5.27,5.27,5.27,10
PROCAD,20171219,1.54,1.54,1.42,1.42,4387
PROCHEM,20171219,20.48,20.59,20.25,20.57,504
PROCHNIK,20171219,0.50,0.52,0.48,0.49,439768
PROJPRZEM,20171219,15.01,15.28,14.90,15.28,2164
PROTEKTOR,20171219,3.82,3.82,3.80,3.80,3685
PROVIDENT,20171219,8.20,8.20,8.20,8.20,50
PULAWY,20171219,160.05,161.85,157.00,157.00,295
PZU,20171219,43.80,44.02,43.18,43.18,1088002
QUANTUM,20171219,14.25,14.48,14.20,14.48,88
QUERCUS,20171219,5.41,5.48,5.28,5.41,22913
QUMAK,20171219,1.65,1.78,1.65,1.70,195475
RADPOL,20171219,1.53,1.53,1.49,1.49,54007
RAFAKO,20171219,4.15,4.19,4.11,4.13,48041
RAFAMET,20171219,12.45,12.45,12.00,12.00,30
RAINBOW,20171219,43.20,43.20,42.40,43.00,2309
RANKPROGR,20171219,2.25,2.28,2.10,2.13,247662
RAWLPLUG,20171219,9.90,9.90,9.52,9.90,5306
RCCORAOPEN,20171219,7.22,7.22,7.22,7.22,50
RCDAXAOPEN,20171219,560.00,560.00,560.00,560.00,100
RCESX7E0621,20171219,994.90,994.90,994.90,994.90,149
RCFL2COFF,20171219,4.58,4.58,4.58,4.58,150
RCFL3BZW,20171219,129.50,129.50,125.80,125.80,200
RCFL3COCO,20171219,5.39,5.39,5.39,5.39,10
RCFL3DBK,20171219,3.60,3.60,3.60,3.60,500
RCFL3ENA,20171219,148.20,148.20,148.20,148.20,630
RCFL3FDX,20171219,206.70,207.00,206.70,207.00,18
RCFL3GOLD,20171219,30.44,30.44,30.27,30.27,75
RCFL3KGH,20171219,11.68,11.68,11.68,11.68,145
RCFL3MGN,20171219,1.19,1.19,1.17,1.17,2000
RCFL3OIL3,20171219,17.87,17.87,17.82,17.82,4840
RCFL3PEO,20171219,31.54,31.62,31.54,31.62,5900
RCFL3PKN,20171219,308.20,308.40,308.20,308.40,20
RCFL3SIE,20171219,148.20,148.20,148.20,148.20,20
RCFL3SILVE,20171219,5.39,5.40,5.28,5.28,1045
RCFL3W20,20171219,102.80,106.00,102.80,103.00,84
RCFL3WHT,20171219,4.07,4.07,4.07,4.07,2300
RCFL4ESX,20171219,316.60,316.60,316.60,316.60,6
RCFL4OIL,20171219,14.20,14.20,14.20,14.20,950
RCFL4SILVE1,20171219,9.00,9.00,9.00,9.00,100
RCFS2LPP,20171219,10.48,10.48,10.48,10.48,55
RCFS2PKN,20171219,3.60,3.60,3.55,3.55,6000
RCFS3BZW,20171219,29.15,29.18,29.15,29.18,200
RCFS3COPP,20171219,2.46,2.46,2.44,2.44,824
RCFS3OIL,20171219,40.20,40.20,39.96,39.96,270
RCFS3OIL2,20171219,7.45,7.45,7.40,7.40,250
RCFS3PKN,20171219,0.34,0.34,0.34,0.34,1000
RCFS3PKO,20171219,6.37,6.38,6.35,6.35,9200
RCFS3W20,20171219,27.03,27.91,27.03,27.86,2744
RCFS4OIL,20171219,1.24,1.24,1.24,1.24,5000
RCGGLD11019,20171219,984.70,984.70,984.70,984.70,52
RCGLDAOPEN,20171219,449.80,449.80,448.50,448.50,7
RCGOIL1122,20171219,976.60,976.60,976.60,976.60,2
RCGZEBSH1120,20171219,969.50,969.50,969.50,969.50,10
RCKAOAOPEN,20171219,68.00,68.20,68.00,68.20,100
RCRBSPX0522,20171219,795.90,795.90,795.90,795.90,187
RCSILAOPEN,20171219,57.60,57.60,57.35,57.35,137
RCTLCOCO01,20171219,9.74,9.74,9.74,9.74,100
RCTLCOFF001,20171219,0.72,0.72,0.70,0.71,10922
RCTLGOLD09,20171219,5.76,5.76,5.76,5.76,5200
RCTLSILV08,20171219,0.92,0.92,0.92,0.92,1000
RCTLSUGA08,20171219,0.51,0.51,0.51,0.51,2000
RCTLWIG003,20171219,9.17,9.17,9.17,9.17,1000
RCWHTAOPEN,20171219,4.07,4.07,4.02,4.02,1617
REDAN,20171219,1.05,1.09,1.03,1.08,48392
REDWOOD,20171219,0.63,0.63,0.48,0.57,33282
RELPOL,20171219,7.42,7.50,7.42,7.49,2070
REMAK,20171219,10.27,10.27,10.03,10.15,455
RESBUD,20171219,0.42,0.46,0.42,0.45,75019
ROBYG,20171219,3.63,3.64,3.60,3.62,486266
RONSON,20171219,1.42,1.42,1.40,1.40,5602
ROPCZYCE,20171219,25.43,25.50,25.21,25.21,710
RUBICON,20171219,1.40,1.42,1.36,1.36,4124
SANOK,20171219,42.70,43.30,42.70,43.25,1778
SANTANDER,20171219,23.69,23.69,23.69,23.69,80
SANWIL,20171219,0.88,0.91,0.88,0.88,1135
SARE,20171219,22.35,22.35,22.25,22.28,675
SEKO,20171219,9.58,9.58,9.45,9.50,1300
SELENAFM,20171219,17.00,17.70,17.00,17.70,229
SELVITA,20171219,56.00,56.00,52.88,55.00,125287
SERINUS,20171219,1.04,1.05,0.95,0.97,647418
SFINKS,20171219,1.54,1.60,1.44,1.55,1814129
SIMPLE,20171219,6.47,6.47,6.17,6.46,12571
SKARBIEC,20171219,27.13,27.38,27.00,27.23,2878
SKYLINE,20171219,0.73,0.73,0.73,0.73,4000
SLEEPZAG,20171219,6.97,6.97,6.80,6.80,2
SNIEZKA,20171219,68.51,71.00,68.51,71.00,1317
SOHODEV,20171219,2.37,2.51,2.36,2.48,15548
SOLAR,20171219,1.17,1.17,1.17,1.17,73980
SONEL,20171219,6.90,6.99,6.90,6.95,940
STALEXP,20171219,4.02,4.05,3.98,3.99,42467
STALPROD,20171219,503.90,504.50,501.55,504.40,7943
STALPROFI,20171219,15.44,15.45,15.29,15.29,1167
STELMET,20171219,16.60,16.60,16.00,16.02,3346
SUNEX,20171219,2.50,2.50,2.49,2.49,648
SUWARY,20171219,10.13,10.13,10.13,10.13,2
SWISSMED,20171219,0.83,0.83,0.83,0.83,1855
SYGNITY,20171219,2.92,2.95,2.73,2.79,20093
SYNEKTIK,20171219,16.20,16.20,15.88,16.18,492
SYNTHOS,20171219,4.84,4.87,4.84,4.86,264861
TALEX,20171219,19.21,19.21,19.21,19.21,10
TAURONPE,20171219,3.18,3.19,3.09,3.09,2141171
TERMOREX,20171219,1.90,1.98,1.90,1.98,30
TESGAS,20171219,1.99,1.99,1.95,1.95,1201
TIM,20171219,6.79,6.80,6.57,6.57,17488
TORPOL,20171219,7.92,7.92,7.47,7.58,28270
TOYA,20171219,11.38,11.39,10.80,11.10,222
TRAKCJA,20171219,6.89,7.13,6.85,7.07,182313
TRANSPOL,20171219,5.16,5.16,5.10,5.16,56046
TRIGONPP2,20171219,127.70,130.00,127.70,127.90,176
TRIGONPP5,20171219,126.90,126.90,126.90,126.90,20
TRIGONPP7,20171219,126.20,126.20,126.20,126.20,7
TRIGONPP8,20171219,128.00,128.00,128.00,128.00,45
TRITON,20171219,3.26,3.39,3.26,3.26,1297
TXM,20171219,2.30,2.49,2.25,2.45,8747
UCEXVOWG0321,20171219,105.70,105.70,105.70,105.70,5500
ULMA,20171219,73.50,73.50,73.50,73.50,1
UNIBEP,20171219,9.50,9.89,9.50,9.89,3954
UNICREDIT,20171219,69.00,69.00,69.00,69.00,34
UNIMA,20171219,3.11,3.18,3.11,3.13,10150
UNIMOT,20171219,24.27,24.31,23.25,23.25,13825
UNIWHEELS,20171219,300.00,300.00,300.00,300.00,87
URSUS,20171219,3.97,4.04,3.94,3.96,178915
VENTUREIN,20171219,4.67,4.67,4.31,4.31,3878
VIGOSYS,20171219,312.10,312.10,312.00,312.00,10
VINDEXUS,20171219,9.71,9.79,9.55,9.78,6158
VISTAL,20171219,0.87,0.89,0.79,0.79,40200
VISTULA,20171219,4.28,4.30,4.21,4.26,276609
VIVID,20171219,2.40,2.43,2.35,2.41,55026
VOTUM,20171219,10.68,10.68,10.55,10.67,32219
VOXEL,20171219,15.79,15.79,15.75,15.78,956
WADEX,20171219,5.51,5.52,5.51,5.52,1100
WARIMPEX,20171219,5.94,6.08,5.81,6.08,930
WASKO,20171219,2.23,2.29,2.16,2.29,145975
WAWEL,20171219,960.85,977.00,960.00,973.05,557
WDX,20171219,14.59,14.59,14.50,14.59,2689
WIELTON,20171219,12.00,12.00,11.70,11.80,40137
WIKANA,20171219,1.01,1.03,1.01,1.02,2030
WIRTUALNA,20171219,44.80,44.88,44.21,44.65,6207
WITTCHEN,20171219,19.47,19.47,19.47,19.47,159
WOJAS,20171219,5.02,5.15,5.02,5.15,1748
WORKSERV,20171219,4.46,4.48,4.30,4.33,7566
XTB,20171219,4.50,4.50,4.33,4.34,55547
YOLO,20171219,3.43,3.50,3.38,3.46,11626
ZAMET,20171219,0.93,1.00,0.93,1.00,12145
ZEPAK,20171219,15.10,15.24,15.05,15.15,12731
ZPUE,20171219,168.50,168.50,166.20,168.45,110
ZUE,20171219,6.65,6.70,6.55,6.70,5424
ZYWIEC,20171219,458.00,458.00,456.00,456.00,87
INVESTORMS,20171219,4518.15,4518.55,4518.15,4518.55,265840.812
MWIG40,20171219,4762.19,4780.92,4753.48,4780.92,250418.774
MWIG40TR,20171219,5827.54,5850.82,5827.54,5850.82,250418.774
RESPECT,20171219,3085.76,3091.24,3067.01,3068.67,333417.446
SWIG80,20171219,14481.86,14495.01,14390.19,14409.54,56547.371
SWIG80TR,20171219,16723.06,16723.06,16679.59,16679.59,56547.371
WIG,20171219,63493.65,63761.10,63361.94,63406.04,803934.185
WIG-BANKI,20171219,8394.43,8428.34,8353.65,8382.41,188831.837
WIG-BUDOW,20171219,2784.40,2792.75,2761.30,2792.75,10080.225
WIG-CEE,20171219,993.76,994.88,992.32,994.88,11774.547
WIG-CHEMIA,20171219,15052.50,15102.16,15025.75,15062.32,8251.939
WIG-ENERG,20171219,3079.86,3083.53,3029.70,3029.70,40715.133
WIG-GORNIC,20171219,4324.76,4346.38,4279.86,4279.86,83893.929
WIG-INFO,20171219,1978.45,1981.17,1957.74,1964.06,12911.104
WIG-LEKI,20171219,5440.98,5552.84,5437.27,5506.95,2642.622
WIG-MEDIA,20171219,4659.79,4660.24,4612.95,4640.79,1170.321
WIG-MOTO,20171219,5019.31,5035.08,4977.20,5014.54,15007.589
WIG-NRCHOM,20171219,2197.17,2208.59,2174.87,2183.06,10981.065
WIG-ODZIEZ,20171219,7387.25,7564.67,7344.69,7464.97,51828.876
WIG-PALIWA,20171219,7239.86,7327.73,7216.78,7252.73,90100.815
WIG-POLAND,20171219,64983.61,64983.61,64807.61,64807.61,791093.789
WIG-SPOZYW,20171219,3634.87,3651.00,3603.59,3646.14,10712.334
WIG-TELKOM,20171219,740.88,742.41,732.90,737.71,30637.560
WIG-UKRAIN,20171219,504.78,506.07,503.84,506.07,9406.099
WIG20,20171219,2465.96,2478.97,2455.99,2455.99,475955.510
WIG20LEV,20171219,811.47,820.04,804.91,804.91,475955.510
WIG20SHORT,20171219,3181.65,3194.51,3164.87,3194.51,475955.510
WIG20TR,20171219,4262.06,4262.06,4239.87,4239.87,475955.510
WIG30,20171219,2825.66,2842.09,2819.52,2819.57,649699.096
WIG30TR,20171219,4824.70,4824.70,4805.13,4805.13,649699.096
WIGDIV,20171219,1200.16,1209.33,1198.58,1200.50,317529.767
