06MAGNA,20170322,0.52,0.55,0.51,0.53,86242
11BIT,20170322,187.80,187.80,186.10,187.00,9737
4FUNMEDIA,20170322,5.30,5.30,5.01,5.23,66777
AATHOLD,20170322,17.69,17.69,17.69,17.69,1
ABADONRE,20170322,6.15,6.15,6.02,6.02,263
ABCDATA,20170322,1.92,1.94,1.85,1.91,871877
ABMSOLID,20170322,11.30,11.48,10.55,11.35,771
ABPL,20170322,39.05,39.05,38.05,38.20,1994
ACTION,20170322,3.99,4.38,3.87,4.34,336999
ADIUVO,20170322,27.47,28.79,27.47,28.79,1100
AGORA,20170322,16.02,16.14,15.60,15.86,2592
AGROTON,20170322,6.15,6.16,5.75,6.10,85091
AILLERON,20170322,12.49,13.15,12.12,13.05,32810
AIRWAY,20170322,2.09,2.10,1.95,2.07,99961
ALCHEMIA,20170322,5.09,5.09,5.05,5.06,27248
ALIOR,20170322,74.54,74.73,72.30,73.10,272463
ALMA,20170322,1.00,1.08,0.99,1.07,243129
ALTA,20170322,3.50,3.60,3.42,3.60,6543
ALTUSTFI,20170322,14.31,14.40,14.20,14.40,2988
ALUMETAL,20170322,59.64,60.10,59.00,59.79,1914
AMBRA,20170322,9.65,9.89,9.61,9.75,11570
AMICA,20170322,175.50,181.00,175.00,177.95,12420
AMREST,20170322,325.10,337.60,325.10,331.10,2699
APATOR,20170322,35.40,35.40,35.00,35.25,2331
APLISENS,20170322,14.24,14.24,14.24,14.24,2
APSENERGY,20170322,4.32,4.32,4.28,4.28,2
ARCHICOM,20170322,14.73,15.16,14.73,15.16,215
ARCTIC,20170322,5.23,5.28,5.20,5.23,20803
ARCUS,20170322,1.30,1.30,1.28,1.28,1577
ARTERIA,20170322,9.80,10.04,9.78,9.90,19282
ARTIFEX,20170322,19.80,19.80,19.80,19.80,1089
ASBIS,20170322,3.08,3.10,3.04,3.10,36055
ASMGROUP,20170322,5.50,5.74,5.50,5.74,1483
ASSECOBS,20170322,26.81,27.00,26.05,26.05,187
ASSECOPOL,20170322,53.50,54.50,53.12,54.07,115224
ASSECOSEE,20170322,11.50,11.50,11.50,11.50,90
ASSECOSLO,20170322,29.21,30.42,29.15,30.42,351
ASTARTA,20170322,67.99,67.99,67.00,67.80,989
ATAL,20170322,32.19,32.20,30.60,31.60,14856
ATENDE,20170322,3.94,4.20,3.90,4.20,62007
ATLANTAPL,20170322,5.45,5.60,5.20,5.39,3443
ATLANTIS,20170322,0.76,0.76,0.72,0.73,29951
ATLASEST,20170322,1.06,1.06,1.06,1.06,20
ATM,20170322,11.00,11.25,10.86,10.88,1205
ATMGRUPA,20170322,4.49,4.59,4.42,4.42,14474
ATREM,20170322,2.80,2.82,2.72,2.82,12019
AUTOPARTN,20170322,5.20,5.20,5.06,5.16,14491
AVIAAML,20170322,5.70,6.20,5.70,6.09,143117
AVIASG,20170322,20.55,20.55,20.45,20.45,100
AWBUD,20170322,7.18,7.32,7.17,7.30,1163
BALTONA,20170322,2.66,2.70,2.63,2.67,9788
BBIDEV,20170322,0.85,0.87,0.84,0.85,118653
BEDZIN,20170322,27.00,27.05,25.00,25.00,1957
BENEFIT,20170322,928.00,928.50,901.10,920.00,111
BEST,20170322,27.30,27.30,26.69,26.70,347
BETACOM,20170322,11.31,11.39,11.15,11.39,958
BGZBNPP,20170322,68.00,68.00,68.00,68.00,1
BIK,20170322,15.81,16.47,15.77,16.45,416
BIOMEDLUB,20170322,1.01,1.01,0.99,1.01,129410
BIOTON,20170322,7.11,7.11,6.94,7.02,30788
BMPAG,20170322,1.88,1.88,1.73,1.88,507
BOGDANKA,20170322,83.50,83.50,77.40,79.00,33228
BORYSZEW,20170322,11.62,11.70,11.49,11.67,113382
BOS,20170322,12.90,12.90,11.82,12.57,80940
BOWIM,20170322,4.54,4.68,4.54,4.67,1318
BRASTER,20170322,16.95,17.08,16.03,17.08,49866
BRIJU,20170322,8.68,8.87,8.11,8.25,197513
BSCDRUK,20170322,36.89,36.89,36.50,36.50,417
BUDIMEX,20170322,261.80,264.85,250.00,256.90,17149
BUMECH,20170322,0.83,1.00,0.81,1.00,1651422
BYTOM,20170322,2.25,2.27,2.22,2.27,47837
BZWBK,20170322,351.95,351.95,342.25,344.95,40443
CALATRAVA,20170322,0.49,0.57,0.48,0.54,289660
CAPITAL,20170322,2.45,2.45,2.45,2.45,200
CCC,20170322,233.40,234.30,223.80,234.00,70676
CDPROJEKT,20170322,75.40,75.40,72.50,73.90,278182
CDRL,20170322,27.58,27.60,27.50,27.50,2991
CELTIC,20170322,5.50,5.50,5.50,5.50,1619
CEZ,20170322,69.27,69.70,69.00,69.70,427
CFI,20170322,0.75,0.86,0.68,0.82,3244089
CHEMOS,20170322,1.30,1.33,1.26,1.32,24117
CIECH,20170322,79.10,80.76,78.77,80.76,46955
CIGAMES,20170322,2.78,2.81,2.71,2.78,683971
CITYSERV,20170322,9.90,10.00,9.90,9.90,8271
CLNPHARMA,20170322,36.45,36.50,35.29,36.29,40372
CNT,20170322,7.92,7.93,7.80,7.93,602
COALENERG,20170322,1.05,1.06,1.01,1.05,29646
COGNOR,20170322,1.84,1.88,1.83,1.88,183943
COLIAN,20170322,3.29,3.29,3.10,3.19,97211
COMARCH,20170322,227.00,233.95,221.50,232.95,1775
COMP,20170322,70.00,71.00,68.50,70.80,9508
CORMAY,20170322,2.86,2.89,2.74,2.79,314677
CPGROUP,20170322,6.55,6.55,6.27,6.55,2834
CUBEITG,20170322,6.86,6.86,6.65,6.79,63450
CYFRPLSAT,20170322,23.46,23.72,23.41,23.41,366280
CZTOREBKA,20170322,0.91,0.91,0.82,0.88,67876
DEBICA,20170322,93.00,94.69,91.20,94.00,796
DECORA,20170322,10.19,10.19,9.87,10.14,6
DEKPOL,20170322,12.60,12.60,12.60,12.60,3
DELKO,20170322,11.15,11.30,11.15,11.30,150
DGA,20170322,3.96,3.96,3.90,3.96,1483
DOMDEV,20170322,70.00,70.00,68.83,69.99,2196
DREWEX,20170322,1.63,1.70,1.63,1.70,55
DROP,20170322,2.17,2.17,1.75,1.85,32016
DROZAPOL,20170322,2.15,2.15,2.08,2.15,5291
ECHO,20170322,5.60,5.60,5.49,5.50,133547
EFEKT,20170322,26.90,27.00,25.30,26.98,2721
EKOEXPORT,20170322,14.87,15.00,14.21,14.65,48981
ELBUDOWA,20170322,129.00,131.30,128.00,130.50,1296
ELEKTROTI,20170322,14.08,14.08,13.70,14.02,1210
ELEMENTAL,20170322,3.80,3.87,3.75,3.80,118584
ELKOP,20170322,0.53,0.53,0.40,0.40,19840983
ELZAB,20170322,16.31,16.70,16.31,16.70,303
EMCINSMED,20170322,10.95,10.95,10.95,10.95,1
EMPERIA,20170322,71.40,71.80,70.03,71.80,2114
ENAP,20170322,1.07,1.07,1.01,1.04,4873
ENEA,20170322,11.60,11.80,11.52,11.70,824473
ENERGA,20170322,10.71,10.80,10.45,10.80,1918005
ENERGOINS,20170322,4.60,4.60,4.38,4.60,2463
ENTER,20170322,30.67,30.67,29.32,29.90,3999
ERBUD,20170322,33.00,33.00,32.34,32.34,2085
ERG,20170322,62.50,62.50,57.00,60.25,3965
ERGIS,20170322,6.16,6.16,6.07,6.16,6772
ESOTIQ,20170322,9.90,9.90,9.72,9.89,2008
ESSYSTEM,20170322,2.60,2.60,2.55,2.56,1121
ETFDAX,20170322,488.07,489.37,485.40,489.37,27
ETFSP500,20170322,95.02,95.02,94.50,95.00,775
ETFW20L,20170322,263.07,263.07,259.52,261.05,2280
EUCO,20170322,44.70,44.70,44.00,44.51,5831
EUROCASH,20170322,31.13,32.25,30.90,32.04,986622
FAM,20170322,3.85,3.90,3.83,3.87,12629
FAMUR,20170322,5.17,5.21,5.10,5.13,124182
FASTFIN,20170322,1.62,1.62,1.62,1.62,5018
FEERUM,20170322,16.94,16.94,16.94,16.94,10
FERRO,20170322,13.82,14.00,13.70,13.99,6598
FERRUM,20170322,4.11,4.28,4.11,4.11,3779
FON,20170322,0.91,0.91,0.82,0.87,119268
FORTE,20170322,82.00,82.00,80.05,81.50,4844
FOTA,20170322,1.04,1.04,0.95,0.96,102813
GEKOPLAST,20170322,11.44,11.44,10.90,11.10,701
GETIN,20170322,1.45,1.45,1.41,1.42,664773
GETINOBLE,20170322,1.98,1.98,1.89,1.94,3545099
GINOROSSI,20170322,1.99,1.99,1.94,1.94,58226
GLCOSMED,20170322,5.03,5.03,4.98,4.99,563
GOBARTO,20170322,6.80,6.90,6.65,6.90,7411
GORENJE,20170322,31.00,31.00,31.00,31.00,2
GPW,20170322,44.20,45.48,44.11,45.40,47069
GRAVITON,20170322,1.48,1.50,1.35,1.50,8330
GROCLIN,20170322,14.45,14.45,13.29,13.84,100504
GRODNO,20170322,6.09,6.09,5.99,5.99,7
GRUPAAZOTY,20170322,68.75,68.82,67.22,68.58,102286
GTC,20170322,8.41,8.41,8.22,8.24,341611
HANDLOWY,20170322,80.00,81.50,79.15,79.61,42214
HARPER,20170322,1.16,1.16,1.09,1.14,7586
HELIO,20170322,13.33,13.33,12.50,13.24,5032
HERKULES,20170322,3.71,3.75,3.67,3.75,19867
HUBSTYLE,20170322,2.09,2.09,1.95,2.00,25540
HYDROTOR,20170322,38.20,38.20,38.20,38.20,2
HYPERION,20170322,3.45,3.45,3.45,3.45,37
I2DEV,20170322,18.21,18.21,17.20,17.71,1502
IALBGR,20170322,14.14,14.20,14.13,14.20,38513
IDEABANK,20170322,25.18,25.18,24.33,25.00,1773
IFCAPITAL,20170322,0.71,0.72,0.67,0.71,13163
IFSA,20170322,0.52,0.52,0.50,0.51,179966
IIAAV,20170322,7.79,7.79,7.79,7.79,250
IMCOMPANY,20170322,9.47,9.47,9.36,9.45,9647
IMMOBILE,20170322,3.28,3.28,3.20,3.28,583
IMPEL,20170322,24.48,24.48,24.44,24.45,79
IMPERA,20170322,1.33,1.34,1.33,1.33,214
IMPEXMET,20170322,4.02,4.05,3.98,4.05,178424
IMS,20170322,3.45,3.45,3.29,3.42,101
INC,20170322,1.81,1.81,1.81,1.81,217
INDATA,20170322,0.73,0.74,0.71,0.73,272367
INDYGO,20170322,0.59,0.62,0.59,0.62,13123
INDYKPOL,20170322,58.85,58.85,57.00,57.00,206
INGBSK,20170322,175.15,175.20,172.20,172.70,4258
INPOST,20170322,9.91,10.00,9.85,9.93,12829
INPRO,20170322,5.01,5.01,4.78,5.00,1535
INSTALKRK,20170322,14.76,14.76,14.08,14.40,4033
INTEGERPL,20170322,43.80,44.08,43.55,44.08,9332
INTERAOLT,20170322,13.49,13.49,13.20,13.49,1568
INTERCARS,20170322,305.50,311.45,302.20,305.50,3365
INTERFERI,20170322,4.09,4.20,4.09,4.14,901
INTERSPPL,20170322,2.76,3.00,2.70,2.95,48321
INTLADS13987,20170322,34.17,34.17,34.17,34.17,20
INTLBCO12542,20170322,96.30,96.30,96.30,96.30,2000
INTLBCO12559,20170322,69.00,69.00,69.00,69.00,50
INTLBCO12674,20170322,56.00,58.10,56.00,58.10,2659
INTLBCO12963,20170322,56.00,56.00,56.00,56.00,5
INTLBCO13235,20170322,40.50,41.50,40.50,41.50,86
INTLBCO13334,20170322,36.50,36.50,36.50,36.50,48
INTLBCO13854,20170322,29.78,29.78,28.06,29.15,635
INTLBCO16659,20170322,19.09,20.70,18.74,20.70,600
INTLBCO16865,20170322,13.17,13.17,10.99,11.00,977
INTLDAX17038,20170322,49.17,50.50,49.17,50.50,220
INTLDAX17178,20170322,40.00,41.44,40.00,41.44,128
INTLDAX17798,20170322,21.92,24.12,21.42,23.70,700
INTLDOW17806,20170322,108.10,108.10,108.10,108.10,19
INTLEUD16493,20170322,31.22,31.22,31.22,31.22,40
INTLEUR08615,20170322,12.48,12.80,12.22,12.66,811
INTLEUR17731,20170322,24.87,24.87,24.87,24.87,71
INTLGLD09746,20170322,93.55,96.00,93.55,96.00,124
INTLGLD12831,20170322,62.00,62.15,60.95,61.55,721
INTLKGH17533,20170322,19.74,22.24,18.94,21.79,2847
INTLNAG13185,20170322,2.91,2.91,2.91,2.91,1000
INTLNDX15297,20170322,45.69,45.69,45.69,45.69,1
INTLNKX17061,20170322,94.45,94.45,94.45,94.45,19
INTLPEO12419,20170322,30.96,30.96,30.96,30.96,64
INTLPEO17558,20170322,15.11,15.11,15.11,15.11,70
INTLPGE15628,20170322,2.96,2.96,2.96,2.96,1400
INTLPGE17863,20170322,2.08,2.08,1.97,1.97,3000
INTLPGE18044,20170322,1.51,1.51,1.51,1.51,706
INTLPKN17111,20170322,30.34,30.34,30.34,30.34,77
INTLPKN17947,20170322,22.95,22.95,22.95,22.95,24
INTLPKO15446,20170322,9.75,9.75,9.75,9.75,1000
INTLPKO17301,20170322,6.60,6.60,6.60,6.60,620
INTLPKO17541,20170322,5.20,5.20,4.93,4.93,390
INTLPKO17889,20170322,3.50,3.50,3.50,3.50,200
INTLPZU17285,20170322,7.52,8.02,7.52,8.02,600
INTLPZU17939,20170322,4.42,4.75,4.42,4.60,632
INTLSLV12054,20170322,20.96,20.96,20.84,20.90,2000
INTLSLV12955,20170322,14.94,14.94,14.94,14.94,92
INTLSLV13227,20170322,12.68,12.68,12.68,12.68,100
INTLSLV17681,20170322,7.87,7.87,7.87,7.87,100
INTLSPX17830,20170322,11.94,11.97,11.81,11.81,660
INTLUSD06304,20170322,37.27,37.77,36.75,36.75,120
INTLUSD07179,20170322,27.24,27.24,27.24,27.24,90
INTLUSD13607,20170322,21.00,21.00,21.00,21.00,150
INTLUSD15602,20170322,15.82,16.70,14.90,15.50,1420
INTLUSD16535,20170322,9.58,10.24,8.77,8.77,3053
INTLUSJ16220,20170322,46.34,46.34,46.34,46.34,90
INTLUSJ16907,20170322,17.51,17.51,17.51,17.51,30
INTLUSJ17087,20170322,9.32,9.32,9.32,9.32,391
INTLW2012104,20170322,6.10,6.10,6.10,6.10,250
INTLW2017152,20170322,4.17,4.17,4.17,4.17,1000
INTLW2017426,20170322,3.01,3.01,2.97,2.97,5972
INTLW2017582,20170322,2.66,2.66,2.66,2.66,100
INTLW2017699,20170322,2.24,2.26,2.13,2.25,4200
INTLW2017764,20170322,1.49,1.49,1.49,1.49,800
INTLW2017772,20170322,1.72,1.74,1.72,1.74,1830
INTLW2017780,20170322,2.02,2.06,1.99,2.06,6190
INTLW2017905,20170322,1.19,1.31,1.12,1.28,24363
INTROL,20170322,8.09,8.09,7.70,8.09,186
INTSBCO09944,20170322,79.90,81.30,79.90,81.00,85
INTSBCO11353,20170322,57.50,57.50,57.50,57.50,30
INTSBCO11676,20170322,44.40,46.69,44.40,44.98,995
INTSDAX07757,20170322,30.80,31.43,29.00,30.17,2761
INTSDAX07955,20170322,52.30,52.30,50.65,51.00,244
INTSDAX08193,20170322,75.25,75.80,75.25,75.80,80
INTSDOW16485,20170322,47.39,48.80,47.39,48.80,938
INTSDOW17434,20170322,91.40,93.60,89.60,89.60,597
INTSESX08110,20170322,15.10,15.10,14.10,14.10,580
INTSEUR17707,20170322,18.03,18.20,18.03,18.20,200
INTSGLD00638,20170322,75.20,75.20,75.20,75.20,125
INTSGLD15917,20170322,52.95,53.05,52.90,52.90,4
INTSGLD16634,20170322,30.66,30.66,30.63,30.63,8
INTSHSC08516,20170322,24.22,24.22,24.22,24.22,40
INTSKGH00711,20170322,33.53,33.80,30.93,30.93,2330
INTSKGH17988,20170322,44.45,44.45,42.85,42.85,200
INTSNDX17624,20170322,13.00,13.10,12.00,12.85,1169
INTSNDX17632,20170322,17.38,17.38,17.38,17.38,660
INTSNDX17640,20170322,24.64,24.64,24.21,24.23,1085
INTSNKX08482,20170322,141.60,141.60,141.60,141.60,20
INTSPGE15636,20170322,2.75,2.75,2.71,2.71,402
INTSPGN08961,20170322,1.30,1.30,1.30,1.30,5000
INTSPKO05447,20170322,7.73,8.25,7.73,8.25,704
INTSSP517921,20170322,15.11,15.11,14.52,14.56,3567
INTSSPX17855,20170322,9.84,9.89,9.40,9.40,3100
INTSUSD17665,20170322,25.89,25.89,25.89,25.89,123
INTSUSJ17509,20170322,32.48,33.30,31.84,33.30,510
INTSW2000737,20170322,2.50,2.62,2.50,2.61,6444
INTSW2000745,20170322,3.39,3.44,3.39,3.40,1903
INTSW2002808,20170322,4.18,4.29,4.18,4.29,1950
INTSW2005884,20170322,5.61,5.71,5.61,5.71,100076
INTSW2005892,20170322,6.19,6.25,6.19,6.25,60261
INTSW2008748,20170322,2.04,2.13,1.95,1.97,91585
INVGLDFIZ,20170322,1460.00,1460.00,1460.00,1460.00,5
INVISTA,20170322,1.30,1.30,1.29,1.30,17530
IPOPEMA,20170322,2.50,2.51,2.36,2.50,24606
IZOBLOK,20170322,190.50,191.50,190.00,190.00,7212
IZOLACJA,20170322,1.73,1.73,1.73,1.73,2
IZOSTAL,20170322,5.92,5.99,5.92,5.99,600
JHMDEV,20170322,1.38,1.38,1.35,1.38,4190
JSW,20170322,70.00,70.29,67.18,68.35,721060
JWCONSTR,20170322,4.97,5.00,4.97,4.97,34481
JWWINVEST,20170322,4.59,5.00,4.50,4.65,10085
K2INTERNT,20170322,13.73,14.00,13.55,13.60,2560
KANIA,20170322,2.34,2.34,2.26,2.27,46507
KBDOM,20170322,3.75,3.91,3.67,3.89,1232
KCI,20170322,0.72,0.72,0.69,0.69,15783
KERNEL,20170322,74.27,75.00,73.13,74.63,95912
KETY,20170322,410.00,410.00,404.00,405.00,8628
KGHM,20170322,121.00,123.10,119.20,122.75,822460
KINOPOL,20170322,13.77,13.77,13.52,13.55,808
KOGENERA,20170322,94.98,94.99,93.00,94.99,378
KOMPAP,20170322,7.72,7.72,7.72,7.72,401
KOMPUTRON,20170322,5.90,6.05,5.86,5.87,18957
KONSSTALI,20170322,37.61,38.00,37.00,37.94,234
KOPEX,20170322,4.07,4.07,3.99,4.04,229253
KPPD,20170322,26.52,26.52,26.52,26.52,1
KRAKCHEM,20170322,3.10,3.10,2.89,2.89,3052
KREC,20170322,6.08,6.08,6.03,6.03,2
KREZUS,20170322,1.72,1.76,1.64,1.70,550116
KRUK,20170322,235.30,236.40,228.50,233.00,71736
KRUSZWICA,20170322,61.90,62.00,59.49,62.00,738
KRVITAMIN,20170322,7.57,7.57,7.56,7.56,2
KSGAGRO,20170322,2.70,2.80,2.67,2.78,16251
LABOPRINT,20170322,9.70,9.70,9.50,9.50,13
LARK,20170322,0.75,0.76,0.73,0.76,6063
LARQ,20170322,14.40,14.40,14.00,14.28,3970
LCCORP,20170322,1.98,2.02,1.94,1.99,210906
LENA,20170322,4.30,4.30,4.17,4.28,17710
LENTEX,20170322,10.23,10.33,10.20,10.30,38234
LIBET,20170322,1.82,1.82,1.75,1.81,92310
LIVECHAT,20170322,53.20,53.20,52.00,52.59,17517
LOKUM,20170322,13.69,13.69,13.51,13.68,76
LOTOS,20170322,56.90,57.28,55.58,57.00,380963
LPP,20170322,6351.70,6429.95,6121.20,6317.35,2322
LSISOFT,20170322,10.85,10.90,10.82,10.90,467
LUBAWA,20170322,1.22,1.23,1.20,1.21,115927
MABION,20170322,98.05,98.65,96.50,97.70,2919
MANGATA,20170322,121.00,121.00,116.10,120.90,4621
MARVIPOL,20170322,12.64,12.73,12.31,12.73,3788
MASTERPHA,20170322,6.06,6.06,6.00,6.00,6430
MBANK,20170322,387.00,393.95,384.10,384.10,24084
MBWS,20170322,70.00,70.00,65.15,65.15,256
MCI,20170322,8.98,9.05,8.78,9.05,23758
MCLOGIC,20170322,40.45,40.45,39.50,40.10,679
MDIENERGIA,20170322,3.87,3.97,3.76,3.85,703
MEDIACAP,20170322,2.85,2.85,2.85,2.85,650
MEDIATEL,20170322,0.72,0.72,0.72,0.72,201
MEDICALG,20170322,341.80,342.80,336.10,342.70,6058
MENNICA,20170322,19.10,19.10,18.53,19.10,1272
MERCATOR,20170322,20.45,20.70,20.19,20.30,3726
MERCOR,20170322,11.99,12.20,11.90,12.20,5118
MEXPOLSKA,20170322,7.00,7.05,6.90,7.04,10558
MFO,20170322,31.47,34.88,31.40,34.88,3527
MILKILAND,20170322,2.31,2.31,2.30,2.30,9717
MILLENNIUM,20170322,6.63,6.69,6.43,6.64,922966
MIRACULUM,20170322,1.94,1.94,1.85,1.90,11430
MIRBUD,20170322,1.40,1.45,1.35,1.45,624965
MLPGROUP,20170322,45.00,45.00,45.00,45.00,1
MOJ,20170322,0.91,0.93,0.91,0.93,5246
MOL,20170322,286.00,286.00,282.00,282.00,157
MONNARI,20170322,9.03,9.29,8.92,9.00,41419
MOSTALPLC,20170322,15.35,15.35,14.20,14.78,4789
MOSTALWAR,20170322,14.20,14.20,13.79,14.00,29149
MOSTALZAB,20170322,1.17,1.17,1.13,1.16,428098
MUZA,20170322,3.82,3.82,3.82,3.82,1110
MWTRADE,20170322,10.40,10.40,10.20,10.39,1362
NETIA,20170322,4.56,4.59,4.52,4.55,67099
NETMEDIA,20170322,6.56,6.63,6.56,6.63,5941
NEUCA,20170322,385.00,385.85,379.85,382.00,5623
NEWAG,20170322,16.25,16.31,16.16,16.18,13083
NOVITA,20170322,65.00,65.00,65.00,65.00,3
NOWAGALA,20170322,1.66,1.66,1.66,1.66,3000
NTTSYSTEM,20170322,2.88,2.88,2.74,2.74,12311
ODLEWNIE,20170322,4.56,4.59,4.40,4.40,8122
OEX,20170322,20.05,20.05,20.05,20.05,125
OPENFIN,20170322,1.82,1.86,1.75,1.86,25521
OPENFIN-PDA,20170322,1.75,1.75,1.75,1.75,600
OPONEO.PL,20170322,51.00,51.27,50.07,50.25,32425
OPTEAM,20170322,7.30,7.30,7.22,7.30,4419
ORANGEPL,20170322,4.79,4.84,4.75,4.81,2495407
ORBIS,20170322,78.03,82.10,78.01,79.45,47929
ORION,20170322,78.43,78.43,73.75,73.80,29
ORZBIALY,20170322,10.89,10.89,9.81,10.65,29245
OTLOG,20170322,23.08,23.08,22.79,22.79,206
OTMUCHOW,20170322,4.34,4.34,4.32,4.32,1536
PAGED,20170322,59.80,59.80,56.40,57.00,4575
PAMAPOL,20170322,1.51,1.51,1.51,1.51,12400
PANOVA,20170322,25.11,25.50,25.02,25.50,326
PATENTUS,20170322,0.90,0.90,0.90,0.90,2
PBG,20170322,4.25,4.67,3.86,4.66,398293
PBKM,20170322,57.71,57.71,56.92,57.71,78
PCCEXOL,20170322,1.73,1.77,1.73,1.75,826
PCCINTER,20170322,2.30,2.30,2.27,2.29,4500
PCCROKITA,20170322,79.03,80.68,78.80,80.40,5918
PCM,20170322,32.50,33.13,32.00,32.40,2317
PEKABEX,20170322,10.25,10.25,10.25,10.25,4631
PEKAO,20170322,136.00,136.95,134.50,135.75,659442
PELION,20170322,57.80,57.80,57.30,57.50,2514
PEMANAGER,20170322,55.10,56.67,54.60,56.60,47
PEP,20170322,16.00,16.26,15.51,16.20,11701
PEPEES,20170322,1.41,1.41,1.35,1.35,27161
PETROLINV,20170322,7.69,7.69,7.31,7.51,34657
PFLEIDER,20170322,45.00,47.00,43.21,47.00,52925
PGE,20170322,11.57,11.62,11.27,11.62,2905753
PGNIG,20170322,6.11,6.15,5.96,6.03,4767141
PGODLEW,20170322,6.30,6.30,6.07,6.25,695
PGSSOFT,20170322,14.50,14.50,14.16,14.26,2159
PHN,20170322,16.12,16.13,16.12,16.12,2045
PKNORLEN,20170322,102.00,103.50,101.40,101.65,1225064
PKOBP,20170322,33.00,33.13,32.34,32.42,2409876
PKOGD,20170322,103.00,103.00,103.00,103.00,1000
PKOGS,20170322,107.05,107.05,107.05,107.05,1138
PKOSO,20170322,105.70,105.70,104.66,104.66,50
PKPCARGO,20170322,63.00,63.97,60.35,63.03,64799
PLASTBOX,20170322,2.21,2.24,2.17,2.24,37935
PLAYWAY,20170322,64.90,65.39,63.00,64.50,2911
PLAZACNTR,20170322,8.57,8.94,8.57,8.94,61
PMPG,20170322,4.17,4.75,4.13,4.70,26770
POLICE,20170322,20.20,20.20,20.15,20.15,265
POLIMEXMS,20170322,8.42,8.75,8.04,8.59,6510219
POLMED,20170322,2.78,2.78,2.77,2.78,86
POLNA,20170322,20.01,20.45,19.71,20.44,9214
POLNORD,20170322,8.10,8.60,7.90,8.60,143689
POLWAX,20170322,16.70,16.70,16.50,16.60,15140
POZBUD,20170322,2.98,2.98,2.90,2.90,5520
PRAGMAFA,20170322,13.30,13.30,13.30,13.30,100
PRAGMAINK,20170322,8.90,9.20,8.90,9.20,169
PRAIRIE,20170322,1.55,1.64,1.50,1.61,445350
PRIMAMODA,20170322,3.68,3.68,3.62,3.67,702
PROCAD,20170322,1.50,1.50,1.50,1.50,131
PROCHEM,20170322,17.39,17.47,17.38,17.47,1339
PROCHNIK,20170322,1.15,1.15,1.12,1.14,210822
PROJPRZEM,20170322,9.02,9.02,9.02,9.02,250
PROTEKTOR,20170322,3.46,3.46,3.44,3.46,3301
PROVIDENT,20170322,9.20,9.20,9.20,9.20,1
PULAWY,20170322,178.00,180.00,177.00,180.00,68
PWRMEDIA,20170322,2.39,2.40,2.34,2.39,5413
PZU,20170322,36.70,38.00,35.95,38.00,2178242
PZUAKORD,20170322,109.90,109.90,109.90,109.90,33
QUANTUM,20170322,18.27,18.27,16.45,16.60,2324
QUERCUS,20170322,6.71,6.80,6.60,6.79,22649
QUMAK,20170322,6.18,6.18,6.01,6.08,26244
RADPOL,20170322,2.50,2.64,2.50,2.59,80956
RAFAKO,20170322,7.41,7.68,7.31,7.68,340417
RAFAMET,20170322,17.60,17.60,17.60,17.60,11
RAINBOW,20170322,36.51,36.85,36.50,36.85,831
RANKPROGR,20170322,1.67,1.78,1.64,1.73,132088
RAWLPLUG,20170322,11.49,11.55,11.26,11.30,36834
RCBWTI10917,20170322,500.20,500.20,500.20,500.20,50
RCCRUAOPEN,20170322,8.28,8.28,8.12,8.22,38225
RCFL2OIL,20170322,9.74,9.74,9.38,9.38,700
RCFL3ACP,20170322,79.85,79.85,79.85,79.85,22
RCFL3ALR,20170322,319.60,319.60,319.00,319.00,17
RCFL3BZW,20170322,109.60,109.60,109.60,109.60,20
RCFL3CCC,20170322,190.70,190.70,190.70,190.70,50
RCFL3COCO,20170322,10.55,10.55,10.01,10.45,9179
RCFL3COPP,20170322,17.88,17.88,17.88,17.88,60
RCFL3DBK,20170322,3.75,3.75,3.75,3.75,800
RCFL3ENG,20170322,235.90,235.90,230.50,230.50,316
RCFL3FDX,20170322,157.20,157.20,157.20,157.20,10
RCFL3GOLD,20170322,34.07,34.30,34.07,34.30,145
RCFL3KGH,20170322,20.00,21.38,19.37,21.09,4116
RCFL3LPP,20170322,336.20,336.20,321.50,325.30,33
RCFL3MBK,20170322,116.70,116.70,116.70,116.70,50
RCFL3MGN,20170322,5.61,5.61,5.61,5.61,550
RCFL3OIL,20170322,1.29,1.30,1.22,1.27,346688
RCFL3OIL2,20170322,142.60,144.70,140.90,144.70,154
RCFL3OPL,20170322,9.55,9.55,9.04,9.47,6502
RCFL3PGE,20170322,11.70,11.70,11.60,11.60,700
RCFL3PGN,20170322,140.10,140.10,137.20,137.20,27
RCFL3PKN,20170322,318.30,318.30,318.30,318.30,3
RCFL3PKO,20170322,26.21,26.29,25.52,25.58,550
RCFL3PZU,20170322,51.70,56.35,51.70,54.75,154
RCFL3SILVE,20170322,8.40,8.40,8.17,8.37,22502
RCFL3W20,20170322,75.85,78.55,75.85,77.45,1729
RCFL3WHT,20170322,8.62,8.82,8.62,8.82,190
RCFL4OIL,20170322,8.33,8.41,8.24,8.28,2819
RCFS2ADS1,20170322,60.65,60.65,60.65,60.65,500
RCFS3ADS1,20170322,46.15,46.68,46.15,46.68,1000
RCFS3CCC,20170322,34.99,34.99,34.99,34.99,200
RCFS3COPP,20170322,4.92,4.93,4.92,4.93,6600
RCFS3DBK,20170322,23.60,23.60,23.60,23.60,48
RCFS3ENG,20170322,22.41,22.41,22.41,22.41,95
RCFS3KGH,20170322,5.45,5.60,5.20,5.20,18884
RCFS3OIL,20170322,116.10,118.20,114.00,115.70,443
RCFS3PGE,20170322,37.55,37.55,37.55,37.55,40
RCFS3PKO,20170322,19.89,19.89,19.89,19.89,100
RCFS3W20,20170322,43.76,44.18,42.25,42.25,435
RCFS4ESX,20170322,2.82,2.82,2.79,2.79,1292
RCFS4OIL,20170322,5.53,5.69,5.53,5.69,775
RCGBSH10120,20170322,967.00,967.00,967.00,967.00,100
RCGCOMB0221,20170322,1006.60,1007.50,1006.60,1007.50,234
RCGESX10119,20170322,1020.70,1021.30,1020.70,1021.30,28
RCGETNA0321,20170322,989.10,989.10,989.10,989.10,20
RCGETNA0421,20170322,941.00,941.10,941.00,941.10,60
RCGLDAOPEN,20170322,494.90,496.00,494.00,494.00,79
RCGNS010920,20170322,1031.40,1031.40,1031.40,1031.40,30
RCGSXHC0119,20170322,985.10,985.10,985.10,985.10,5
RCIDXB11018,20170322,1053.90,1054.00,1053.90,1054.00,171
RCKAOAOPEN,20170322,85.05,85.25,85.00,85.05,4500
RCSCRAOPEN,20170322,327.40,330.00,327.30,329.80,150
RCSDAXOPEN,20170322,109.70,109.80,109.70,109.80,270
RCSFW2OPEN,20170322,93.75,93.75,93.75,93.75,2
RCSILAOPEN,20170322,69.80,69.80,69.40,69.40,1326
RCTLCOCO01,20170322,20.48,21.12,20.48,21.12,50
RCTLCOFF002,20170322,1.28,1.28,1.28,1.28,5628
RCTLWHT002,20170322,4.30,4.30,4.30,4.30,38
RCTWW201219,20170322,1085.60,1085.60,1085.60,1085.60,50
REDAN,20170322,1.99,2.06,1.99,1.99,3746
REDWOOD,20170322,0.94,0.94,0.86,0.94,12575
REMAK,20170322,17.90,18.00,17.05,17.90,2427
RESBUD,20170322,1.00,1.02,0.99,1.02,39976
ROBYG,20170322,3.24,3.24,3.20,3.22,227742
RONSON,20170322,1.55,1.55,1.48,1.53,41628
ROPCZYCE,20170322,21.30,21.49,21.11,21.11,1911
RUBICON,20170322,1.20,1.24,1.18,1.18,4424
SANOK,20170322,58.30,58.30,56.50,57.30,5283
SANTANDER,20170322,23.99,24.50,23.99,24.50,350
SARE,20170322,19.55,19.55,19.55,19.55,150
SELENAFM,20170322,19.10,19.81,18.30,19.30,2930
SELVITA,20170322,47.10,49.60,43.02,44.50,37202
SERINUS,20170322,1.41,1.41,1.32,1.34,166024
SETANTA,20170322,13.89,13.89,13.24,13.85,362
SFINKS,20170322,2.55,2.62,2.50,2.56,38731
SILVANO,20170322,12.12,12.40,12.12,12.40,81
SIMPLE,20170322,7.30,7.84,7.30,7.40,1938
SKARBIEC,20170322,30.35,30.60,30.35,30.40,2036
SKOTAN,20170322,0.62,0.63,0.62,0.63,267448
SKYLINE,20170322,0.80,0.80,0.73,0.74,27677
SNIEZKA,20170322,68.30,68.30,68.06,68.06,872
SOHODEV,20170322,1.71,1.74,1.67,1.73,78561
SOLAR,20170322,1.18,1.22,1.17,1.17,15717
SONEL,20170322,10.41,10.41,10.41,10.41,40
STALEXP,20170322,4.19,4.19,4.12,4.15,76808
STALPROD,20170322,585.00,595.00,568.00,580.00,2749
STAPORKOW,20170322,5.22,5.22,4.78,4.88,17391
STARHEDGE,20170322,0.50,0.50,0.48,0.50,48140
STELMET,20170322,28.80,28.99,28.80,28.99,215
SUNEX,20170322,3.41,3.41,3.39,3.39,5240
SUWARY,20170322,8.96,8.96,8.70,8.70,2
SWISSMED,20170322,1.37,1.37,1.35,1.35,583
SYGNITY,20170322,7.67,7.67,7.16,7.38,27713
SYNEKTIK,20170322,16.80,16.80,16.15,16.80,5
SYNTHOS,20170322,5.29,5.29,5.20,5.23,743618
TALEX,20170322,22.20,22.20,22.20,22.20,1
TARCZYNSKI,20170322,11.90,12.00,11.60,12.00,781
TATRY,20170322,113.00,113.00,113.00,113.00,9
TAURONPE,20170322,3.13,3.14,3.07,3.13,3219203
TERMOREX,20170322,2.22,2.23,2.22,2.22,1166
TESGAS,20170322,3.19,3.19,3.07,3.17,3614
TIM,20170322,13.00,13.23,12.68,13.15,24368
TORPOL,20170322,13.25,13.27,12.60,13.27,23315
TOYA,20170322,5.72,5.72,5.72,5.72,8
TRAKCJA,20170322,16.66,16.66,15.95,16.05,141230
TRANSPOL,20170322,6.97,6.97,6.94,6.97,4803
TRIGONPP,20170322,139.00,139.00,139.00,139.00,84
TRIGONPP1,20170322,141.45,141.45,141.45,141.45,2
TRIGONPP2,20170322,140.00,140.00,140.00,140.00,38
TRIGONPP3,20170322,137.50,137.50,137.50,137.50,30
TRIGONPP4,20170322,141.99,141.99,139.00,141.98,38
TRIGONPP5,20170322,141.49,141.49,141.49,141.49,2
TRIGONPP6,20170322,143.00,143.00,143.00,143.00,2
TRITON,20170322,3.12,3.23,3.10,3.10,19859
TXM,20170322,5.55,5.55,5.40,5.55,2242
ULMA,20170322,79.80,79.80,79.80,79.80,120
UNIBEP,20170322,12.95,12.95,12.88,12.94,8207
UNICREDIT,20170322,63.97,63.97,59.00,61.00,9755
UNIMA,20170322,3.37,3.37,3.25,3.37,5384
UNIMOT,20170322,51.00,51.00,50.25,50.50,6859
UNIWHEELS,20170322,250.00,262.75,247.25,256.00,8891
URSUS,20170322,2.68,2.73,2.63,2.70,376298
VANTAGE,20170322,3.62,3.62,3.53,3.59,2868
VIGOSYS,20170322,296.00,296.00,285.00,285.00,404
VINDEXUS,20170322,7.61,7.75,7.61,7.67,3875
VISTAL,20170322,8.50,8.59,8.39,8.55,1940
VISTULA,20170322,3.37,3.39,3.33,3.35,125936
VIVID,20170322,4.62,4.82,4.62,4.77,31996
VOTUM,20170322,10.15,10.26,10.12,10.25,1886
VOXEL,20170322,17.98,17.98,17.98,17.98,10
WADEX,20170322,6.00,6.00,5.99,6.00,212
WASKO,20170322,1.82,1.82,1.71,1.78,53097
WAWEL,20170322,1030.00,1030.00,999.00,1020.00,1283
WDX,20170322,7.59,7.59,7.59,7.59,211
WIELTON,20170322,15.35,15.39,15.00,15.39,73321
WIKANA,20170322,1.65,1.69,1.62,1.69,171
WILBO,20170322,0.41,0.53,0.41,0.51,109113
WINVEST,20170322,2.87,2.87,2.87,2.87,12
WIRTUALNA,20170322,55.45,55.45,54.15,55.35,2271
WITTCHEN,20170322,17.20,17.20,16.80,17.05,842
WOJAS,20170322,5.00,5.10,5.00,5.10,1605
WORKSERV,20170322,9.45,9.45,9.40,9.40,131
XTB,20170322,9.30,9.30,9.30,9.30,50
YOLO,20170322,7.40,7.50,7.02,7.20,12115
ZAMET,20170322,1.52,1.56,1.52,1.56,100
ZEPAK,20170322,17.55,17.60,16.82,17.20,49951
ZPUE,20170322,365.00,370.00,365.00,370.00,30
ZUE,20170322,11.97,11.97,10.91,11.70,5320
ZYWIEC,20170322,455.00,455.00,449.00,453.95,63
INVESTORMS,20170322,4785.03,4814.89,4785.03,4814.89,287426.339
MWIG40,20170322,4787.03,4787.03,4728.75,4771.31,185897.453
RESPECT,20170322,2881.14,2885.29,2854.65,2885.29,564307.731
SWIG80,20170322,16190.36,16190.36,16081.63,16175.53,40979.595
WIG,20170322,58839.55,58847.68,58313.36,58749.94,1025634.323
WIG-BANKI,20170322,7196.74,7207.01,7085.30,7114.16,230909.485
WIG-BUDOW,20170322,3570.58,3570.58,3504.31,3555.86,69066.133
WIG-CEE,20170322,911.64,914.46,911.64,914.46,8968.195
WIG-CHEMIA,20170322,16012.69,16053.05,15822.52,16023.32,15308.342
WIG-ENERG,20170322,2871.18,2880.43,2820.92,2880.43,74242.281
WIG-GORNIC,20170322,4368.92,4426.24,4306.57,4418.16,0.000
WIG-INFO,20170322,2321.65,2332.34,2296.45,2329.58,10127.542
WIG-LEKI,20170322,6266.17,6266.17,6166.44,6224.98,0.000
WIG-MEDIA,20170322,5255.14,5255.46,5164.05,5219.00,862.409
WIG-MOTO,20170322,5471.86,5497.43,5404.95,5472.67,0.000
WIG-NRCHOM,20170322,1928.15,1930.82,1908.37,1918.95,0.000
WIG-ODZIEZ,20170322,5786.08,5796.54,5592.48,5744.84,0.000
WIG-PALIWA,20170322,6753.30,6791.00,6673.91,6694.76,176446.787
WIG-POLAND,20170322,59437.52,59751.38,59358.52,59751.38,1012713.421
WIG-SPOZYW,20170322,4679.52,4684.24,4613.22,4677.52,10024.129
WIG-TELKOM,20170322,679.35,684.36,678.57,679.07,20924.775
WIG-UKRAIN,20170322,641.23,645.69,641.23,645.69,7904.484
WIG20,20170322,2230.81,2230.81,2204.96,2223.84,768548.360
WIG20LEV,20170322,681.61,681.61,665.66,677.31,768548.360
WIG20SHORT,20170322,3495.39,3535.11,3495.39,3506.10,768548.360
WIG20TR,20170322,3741.00,3763.24,3737.38,3763.24,768548.360
WIG30,20170322,2568.12,2570.42,2544.58,2565.79,847026.994
WIG30TR,20170322,4261.49,4288.45,4258.23,4288.45,847026.994
WIGDIV,20170322,1137.75,1143.77,1124.67,1143.77,431867.431
