11BIT,20170810,186.50,186.50,182.50,182.90,1714
4FUNMEDIA,20170810,6.63,6.63,6.60,6.63,2102
AATHOLD,20170810,18.79,18.79,18.79,18.79,1
ABCDATA,20170810,1.86,1.86,1.83,1.83,148064
ABMSOLID,20170810,12.75,12.75,12.68,12.68,10
ABPL,20170810,33.10,33.10,32.59,32.68,584
ACAUTOGAZ,20170810,46.55,46.92,45.41,46.45,2161
ACTION,20170810,4.49,4.57,4.22,4.26,105434
ADIUVO,20170810,20.99,20.99,20.70,20.70,32
AGORA,20170810,15.65,15.70,15.64,15.70,2990
AGROTON,20170810,6.11,6.20,6.05,6.20,3080
AILLERON,20170810,18.95,19.24,17.62,17.78,7417
AIRWAY,20170810,1.53,1.53,1.39,1.39,108191
ALCHEMIA,20170810,5.05,5.06,5.00,5.06,9034
ALIOR,20170810,64.69,65.59,64.15,64.25,699864
ALMA,20170810,0.86,0.91,0.83,0.86,97969
ALTA,20170810,3.35,3.35,3.35,3.35,1
ALTUSTFI,20170810,16.53,16.53,16.31,16.31,1445
ALUMETAL,20170810,49.00,49.40,48.81,49.00,1915
AMBRA,20170810,11.05,11.05,10.80,10.80,1543
AMICA,20170810,167.35,167.50,166.00,166.30,1688
AMREST,20170810,352.00,359.95,352.00,355.00,1667
APATOR,20170810,31.00,31.00,30.50,30.75,3991
APLISENS,20170810,12.87,12.87,12.87,12.87,2
APSENERGY,20170810,4.05,4.05,4.04,4.04,2
ARCHICOM,20170810,15.30,15.30,15.30,15.30,250
ARCTIC,20170810,4.45,4.45,4.28,4.40,19145
ARKASWE17,20170810,105.90,106.00,105.90,105.99,362
ARTERIA,20170810,8.95,9.03,8.82,8.89,16351
ARTIFEX,20170810,13.17,13.17,13.06,13.06,2
ASBIS,20170810,2.71,2.71,2.51,2.60,144907
ASSECOBS,20170810,27.10,27.89,27.10,27.89,254
ASSECOPOL,20170810,44.50,44.74,44.30,44.53,145271
ASSECOSEE,20170810,12.20,12.30,12.01,12.20,11476
ASTARTA,20170810,65.00,65.00,65.00,65.00,15
ATAL,20170810,37.99,38.10,37.99,38.10,202
ATENDE,20170810,5.34,5.34,5.30,5.30,1508
ATLANTIS,20170810,0.59,0.59,0.59,0.59,13884
ATLASEST,20170810,1.07,1.07,1.00,1.00,61065
ATM,20170810,11.51,11.54,11.49,11.54,21706
ATMGRUPA,20170810,3.95,3.99,3.85,3.99,10547
ATREM,20170810,2.71,2.87,2.70,2.80,9773
AUTOPARTN,20170810,5.26,5.39,5.20,5.36,323388
AVIAAML,20170810,4.98,4.98,4.98,4.98,2165
AVIASG,20170810,19.80,19.80,19.20,19.80,146
AWBUD,20170810,6.25,7.20,6.06,6.46,51499
BALTONA,20170810,2.02,2.02,1.90,1.90,4103
BBIDEV,20170810,0.81,0.83,0.81,0.81,87490
BEDZIN,20170810,22.48,23.99,22.48,23.99,102
BENEFIT,20170810,968.00,990.50,968.00,972.00,2121
BEST,20170810,30.60,31.65,30.60,30.65,1730
BETACOM,20170810,12.55,13.20,12.30,13.06,11707
BGZBNPP,20170810,63.99,63.99,63.99,63.99,1
BIK,20170810,17.25,17.40,16.79,17.40,289
BIOMEDLUB,20170810,1.11,1.14,1.10,1.11,109653
BIOTON,20170810,5.33,5.36,5.28,5.32,17303
BMPAG,20170810,8.67,8.67,8.67,8.67,2
BOGDANKA,20170810,77.00,77.00,74.80,74.80,10437
BORYSZEW,20170810,10.72,10.72,10.22,10.22,144641
BOS,20170810,10.58,10.58,10.38,10.50,4109
BOWIM,20170810,3.99,3.99,3.60,3.78,5405
BRASTER,20170810,13.35,13.45,12.88,12.97,34786
BRIJU,20170810,7.31,7.65,7.31,7.50,16303
BSCDRUK,20170810,35.60,35.90,35.60,35.90,101
BUDIMEX,20170810,224.25,226.85,223.05,223.05,3753
BUMECH,20170810,0.80,0.81,0.77,0.77,635692
BUWOG,20170810,107.50,107.50,107.50,107.50,2
BYTOM,20170810,2.46,2.48,2.44,2.48,8620
BZWBK,20170810,369.90,369.90,363.95,367.10,32741
CAPITAL,20170810,3.20,3.22,3.10,3.20,5471
CCC,20170810,250.10,256.90,247.00,249.15,26985
CDPROJEKT,20170810,84.20,86.10,84.11,84.84,52960
CDRL,20170810,27.48,27.48,27.48,27.48,1
CEZ,20170810,67.80,68.20,67.00,67.01,36352
CFI,20170810,0.76,0.78,0.76,0.78,75518
CHEMOS,20170810,1.17,1.18,1.13,1.16,209238
CIECH,20170810,62.50,62.50,61.00,61.14,118541
CIGAMES,20170810,1.26,1.27,1.19,1.20,4010568
CITYSERV,20170810,9.00,9.00,9.00,9.00,400
CLNPHARMA,20170810,34.42,35.60,34.05,35.60,102253
CNT,20170810,7.60,7.60,7.60,7.60,14
COALENERG,20170810,0.89,0.89,0.89,0.89,99
COGNOR,20170810,1.45,1.45,1.39,1.40,1872
COLIAN,20170810,3.27,3.27,3.27,3.27,1608
COMARCH,20170810,197.00,200.00,197.00,200.00,232
CORMAY,20170810,2.67,2.77,2.63,2.64,175530
CPGROUP,20170810,5.90,5.90,5.80,5.80,297
CUBEITG,20170810,2.00,2.00,1.82,1.92,53079
CYFRPLSAT,20170810,26.27,26.41,26.02,26.11,199242
CZTOREBKA,20170810,0.73,0.73,0.73,0.73,5
DEBICA,20170810,109.00,109.00,105.15,105.90,829
DECORA,20170810,11.00,11.00,10.84,10.99,1476
DEKPOL,20170810,23.61,25.50,23.61,23.80,9240
DELKO,20170810,9.80,9.80,9.80,9.80,13
DGA,20170810,4.89,4.89,4.89,4.89,2
DINOPL,20170810,51.00,51.19,50.75,51.00,73641
DOMDEV,20170810,78.00,78.00,77.44,77.50,383
DREWEX,20170810,1.20,1.20,1.20,1.20,61
DROZAPOL,20170810,1.87,1.93,1.87,1.90,5587
ECHO,20170810,5.40,5.42,5.39,5.42,8111
EDINVEST,20170810,1.90,1.90,1.80,1.80,5390
EFEKT,20170810,25.86,26.50,25.86,26.50,391
EKOEXPORT,20170810,11.75,11.80,11.59,11.79,6410
ELBUDOWA,20170810,113.30,113.40,113.30,113.40,50
ELEKTROTI,20170810,12.93,12.93,12.93,12.93,42
ELEMENTAL,20170810,3.05,3.05,2.98,3.02,93557
ELZAB,20170810,12.70,12.70,12.70,12.70,245
EMCINSMED,20170810,10.00,10.00,10.00,10.00,1
EMPERIA,20170810,81.75,84.00,76.15,84.00,32388
ENAP,20170810,1.05,1.05,1.04,1.05,44573
ENEA,20170810,15.50,15.62,14.79,14.85,734902
ENELMED,20170810,12.50,12.50,12.00,12.00,110
ENERGA,20170810,12.70,13.10,11.95,12.12,4451127
ENERGOINS,20170810,1.37,1.45,1.35,1.40,40531
ENTER,20170810,29.29,29.29,29.00,29.00,101
ERBUD,20170810,28.28,28.28,27.46,28.28,12
ERG,20170810,64.60,64.60,63.10,63.90,250
ERGIS,20170810,6.21,6.21,6.18,6.21,737
ESOTIQ,20170810,11.57,11.57,10.60,11.07,1625
ESSYSTEM,20170810,2.90,2.90,2.75,2.90,1509
ETFDAX,20170810,495.50,495.50,491.00,491.00,153
ETFSP500,20170810,91.89,91.89,91.50,91.50,302
ETFW20L,20170810,285.69,287.64,283.80,283.80,365
EUCO,20170810,28.30,28.50,28.29,28.50,706
EUROCASH,20170810,34.21,34.42,33.60,34.20,302095
EUROTEL,20170810,21.50,21.51,21.50,21.50,229
EVEREST,20170810,0.76,0.83,0.76,0.83,769
EXILLON,20170810,7.00,7.00,7.00,7.00,1075
FAM,20170810,3.85,3.94,3.72,3.72,1837
FAMUR,20170810,5.90,5.92,5.81,5.81,5284
FASING,20170810,17.83,18.49,17.83,18.49,4830
FASTFIN,20170810,1.50,1.50,1.50,1.50,100
FEERUM,20170810,15.10,15.10,14.90,14.90,209
FERRO,20170810,15.58,15.60,15.10,15.60,2004
FERRUM,20170810,4.24,4.38,4.20,4.21,3107
FON,20170810,0.25,0.25,0.23,0.24,151525
FORTE,20170810,68.00,71.00,68.00,70.00,32474
FORTUNA,20170810,23.92,23.92,23.92,23.92,8280
FOTA,20170810,0.42,0.44,0.40,0.41,205400
GEKOPLAST,20170810,15.43,15.59,15.20,15.59,259
GETBACK,20170810,18.76,18.78,18.50,18.75,575
GETBACK-PDA,20170810,18.47,18.75,18.40,18.70,289892
GETIN,20170810,1.38,1.38,1.36,1.37,180729
GETINOBLE,20170810,1.24,1.28,1.23,1.24,1137024
GINOROSSI,20170810,1.69,1.69,1.62,1.64,112208
GLCOSMED,20170810,3.12,3.12,3.12,3.12,4
GOBARTO,20170810,8.60,8.68,8.50,8.68,1337
GORENJE,20170810,28.77,28.77,28.77,28.77,1
GPRE,20170810,4.89,4.89,4.80,4.89,1588
GPW,20170810,45.06,45.35,44.55,44.66,22866
GRAVITON,20170810,0.68,0.74,0.68,0.74,1772
GROCLIN,20170810,9.44,9.44,9.17,9.27,10262
GRODNO,20170810,8.75,8.75,8.38,8.75,452
GRUPAAZOTY,20170810,70.91,71.79,68.70,68.75,78674
GTC,20170810,9.40,9.40,9.05,9.05,36162
HANDLOWY,20170810,69.01,70.70,69.01,69.83,47140
HELIO,20170810,16.72,16.80,16.45,16.80,342
HERKULES,20170810,3.94,4.02,3.92,4.00,51491
HUBSTYLE,20170810,1.10,1.10,1.00,1.10,2714
HYDROTOR,20170810,41.00,41.00,39.99,40.97,214
I2DEV,20170810,14.48,15.48,14.48,15.00,9037
IDEABANK,20170810,25.50,26.00,25.31,25.95,22558
IFIRMA,20170810,3.59,3.60,3.48,3.50,6335
IMCOMPANY,20170810,10.18,10.18,10.12,10.12,312
IMMOBILE,20170810,3.62,3.64,3.57,3.64,2010
IMPEL,20170810,21.74,21.99,20.96,21.99,439
IMPERA,20170810,1.60,1.62,1.60,1.62,1923
IMPEXMET,20170810,4.38,4.39,4.35,4.39,14379
INC,20170810,1.86,1.86,1.86,1.86,60
INDATA,20170810,0.50,0.50,0.47,0.49,242782
INDYKPOL,20170810,62.00,62.00,62.00,62.00,1618
INGBSK,20170810,198.00,198.00,195.00,196.90,32918
INPRO,20170810,5.20,5.20,4.96,4.96,402
INSTALKRK,20170810,15.55,15.56,15.20,15.54,694
INTERAOLT,20170810,11.84,11.84,11.75,11.84,4154
INTERCARS,20170810,289.00,289.00,287.00,289.00,104
INTERSPPL,20170810,2.89,2.89,2.84,2.84,318
INTLADS13409,20170810,45.00,45.00,45.00,45.00,10
INTLBCO12567,20170810,70.50,70.50,70.50,70.50,12
INTLBCO12674,20170810,55.30,56.45,55.30,56.45,70
INTLBCO13235,20170810,43.17,43.17,43.17,43.17,120
INTLBCO13243,20170810,48.71,48.71,48.71,48.71,25
INTLBCO19356,20170810,25.32,25.93,25.32,25.55,147
INTLBMW11031,20170810,11.44,11.44,11.44,11.44,87
INTLDAX00281,20170810,157.20,157.20,157.00,157.00,21
INTLDAX12864,20170810,190.00,190.00,187.50,187.50,10
INTLDAX16816,20170810,67.70,67.70,67.70,67.70,15
INTLDAX17038,20170810,51.80,51.95,51.50,51.50,4198
INTLDAX17798,20170810,26.98,26.98,22.43,22.45,3012
INTLDAX18234,20170810,17.16,17.63,12.52,12.52,6782
INTLDOW18978,20170810,109.70,109.70,109.70,109.70,7
INTLEUD19133,20170810,38.04,38.04,37.03,37.03,1948
INTLEUD19240,20170810,27.95,27.95,27.28,27.65,380
INTLEUR17731,20170810,15.54,15.85,15.54,15.85,554
INTLGBU16188,20170810,49.50,49.50,49.50,49.50,45
INTLGBU18549,20170810,22.60,22.60,22.60,22.60,220
INTLGLD09621,20170810,76.00,76.00,76.00,76.00,50
INTLGLD12831,20170810,60.70,63.00,60.10,63.00,1145
INTLGLD18317,20170810,44.91,44.91,44.91,44.91,120
INTLHSC19273,20170810,23.66,23.66,23.66,23.66,47
INTLKGH17459,20170810,28.82,28.82,28.82,28.82,357
INTLKGH19182,20170810,24.75,24.75,23.15,23.15,778
INTLKGH19372,20170810,21.55,21.55,21.55,21.55,100
INTLNAG18036,20170810,2.90,2.90,2.87,2.87,33000
INTLNAG18192,20170810,2.08,2.08,2.08,2.08,10500
INTLNAG18457,20170810,2.81,3.05,2.81,3.05,6170
INTLNKX18705,20170810,66.15,66.15,66.15,66.15,100
INTLOPL18309,20170810,2.00,2.00,2.00,2.00,860
INTLPEO16972,20170810,24.00,24.00,23.86,23.86,4158
INTLPEO19190,20170810,14.12,14.12,12.47,12.47,140
INTLPGE17277,20170810,3.90,3.90,3.90,3.90,1000
INTLPGE18895,20170810,2.88,2.88,2.72,2.81,1100
INTLPGE19406,20170810,1.82,1.82,1.82,1.82,555
INTLPKN18390,20170810,15.87,15.87,15.54,15.75,3110
INTLPKN18929,20170810,10.87,11.09,10.87,10.99,1166
INTLPKO17889,20170810,7.27,7.34,7.07,7.07,16487
INTLPKO18812,20170810,5.68,5.68,5.68,5.68,2
INTLPZU17517,20170810,15.28,15.28,15.28,15.28,77
INTLPZU18796,20170810,8.20,8.20,8.05,8.05,1434
INTLPZU18903,20170810,6.86,6.86,6.86,6.86,140
INTLSLV09647,20170810,12.79,13.25,12.79,13.25,356
INTLSLV12955,20170810,10.69,11.63,10.69,11.46,1198
INTLSLV19299,20170810,8.80,9.39,8.80,9.39,3153
INTLSPX17822,20170810,10.70,10.70,10.70,10.70,25
INTLUSD03731,20170810,25.80,25.80,25.80,25.80,1000
INTLUSD05041,20170810,35.90,36.18,35.40,36.18,283
INTLUSD05611,20170810,21.53,21.53,20.44,20.44,525
INTLUSD05702,20170810,16.03,16.59,15.62,15.62,604
INTLUSJ18762,20170810,16.40,16.40,16.40,16.40,99
INTLW2017012,20170810,6.00,6.00,6.00,6.00,316
INTLW2017764,20170810,3.21,3.21,3.08,3.08,896
INTLW2018614,20170810,2.16,2.16,2.16,2.16,450
INTLW2018937,20170810,2.26,2.26,1.98,1.98,2101
INTLW2019224,20170810,1.55,1.55,1.39,1.39,2813
INTLW2019422,20170810,1.36,1.36,1.36,1.36,571
INTROL,20170810,7.55,7.55,7.55,7.55,24
INTSBCO09761,20170810,77.15,77.15,75.90,75.90,24
INTSBCO11676,20170810,34.60,34.84,32.59,34.56,3193
INTSBCO18606,20170810,23.67,23.67,21.11,21.11,2743
INTSBCO18986,20170810,12.88,12.97,11.09,11.09,1790
INTSBMW07799,20170810,15.55,15.55,15.55,15.55,20
INTSDAX08193,20170810,58.60,58.60,58.60,58.60,5
INTSDAX08342,20170810,80.00,80.00,80.00,80.00,47
INTSDAX18853,20170810,47.01,47.01,47.01,47.01,25
INTSDAX18952,20170810,104.90,105.60,104.90,105.60,20
INTSDAX19315,20170810,21.56,27.15,21.56,26.91,639
INTSDBK19000,20170810,25.74,25.74,25.74,25.74,10
INTSDOW18119,20170810,61.65,64.75,61.65,63.75,153
INTSDOW19042,20170810,104.50,104.50,104.50,104.50,10
INTSEUC19331,20170810,40.48,40.48,40.48,40.48,83
INTSEUD06080,20170810,30.48,30.50,30.48,30.50,550
INTSEUD06544,20170810,18.88,18.88,18.65,18.65,160
INTSEUR17707,20170810,15.70,15.70,15.70,15.70,1
INTSEUR18465,20170810,9.50,9.50,9.50,9.50,30
INTSGLD00638,20170810,53.50,53.50,53.50,53.50,100
INTSGLD15917,20170810,32.40,32.40,32.40,32.40,125
INTSKGH00711,20170810,30.55,30.55,30.55,30.55,1
INTSKGH17988,20170810,40.93,41.48,40.93,41.48,30
INTSNDX19059,20170810,22.85,23.39,22.85,23.39,304
INTSNKX07971,20170810,45.54,45.54,45.54,45.54,2
INTSPGE14142,20170810,1.93,1.93,1.93,1.93,500
INTSPKN18325,20170810,22.86,22.86,22.54,22.54,3001
INTSPKO02741,20170810,6.65,7.34,6.65,7.34,5
INTSPZU06338,20170810,6.42,7.24,6.42,7.24,9800
INTSSLV18770,20170810,6.85,6.85,6.42,6.49,4191
INTSSP517921,20170810,7.47,7.93,7.47,7.92,2504
INTSUSD19455,20170810,11.55,11.55,11.55,11.55,100
INTSW2002808,20170810,1.82,2.08,1.71,2.00,44953
INTSW2005892,20170810,3.75,3.93,3.75,3.93,2250
INTSW2019307,20170810,4.08,4.41,4.08,4.41,2254
INVGLDFIZ,20170810,1462.00,1462.00,1462.00,1462.00,10
INVISTA,20170810,1.32,1.32,1.32,1.32,1550
IPOPEMA,20170810,1.60,1.60,1.47,1.57,107
IQP,20170810,0.37,0.37,0.37,0.37,10
IZOBLOK,20170810,160.80,160.80,160.80,160.80,32
IZOLACJA,20170810,2.20,2.20,2.20,2.20,2
IZOSTAL,20170810,5.93,5.95,5.84,5.85,486
JHMDEV,20170810,1.96,1.98,1.95,1.98,9192
JSW,20170810,91.48,91.70,89.09,89.75,287417
JWCONSTR,20170810,4.83,4.83,4.75,4.75,5309
JWWINVEST,20170810,2.45,2.88,2.45,2.88,7104
K2INTERNT,20170810,15.98,16.38,15.97,16.12,12511
KANIA,20170810,1.70,1.70,1.65,1.68,18539
KBDOM,20170810,3.29,3.29,3.20,3.20,700
KCI,20170810,1.19,1.21,1.14,1.14,99406
KERNEL,20170810,62.48,62.60,61.23,62.59,19758
KETY,20170810,424.90,424.90,419.50,423.40,5271
KGHM,20170810,123.25,124.25,120.10,120.60,376560
KGL,20170810,25.38,25.38,24.25,25.30,7672
KINOPOL,20170810,10.94,11.25,10.92,11.00,711
KOGENERA,20170810,89.66,89.66,88.30,89.49,1434
KOMPUTRON,20170810,6.52,6.52,6.35,6.40,974
KONSSTALI,20170810,31.38,31.38,30.00,31.38,2504
KOPEX,20170810,4.05,4.05,4.02,4.04,36410
KRAKCHEM,20170810,2.31,2.51,2.31,2.40,536
KREC,20170810,6.45,6.45,6.30,6.45,73951
KREDYTIN,20170810,23.00,23.00,23.00,23.00,796
KREZUS,20170810,0.94,0.96,0.93,0.96,110557
KRUK,20170810,332.00,339.80,330.20,333.50,58602
KRUSZWICA,20170810,69.85,70.00,68.01,69.90,138
KRVITAMIN,20170810,5.10,5.10,5.00,5.10,552
KSGAGRO,20170810,2.12,2.20,2.10,2.11,3348
LABOPRINT,20170810,10.96,10.96,10.96,10.96,15
LARK,20170810,0.44,0.47,0.44,0.46,3622
LARQ,20170810,20.10,20.10,20.10,20.10,1375
LCCORP,20170810,1.98,2.01,1.96,2.00,285649
LENA,20170810,4.07,4.07,4.05,4.07,5212
LENTEX,20170810,9.10,9.29,8.66,8.93,51281
LIBET,20170810,1.99,1.99,1.81,1.85,10050
LIVECHAT,20170810,51.68,51.68,50.50,51.40,11484
LOKUM,20170810,16.97,17.00,16.53,16.53,725
LOTOS,20170810,50.80,51.16,50.00,50.00,296197
LPP,20170810,7680.00,7728.85,7620.05,7665.00,1183
LSISOFT,20170810,12.00,12.00,12.00,12.00,320
LUBAWA,20170810,1.23,1.23,1.20,1.22,98344
MABION,20170810,92.90,92.90,92.60,92.60,476
MANGATA,20170810,113.20,113.20,113.00,113.00,11
MARVIPOL,20170810,12.00,12.13,11.94,12.13,3212
MASTERPHA,20170810,6.23,6.23,6.23,6.23,2
MAXCOM,20170810,56.50,56.97,55.07,56.60,477
MBANK,20170810,430.10,433.40,426.75,427.95,10842
MBWS,20170810,65.00,67.55,65.00,66.65,77
MCI,20170810,8.79,8.95,8.75,8.85,11626
MDIENERGIA,20170810,4.11,4.14,4.00,4.12,2651
MEDIACAP,20170810,2.63,2.63,2.62,2.62,1014
MEDICALG,20170810,262.00,264.95,258.00,259.90,7272
MENNICA,20170810,18.82,18.82,18.70,18.70,900
MERCATOR,20170810,17.99,17.99,17.30,17.77,993
MERCOR,20170810,10.67,10.80,10.35,10.80,1462
MEXPOLSKA,20170810,6.41,6.58,6.41,6.57,1570
MFO,20170810,36.60,36.60,35.57,36.50,213
MILLENNIUM,20170810,7.38,7.38,7.13,7.13,446575
MIRACULUM,20170810,1.87,1.87,1.84,1.84,2920
MIRBUD,20170810,1.26,1.33,1.21,1.31,984509
MOJ,20170810,0.97,0.97,0.96,0.96,14085
MOL,20170810,327.50,330.55,326.80,330.55,1056
MONNARI,20170810,8.03,8.05,7.96,8.00,22107
MORIZON,20170810,1.47,1.47,1.47,1.47,1500
MORIZON-PDA,20170810,1.40,1.40,1.40,1.40,1427
MOSTALPLC,20170810,11.50,11.50,11.49,11.50,251
MOSTALWAR,20170810,10.45,10.68,10.45,10.68,285
MOSTALZAB,20170810,0.89,0.90,0.88,0.89,242940
MWTRADE,20170810,7.36,7.36,7.13,7.13,263
NETIA,20170810,3.90,3.90,3.86,3.86,16512
NEUCA,20170810,270.00,290.00,270.00,277.10,4795
NEWAG,20170810,16.89,16.97,16.89,16.95,836
NORTCOAST,20170810,7.79,7.79,7.77,7.77,25
NOVITA,20170810,48.50,48.50,48.50,48.50,5
NOWAGALA,20170810,2.08,2.08,2.08,2.08,48
NTTSYSTEM,20170810,2.23,2.23,2.09,2.21,3322
ODLEWNIE,20170810,4.08,4.08,4.08,4.08,100
OPENFIN,20170810,2.19,2.24,2.14,2.19,19566
OPONEO.PL,20170810,47.10,49.50,47.10,47.70,33269
OPTEAM,20170810,6.34,6.40,6.34,6.40,262
ORANGEPL,20170810,5.84,5.86,5.78,5.85,3114623
ORBIS,20170810,84.16,86.80,84.16,86.80,1699
ORION,20170810,71.00,71.00,71.00,71.00,1
ORZBIALY,20170810,12.69,12.88,12.68,12.88,85
OTLOG,20170810,22.00,22.00,22.00,22.00,6
OTMUCHOW,20170810,4.55,4.55,4.48,4.55,2338
PAGED,20170810,58.38,58.38,58.29,58.29,2
PAMAPOL,20170810,1.15,1.15,1.15,1.15,1565
PANOVA,20170810,23.00,23.10,23.00,23.00,451
PATENTUS,20170810,1.18,1.18,1.18,1.18,1000
PBG,20170810,0.40,0.42,0.36,0.36,27961673
PBKM,20170810,55.20,55.20,53.60,54.00,1094
PCCEXOL,20170810,1.84,1.84,1.83,1.83,150
PCCROKITA,20170810,90.70,90.70,89.30,90.50,179
PCM,20170810,32.49,32.50,32.42,32.42,1484
PEKABEX,20170810,9.50,9.51,9.50,9.51,2485
PEKAO,20170810,128.00,129.30,127.75,128.40,558334
PEMANAGER,20170810,50.95,51.70,50.95,51.70,36
PEP,20170810,14.39,14.75,14.32,14.32,2039
PEPEES,20170810,1.27,1.32,1.27,1.31,16668
PFLEIDER,20170810,45.97,45.97,45.21,45.95,2071
PGE,20170810,13.21,13.28,12.92,13.03,1933856
PGNIG,20170810,6.57,6.62,6.51,6.55,2451851
PGODLEW,20170810,5.59,5.59,5.59,5.59,36
PGSSOFT,20170810,12.23,12.54,11.82,12.25,17556
PHN,20170810,16.19,16.19,15.91,16.18,249
PKNORLEN,20170810,107.35,107.80,106.50,107.00,537099
PKOBP,20170810,36.47,36.86,35.88,35.90,1910985
PKOSO,20170810,105.16,105.80,105.16,105.21,500
PKPCARGO,20170810,63.56,64.38,63.55,64.00,18895
PLASTBOX,20170810,2.30,2.30,2.30,2.30,2
PLATYNINW,20170810,0.69,0.69,0.68,0.68,4502
PLAY,20170810,35.95,36.00,35.90,35.95,417177
PLAYWAY,20170810,59.50,59.50,56.55,58.00,979
PLAZACNTR,20170810,6.50,7.05,6.50,7.05,310
PMPG,20170810,3.52,3.52,3.41,3.41,900
POLICE,20170810,21.49,21.49,21.22,21.47,255
POLIMEXMS,20170810,7.03,7.10,6.70,6.70,1282029
POLMED,20170810,2.44,2.44,2.44,2.44,308
POLNA,20170810,19.50,19.50,19.50,19.50,2395
POLNORD,20170810,10.18,10.20,10.04,10.10,8262
POLWAX,20170810,13.85,13.88,13.66,13.86,14410
POZBUD,20170810,2.50,2.50,2.35,2.36,33781
PRAGMAFA,20170810,13.55,13.55,13.55,13.55,144
PRAGMAINK,20170810,10.00,10.00,10.00,10.00,12
PRAIRIE,20170810,1.27,1.28,1.24,1.25,122583
PRIMAMODA,20170810,4.95,4.99,4.95,4.98,2580
PROCAD,20170810,1.45,1.45,1.42,1.42,28
PROCHEM,20170810,17.74,17.74,17.74,17.74,2
PROCHNIK,20170810,0.89,0.89,0.88,0.88,27065
PROJPRZEM,20170810,11.45,12.02,11.45,12.02,4698
PROTEKTOR,20170810,3.80,3.81,3.75,3.81,6276
PROVIDENT,20170810,9.46,9.46,9.45,9.46,166
PULAWY,20170810,190.50,190.50,189.50,189.50,170
PZU,20170810,46.51,46.75,45.71,46.14,1268003
PZUAKORD,20170810,111.05,111.05,111.05,111.05,163
QMULTIFIZ,20170810,1096.00,1096.00,1096.00,1096.00,30
QUANTUM,20170810,25.70,25.75,23.00,23.00,5115
QUERCUS,20170810,5.92,5.97,5.83,5.93,10066
QUMAK,20170810,1.43,1.46,1.37,1.39,61081
RADPOL,20170810,1.66,1.68,1.65,1.68,60641
RAFAKO,20170810,5.97,5.99,5.80,5.82,38670
RAFAMET,20170810,14.30,14.30,14.30,14.30,1
RAINBOW,20170810,39.90,39.90,39.40,39.40,1142
RANKPROGR,20170810,1.85,1.90,1.81,1.88,25845
RAWLPLUG,20170810,12.05,12.05,12.05,12.05,1
RCCOCOOPEN,20170810,72.00,72.00,72.00,72.00,1134
RCCOFFAOPEN1,20170810,4.91,4.91,4.91,4.91,16814
RCCRUAOPEN,20170810,7.74,7.85,7.74,7.85,30206
RCFL2DBK,20170810,16.04,16.04,16.04,16.04,200
RCFL2GOLD,20170810,56.55,56.90,56.55,56.90,70
RCFL2SILVE,20170810,25.21,25.21,25.21,25.21,50
RCFL3ALR,20170810,197.70,197.70,186.30,186.30,75
RCFL3COCO,20170810,6.62,6.62,6.62,6.62,151
RCFL3COFF,20170810,6.20,6.20,6.05,6.06,150
RCFL3DBK,20170810,2.74,2.74,2.65,2.65,12100
RCFL3ENG,20170810,379.30,379.30,323.60,323.60,350
RCFL3GOLD,20170810,33.00,33.25,33.00,33.25,2234
RCFL3HNR,20170810,113.70,113.70,113.70,113.70,50
RCFL3KGH,20170810,18.56,19.18,17.13,17.13,650
RCFL3LPP,20170810,521.30,521.30,521.30,521.30,1
RCFL3OIL,20170810,1.09,1.15,1.09,1.12,286748
RCFL3OIL2,20170810,127.50,132.50,127.50,130.10,322
RCFL3OIL3,20170810,10.75,10.75,10.75,10.75,2300
RCFL3PZU,20170810,93.80,93.80,93.80,93.80,15
RCFL3SILVE,20170810,6.49,6.79,6.46,6.61,39787
RCFL3SILVE2,20170810,11.95,11.95,11.95,11.95,65
RCFL3SUGA,20170810,2.28,2.28,2.20,2.20,3600
RCFL3W20,20170810,97.80,97.80,95.35,95.35,115
RCFL3WHT,20170810,7.50,7.72,7.38,7.72,7586
RCFL4OIL,20170810,7.20,7.40,7.20,7.38,21590
RCFS3COPP,20170810,3.24,3.24,3.24,3.24,2000
RCFS3DBK,20170810,20.81,22.19,20.81,22.19,220
RCFS3FDX,20170810,16.00,16.00,16.00,16.00,100
RCFS3KGH,20170810,3.90,4.13,3.89,4.13,10435
RCFS3OIL,20170810,85.75,85.75,82.50,84.40,2330
RCFS3PGN,20170810,26.90,26.90,26.90,26.90,30
RCFS3PZU,20170810,5.19,5.19,5.19,5.19,200
RCFS3SILVE,20170810,68.50,68.50,68.50,68.50,145
RCFS3W20,20170810,31.34,32.31,31.34,32.31,155
RCFS4ESX,20170810,2.23,2.23,2.23,2.23,700
RCFS4OIL,20170810,3.59,3.60,3.49,3.60,4680
RCGCOMB0221,20170810,1069.40,1069.40,1069.40,1069.40,60
RCGCOMB1120,20170810,1067.60,1067.70,1067.60,1067.70,81
RCGEEM0520,20170810,984.40,984.40,984.40,984.40,385
RCGESX10119,20170810,1028.90,1028.90,1028.90,1028.90,50
RCGETNA06222,20170810,970.60,970.60,970.60,970.60,189
RCGGLD10919,20170810,990.70,990.70,990.70,990.70,30
RCGLDAOPEN,20170810,466.00,467.70,466.00,467.30,42
RCGSLV290920,20170810,1006.90,1006.90,1006.90,1006.90,139
RCIDXB11018,20170810,1100.10,1100.10,1100.10,1100.10,30
RCLNAGOPEN,20170810,3.95,3.96,3.95,3.96,17000
RCSCRAOPEN,20170810,282.50,282.50,280.70,280.70,50
RCSILAOPEN,20170810,62.20,62.80,62.05,62.45,3561
RCSUGAAOPEN2,20170810,4.90,4.91,4.90,4.91,33340
RCSUGAOPEN,20170810,3.08,3.08,3.08,3.08,500
RCTLCOCO01,20170810,12.96,12.96,12.96,12.96,3000
RCTLCOCO04,20170810,24.04,24.04,23.15,23.15,80
RCTLCOFF001,20170810,1.73,1.73,1.66,1.66,400
RCTLPEO001,20170810,2.37,2.38,2.37,2.38,12147
RCTSCOCO01,20170810,11.07,11.07,11.07,11.07,25
RCTSGOLD15,20170810,11.11,11.13,10.85,10.85,149
RCTSMBK005,20170810,40.12,40.12,40.12,40.12,100
RCTSSILV15,20170810,5.10,5.10,5.10,5.10,55
RCWHTAOPEN,20170810,5.15,5.15,5.15,5.15,150
REDWOOD,20170810,1.33,1.33,1.21,1.26,1654
RELPOL,20170810,8.11,8.35,7.88,8.35,3131
REMAK,20170810,18.00,18.00,18.00,18.00,2
RESBUD,20170810,0.66,0.67,0.66,0.67,3039
ROBYG,20170810,3.23,3.29,3.20,3.28,138322
RONSON,20170810,1.66,1.66,1.65,1.66,4746
ROPCZYCE,20170810,21.12,21.12,21.12,21.12,50
RUBICON,20170810,1.17,1.17,1.17,1.17,46
SANOK,20170810,60.00,60.00,60.00,60.00,13
SARE,20170810,20.77,20.77,20.77,20.77,130
SEKO,20170810,6.80,6.80,6.80,6.80,120
SELENAFM,20170810,19.00,19.00,17.62,18.48,931
SELVITA,20170810,52.99,53.00,51.99,52.00,2858
SERINUS,20170810,1.02,1.06,1.02,1.06,62373
SETANTA,20170810,7.23,7.67,7.23,7.67,212
SFINKS,20170810,2.04,2.14,2.02,2.10,21783
SIMPLE,20170810,7.06,7.06,7.02,7.02,999
SKARBIEC,20170810,29.50,29.50,28.66,29.00,2184
SKOTAN,20170810,0.46,0.46,0.44,0.44,187169
SKYLINE,20170810,0.75,0.75,0.73,0.75,4377
SNIEZKA,20170810,68.20,68.40,68.20,68.40,151
SOHODEV,20170810,1.90,1.91,1.90,1.90,16024
SOLAR,20170810,1.10,1.13,1.08,1.10,1674
SONEL,20170810,8.72,8.72,8.71,8.71,470
STALEXP,20170810,4.12,4.38,4.12,4.20,576215
STALPROD,20170810,535.00,539.50,522.20,524.00,4771
STALPROFI,20170810,15.30,15.30,15.30,15.30,2000
STELMET,20170810,21.55,22.20,21.50,21.50,13142
SUNEX,20170810,2.76,2.93,2.76,2.92,1436
SUWARY,20170810,9.43,9.43,9.43,9.43,2
SWISSMED,20170810,1.05,1.05,1.04,1.04,57
SYGNITY,20170810,3.54,3.57,3.54,3.57,3966
SYNEKTIK,20170810,15.98,15.98,15.98,15.98,2
SYNTHOS,20170810,4.44,4.44,4.31,4.36,576357
TALEX,20170810,19.18,19.18,19.18,19.18,65
TARCZYNSKI,20170810,10.93,10.93,10.70,10.87,1126
TATRY,20170810,120.00,120.00,120.00,120.00,6
TAURONPE,20170810,3.75,3.78,3.70,3.70,1830980
TESGAS,20170810,2.60,2.60,2.50,2.60,2028
TIM,20170810,8.22,9.05,8.20,9.05,19383
TORPOL,20170810,13.44,13.44,12.97,12.97,10407
TOYA,20170810,8.82,8.86,8.78,8.86,37
TRAKCJA,20170810,13.00,13.00,12.75,12.75,53308
TRANSPOL,20170810,6.25,6.25,6.19,6.23,1556
TRIGONPP,20170810,139.00,139.00,137.78,137.98,569
TRIGONPP1,20170810,143.39,143.39,143.39,143.39,1
TRIGONPP2,20170810,139.00,139.00,139.00,139.00,1
TRIGONPP3,20170810,137.99,137.99,137.99,137.99,1
TRIGONPP4,20170810,140.80,140.80,140.80,140.80,1
TRIGONPP5,20170810,137.00,137.00,137.00,137.00,1
TRIGONPP6,20170810,142.79,142.79,138.10,138.10,39
TRIGONPP7,20170810,136.50,136.50,135.10,135.10,71
TRIGONPP8,20170810,137.32,137.32,137.32,137.32,66
TRITON,20170810,3.27,3.51,3.27,3.35,5707
TXM,20170810,3.04,3.04,3.04,3.04,605
ULMA,20170810,74.00,74.00,73.99,73.99,2
UNIBEP,20170810,13.19,13.19,13.19,13.19,35
UNIMA,20170810,3.71,3.71,3.62,3.62,583
UNIMOT,20170810,39.01,39.97,39.01,39.02,283
UNIWHEELS,20170810,253.00,260.00,253.00,257.00,279
URSUS,20170810,4.68,4.70,4.50,4.54,583715
VIGOSYS,20170810,340.00,346.00,333.10,346.00,468
VINDEXUS,20170810,9.95,10.00,9.89,9.90,15119
VISTAL,20170810,6.12,6.12,6.00,6.08,872
VISTULA,20170810,3.40,3.41,3.34,3.39,213444
VIVID,20170810,3.20,3.20,3.03,3.09,33648
VOTUM,20170810,9.80,9.96,9.59,9.75,3972
VOXEL,20170810,16.36,16.39,16.36,16.39,27
WADEX,20170810,5.20,5.25,5.20,5.25,500
WARIMPEX,20170810,5.20,5.30,5.20,5.30,9728
WASKO,20170810,1.78,1.78,1.75,1.77,1978
WAWEL,20170810,1115.05,1137.00,1115.00,1137.00,253
WDX,20170810,7.64,7.64,7.50,7.61,29614
WIELTON,20170810,14.72,15.10,14.60,14.95,12026
WIKANA,20170810,1.57,1.58,1.50,1.58,986
WINVEST,20170810,1.19,1.19,1.19,1.19,442
WIRTUALNA,20170810,51.21,52.88,49.55,52.88,4679
WITTCHEN,20170810,17.20,17.20,17.20,17.20,2
WOJAS,20170810,5.00,5.00,5.00,5.00,650
WORKSERV,20170810,7.94,7.94,7.80,7.85,445
XTB,20170810,5.31,5.46,5.30,5.44,2280
YOLO,20170810,3.69,3.69,3.61,3.68,693
ZAMET,20170810,1.30,1.32,1.30,1.32,5600
ZEPAK,20170810,15.97,16.34,15.78,16.07,18619
ZPUE,20170810,239.50,239.50,238.95,239.50,13
ZUE,20170810,9.28,9.33,9.28,9.33,742
ZYWIEC,20170810,443.00,443.00,437.10,437.10,170
INVESTORMS,20170810,4894.14,4894.14,4885.14,4885.14,207329.446
MWIG40,20170810,4877.44,4878.97,4848.24,4848.24,107214.551
RESPECT,20170810,3129.63,3136.49,3093.86,3099.78,406732.230
SWIG80,20170810,15445.76,15469.95,15384.40,15439.10,33118.394
WIG,20170810,62859.80,63013.95,62399.31,62451.57,732754.781
WIG-BANKI,20170810,7546.92,7590.22,7481.63,7491.19,218707.721
WIG-BUDOW,20170810,3308.01,3310.77,3275.17,3282.00,24563.919
WIG-CEE,20170810,981.00,981.00,979.49,980.39,4337.903
WIG-CHEMIA,20170810,15176.81,15184.15,14787.24,14844.26,15527.277
WIG-ENERG,20170810,3359.64,3378.75,3281.72,3287.29,101600.593
WIG-GORNIC,20170810,4699.13,4723.71,4583.54,4600.81,72768.336
WIG-INFO,20170810,2104.02,2116.26,2098.68,2111.46,8251.522
WIG-LEKI,20170810,5824.11,5887.05,5792.18,5867.91,4345.044
WIG-MEDIA,20170810,5093.82,5166.58,5038.79,5166.58,701.120
WIG-MOTO,20170810,5449.21,5450.28,5434.97,5445.00,2045.309
WIG-NRCHOM,20170810,2099.13,2102.17,2083.52,2083.52,1994.837
WIG-ODZIEZ,20170810,6530.01,6594.17,6499.62,6513.44,17302.166
WIG-PALIWA,20170810,7177.62,7184.55,7138.90,7151.51,89010.409
WIG-POLAND,20170810,63942.59,63942.59,63672.90,63672.90,727751.874
WIG-SPOZYW,20170810,4338.74,4351.52,4303.05,4351.52,1779.238
WIG-TELKOM,20170810,758.38,761.29,757.72,758.77,38679.606
WIG-UKRAIN,20170810,605.86,606.64,605.86,606.64,1258.212
WIG20,20170810,2403.19,2412.20,2378.92,2382.67,565902.162
WIG20LEV,20170810,780.09,785.95,764.30,766.74,565902.162
WIG20SHORT,20170810,3254.70,3287.43,3242.55,3282.38,565902.162
WIG20TR,20170810,4117.66,4117.66,4094.11,4094.11,565902.162
WIG30,20170810,2786.14,2795.14,2759.48,2762.11,621672.107
WIG30TR,20170810,4715.83,4715.83,4688.36,4688.36,621672.107
WIGDIV,20170810,1213.78,1218.04,1207.30,1208.88,279062.880
