11BIT,20171221,191.95,194.45,191.05,192.35,2351
4FUNMEDIA,20171221,10.20,10.20,9.45,10.00,2121
AATHOLD,20171221,19.65,19.65,19.65,19.65,280
ABADONRE,20171221,6.87,7.21,6.87,7.21,895
ABCDATA,20171221,1.96,1.96,1.90,1.94,402679
ABMSOLID,20171221,11.90,11.90,11.90,11.90,10
ABPL,20171221,29.00,29.41,28.92,29.00,366
ACAUTOGAZ,20171221,41.55,41.55,41.54,41.54,51
ACTION,20171221,3.20,3.29,3.14,3.18,22951
ADIUVO,20171221,14.85,14.85,14.20,14.20,597
AGORA,20171221,14.94,14.94,14.60,14.72,2132
AGROTON,20171221,3.90,4.08,3.78,3.98,36672
AILLERON,20171221,17.25,17.30,16.80,16.90,4730
AIRWAY,20171221,0.79,0.79,0.75,0.76,101431
ALCHEMIA,20171221,4.48,4.50,4.48,4.50,1757
ALIOR,20171221,78.50,79.30,77.70,78.86,95582
ALMA,20171221,0.28,0.37,0.28,0.37,536471
ALTA,20171221,2.65,2.78,2.52,2.70,6827
ALTUSTFI,20171221,14.60,14.60,14.40,14.55,10605
ALUMETAL,20171221,52.69,53.48,52.40,52.60,4114
AMBRA,20171221,13.94,13.94,13.40,13.60,3837
AMICA,20171221,118.60,120.00,117.15,118.35,10164
AMREST,20171221,376.50,378.00,374.00,378.00,3039
APATOR,20171221,26.20,27.15,26.00,26.20,20460
APLISENS,20171221,12.80,12.80,12.80,12.80,2
APSENERGY,20171221,2.97,2.97,2.97,2.97,11
ARCHICOM,20171221,16.16,16.47,16.16,16.21,1592
ARCTIC,20171221,4.01,4.01,3.97,3.98,43574
ARCUS,20171221,2.00,2.03,1.97,2.03,4101
ARKASWE17,20171221,111.00,111.00,109.51,110.00,1109
ARTERIA,20171221,7.49,7.69,7.12,7.12,14665
ARTIFEX,20171221,8.30,8.49,8.20,8.49,100339
ASBIS,20171221,2.90,3.01,2.85,2.95,448790
ASMGROUP,20171221,4.03,4.03,3.86,4.02,2301
ASSECOBS,20171221,26.48,26.48,25.61,26.48,170
ASSECOPOL,20171221,42.20,42.82,42.10,42.67,249675
ASSECOSEE,20171221,12.45,12.65,12.45,12.60,7798
ASTARTA,20171221,52.10,52.10,50.51,52.00,2618
ATAL,20171221,41.01,42.37,41.01,41.21,388
ATENDE,20171221,4.19,4.19,3.99,4.07,1015
ATLANTAPL,20171221,3.98,3.99,3.98,3.99,400
ATLANTIS,20171221,0.68,0.69,0.63,0.69,45551
ATLASEST,20171221,1.16,1.17,1.16,1.17,2263
ATM,20171221,11.37,11.37,11.35,11.35,42
ATMGRUPA,20171221,4.15,4.28,4.15,4.16,1571
ATREM,20171221,2.38,2.44,2.38,2.42,43058
AUTOPARTN,20171221,4.75,4.75,4.68,4.69,59855
AVIAAML,20171221,5.23,5.38,5.15,5.30,7029
AVIASG,20171221,16.21,16.80,14.87,16.25,335
AWBUD,20171221,4.00,4.00,3.90,3.90,5203
BAHOLDING,20171221,10.00,10.39,9.61,10.39,24867
BALTONA,20171221,2.80,2.80,2.80,2.80,1
BBIDEV,20171221,0.63,0.65,0.63,0.65,2192863
BEDZIN,20171221,27.49,27.49,27.40,27.40,10
BENEFIT,20171221,1080.00,1135.00,1080.00,1080.00,1720
BERLING,20171221,3.65,3.66,3.64,3.64,3200
BETACOM,20171221,10.80,10.80,10.65,10.75,1860
BGZBNPP,20171221,67.77,68.00,66.15,68.00,617
BIK,20171221,16.40,16.40,16.40,16.40,2
BIOMEDLUB,20171221,1.34,1.34,1.26,1.31,142375
BIOTON,20171221,3.15,3.80,3.15,3.70,324577
BOGDANKA,20171221,67.80,68.04,66.70,67.01,16988
BORYSZEW,20171221,9.15,9.15,9.10,9.10,213315
BOS,20171221,8.47,8.47,8.10,8.18,97477
BOWIM,20171221,3.68,3.68,3.67,3.68,27169
BRASTER,20171221,7.60,7.67,6.94,7.20,93190
BSCDRUK,20171221,37.30,37.89,36.55,37.80,5204
BUDIMEX,20171221,213.00,214.50,211.25,214.00,28761
BUMECH,20171221,0.29,0.31,0.29,0.30,1385176
BUWOG,20171221,119.30,119.35,119.30,119.35,34
BYTOM,20171221,2.63,2.63,2.53,2.59,176931
BZWBK,20171221,385.00,390.30,385.00,389.70,16632
CAPITAL,20171221,3.47,3.51,3.41,3.51,20209
CCC,20171221,282.00,282.25,278.10,281.25,40743
CDPROJEKT,20171221,99.45,100.45,96.40,100.35,314250
CDRL,20171221,24.51,24.51,23.90,24.30,1596
CELTIC,20171221,5.70,6.01,5.70,6.00,11333
CEZ,20171221,81.99,81.99,81.40,81.40,1139
CFI,20171221,0.34,0.35,0.33,0.35,185608
CHEMOS,20171221,1.54,1.54,1.48,1.52,114159
CIECH,20171221,52.60,54.00,52.31,53.90,40457
CIGAMES,20171221,0.99,1.00,0.97,0.97,821328
CITYSERV,20171221,11.65,11.65,11.00,11.65,2747
CLNPHARMA,20171221,34.35,35.40,33.15,33.15,88009
CNT,20171221,8.65,8.65,8.55,8.56,3072
COGNOR,20171221,1.48,1.49,1.48,1.48,24454
COLIAN,20171221,3.14,3.23,3.14,3.20,22995
COMARCH,20171221,184.90,184.90,180.00,180.50,435
CORMAY,20171221,1.37,1.38,1.32,1.34,763292
CPGROUP,20171221,5.62,5.62,5.54,5.60,1255
CUBEITG,20171221,0.35,0.39,0.35,0.37,713965
CYFRPLSAT,20171221,24.03,24.36,23.88,24.36,242099
CZTOREBKA,20171221,0.56,0.56,0.53,0.54,7066
DEBICA,20171221,99.51,102.65,98.50,102.65,1277
DECORA,20171221,10.34,10.34,10.18,10.30,504
DEKPOL,20171221,36.20,36.95,35.15,36.30,5646
DELKO,20171221,10.75,10.75,10.11,10.39,1632
DGA,20171221,4.25,4.25,4.25,4.25,150
DINOPL,20171221,76.78,76.98,74.62,75.20,77620
DOMDEV,20171221,85.13,85.13,85.00,85.13,5581
DREWEX,20171221,0.88,0.94,0.88,0.92,11819
DROZAPOL,20171221,1.85,1.90,1.83,1.90,2666
ECHO,20171221,4.64,4.68,4.60,4.65,190879
EDINVEST,20171221,2.03,2.03,2.03,2.03,1000
EFEKT,20171221,23.49,23.49,22.63,23.00,743
EKOEXPORT,20171221,7.00,7.05,6.80,6.85,55789
ELBUDOWA,20171221,86.25,86.25,84.07,85.00,673
ELEKTROTI,20171221,9.27,9.30,9.04,9.04,4622
ELEMENTAL,20171221,2.34,2.34,2.21,2.30,1956838
ELKOP,20171221,0.43,0.45,0.43,0.45,74027
ELZAB,20171221,8.02,8.03,8.02,8.03,3118
EMPERIA,20171221,98.84,99.56,98.83,99.50,13894
ENAP,20171221,1.09,1.11,1.09,1.11,31563
ENEA,20171221,11.35,11.58,11.21,11.39,502867
ENELMED,20171221,11.01,12.00,11.01,12.00,2050
ENERGA,20171221,12.22,12.31,12.11,12.30,615873
ENERGOINS,20171221,1.27,1.27,1.19,1.20,14594
ENTER,20171221,27.14,27.14,26.40,26.50,1282
ERBUD,20171221,20.80,20.80,20.30,20.75,1499
ERG,20171221,58.10,58.20,56.50,58.20,1066
ERGIS,20171221,5.15,5.24,5.14,5.20,60482
ESOTIQ,20171221,23.60,24.20,23.33,24.10,4584
ETFDAX,20171221,532.00,532.00,523.00,523.00,32
ETFSP500,20171221,98.00,98.00,96.60,96.60,152
ETFW20L,20171221,295.00,295.00,293.01,293.20,250
EUCO,20171221,20.00,20.52,19.98,19.98,2205
EUROCASH,20171221,26.91,27.37,26.91,27.25,356059
EUROTEL,20171221,23.13,23.19,23.00,23.18,3671
EVEREST,20171221,0.68,0.68,0.65,0.65,422
FAMUR,20171221,6.09,6.19,6.00,6.19,1074380
FASTFIN,20171221,1.53,1.53,1.53,1.53,10
FEERUM,20171221,13.50,13.79,13.50,13.79,353
FERRO,20171221,16.49,16.70,16.35,16.60,1895
FERRUM,20171221,3.95,3.95,3.83,3.83,125
FORTE,20171221,47.89,48.20,46.80,46.80,36611
FORTUNA,20171221,29.00,29.00,29.00,29.00,1400
GEKOPLAST,20171221,15.13,15.13,15.11,15.13,796
GETBACK,20171221,18.29,19.70,18.06,18.68,379372
GETIN,20171221,1.38,1.38,1.34,1.37,906186
GETINOBLE,20171221,1.51,1.56,1.50,1.56,1562225
GINOROSSI,20171221,1.08,1.09,1.03,1.03,552355
GLCOSMED,20171221,2.16,2.16,2.16,2.16,409
GOBARTO,20171221,8.46,8.48,8.43,8.43,9565
GORENJE,20171221,25.95,25.95,25.95,25.95,1
GPRE,20171221,5.25,5.39,5.25,5.38,20160
GPW,20171221,44.46,44.47,44.00,44.45,8467
GRAVITON,20171221,0.58,0.58,0.58,0.58,601
GROCLIN,20171221,5.30,5.44,5.30,5.35,110382
GRODNO,20171221,12.00,12.20,11.00,11.97,5062
GRUPAAZOTY,20171221,69.20,70.25,69.20,69.60,9875
GTC,20171221,9.72,10.00,9.65,9.75,84212
HANDLOWY,20171221,77.50,78.80,77.50,78.41,21039
HARPER,20171221,0.85,0.85,0.79,0.80,16204
HELIO,20171221,10.92,11.00,10.70,10.70,724
HERKULES,20171221,3.22,3.29,3.20,3.29,9230
HUBSTYLE,20171221,0.65,0.65,0.53,0.53,62055
HYDROTOR,20171221,38.68,38.75,38.10,38.75,44
I2DEV,20171221,11.37,12.15,11.37,12.15,2937
IDEABANK,20171221,23.70,23.85,23.70,23.85,3085
IFCAPITAL,20171221,0.63,0.69,0.62,0.69,20573
IFIRMA,20171221,4.15,4.16,4.10,4.14,7462
IFSA,20171221,0.42,0.44,0.42,0.43,9523
IIAAV,20171221,8.50,8.65,8.50,8.65,69
IMCOMPANY,20171221,12.45,12.45,12.10,12.42,20482
IMMOBILE,20171221,3.79,3.80,3.73,3.80,2078
IMPEL,20171221,22.98,22.99,22.00,22.79,70
IMPERA,20171221,1.30,1.30,1.28,1.28,523
IMPEXMET,20171221,4.30,4.34,4.30,4.30,39453
INC,20171221,1.70,1.70,1.70,1.70,296
INDATA,20171221,1.40,1.54,1.26,1.48,304357
INDYKPOL,20171221,62.00,68.00,62.00,68.00,5983
INGBSK,20171221,212.00,212.30,204.55,210.50,99778
INSTALKRK,20171221,13.17,13.32,13.15,13.16,1940
INTERAOLT,20171221,11.67,11.79,11.60,11.70,2780
INTERCARS,20171221,302.00,306.00,298.10,306.00,19033
INTERFERI,20171221,3.79,3.79,3.55,3.70,9134
INTERSPPL,20171221,2.33,2.33,2.10,2.19,37020
INTLBCO20164,20171221,31.24,31.24,30.27,30.54,2001
INTLBMW03814,20171221,12.16,12.16,12.16,12.16,50
INTLDAX19711,20171221,39.00,39.18,38.50,38.50,550
INTLDAX19869,20171221,28.38,32.96,28.37,32.96,4847
INTLDBK16592,20171221,26.24,26.24,26.24,26.24,180
INTLDOW20040,20171221,168.10,168.10,168.10,168.10,6
INTLEUD19471,20171221,17.45,17.45,16.96,16.96,350
INTLEUR20339,20171221,25.25,25.25,25.25,25.25,100
INTLGLD18317,20171221,30.88,30.88,30.88,30.88,20
INTLKGH17293,20171221,23.67,23.67,23.67,23.67,56
INTLNAG20412,20171221,1.70,1.70,1.68,1.68,2000
INTLOPL18309,20171221,2.02,2.10,2.02,2.10,4156
INTLPGE17863,20171221,2.25,2.31,2.14,2.31,6458
INTLPGN18028,20171221,0.82,0.82,0.82,0.82,6000
INTLPKO20297,20171221,8.88,8.88,8.88,8.88,54
INTLPZU18796,20171221,4.91,4.92,4.49,4.75,9115
INTLPZU18903,20171221,3.01,3.01,3.01,3.01,3000
INTLSLV12054,20171221,12.39,12.39,12.39,12.39,100
INTLSPX17822,20171221,17.53,17.53,17.53,17.53,63
INTLUSD03731,20171221,10.95,11.16,10.95,11.16,170
INTLUSD03772,20171221,16.02,16.02,15.75,15.75,1010
INTLUSD05041,20171221,21.00,21.14,21.00,21.14,362
INTLVOW17137,20171221,24.57,24.57,24.57,24.57,45
INTLW2012484,20171221,10.73,10.73,10.73,10.73,467
INTLW2018614,20171221,2.79,2.79,2.79,2.79,367
INTLW2019521,20171221,1.72,1.74,1.72,1.74,20992
INTROL,20171221,5.53,5.53,5.51,5.51,691
INTSBCO09571,20171221,39.80,40.10,39.80,40.10,450
INTSBCO09944,20171221,16.70,17.83,16.70,17.83,110
INTSDAX18424,20171221,42.60,43.00,42.31,42.31,170
INTSDAX20255,20171221,31.00,31.88,28.50,28.91,1400
INTSDBK19000,20171221,17.00,17.00,17.00,17.00,19
INTSDOW20057,20171221,33.92,34.05,29.98,30.71,1536
INTSEUD05694,20171221,33.05,33.05,33.05,33.05,200
INTSEUD06080,20171221,21.28,21.55,21.28,21.55,230
INTSGLD00638,20171221,53.30,53.30,53.10,53.10,235
INTSHSC19885,20171221,16.06,16.06,16.06,16.06,46
INTSPKN20313,20171221,18.05,18.42,18.05,18.42,119
INTSPZU19638,20171221,9.76,10.13,9.76,10.13,1939
INTSPZU20131,20171221,13.56,13.73,13.56,13.73,1089
INTSSP520081,20171221,7.49,7.49,7.49,7.49,198
INTSUSD19257,20171221,23.01,23.01,22.34,22.81,835
INTSUSJ17509,20171221,12.61,12.61,12.61,12.61,25
INTSW2019596,20171221,4.29,4.30,4.29,4.30,1004
INTSW2019935,20171221,2.04,2.04,2.04,2.04,1460
INTSW2020222,20171221,1.07,1.07,0.88,0.94,28181
INTSW2020230,20171221,1.40,1.40,1.40,1.40,650
INVFIZ,20171221,911.50,911.50,911.50,911.50,1
INVGLDFIZ,20171221,1392.10,1392.10,1392.10,1392.10,6
INVISTA,20171221,1.25,1.25,1.25,1.25,306
INVPEFIZ,20171221,693.00,693.00,693.00,693.00,5
IPOPEMA,20171221,1.30,1.30,1.25,1.25,3904
ITMTRADE,20171221,3.01,3.01,2.91,2.98,185179
IZOBLOK,20171221,103.00,103.00,99.00,99.00,1362
IZOLACJA,20171221,1.99,1.99,1.99,1.99,1
IZOSTAL,20171221,5.40,5.40,5.35,5.35,150
JHMDEV,20171221,1.97,1.99,1.97,1.98,51426
JSW,20171221,96.25,98.10,95.00,95.98,158265
JWCONSTR,20171221,4.15,4.19,4.10,4.11,10168
JWWINVEST,20171221,1.73,1.75,1.68,1.68,6332
K2INTERNT,20171221,12.40,12.40,12.35,12.35,2
KANIA,20171221,1.51,1.57,1.46,1.49,193105
KBDOM,20171221,2.52,2.75,2.52,2.52,718
KCI,20171221,0.86,0.89,0.86,0.88,19729
KERNEL,20171221,48.29,48.40,47.80,48.00,89613
KETY,20171221,390.00,395.50,390.00,395.00,4892
KGHM,20171221,110.20,111.50,109.00,110.75,572547
KINOPOL,20171221,11.53,11.70,11.30,11.70,46714
KOGENERA,20171221,84.77,84.77,82.00,82.02,3516
KOMPAP,20171221,7.83,7.83,7.83,7.83,10
KOMPUTRON,20171221,5.78,5.78,5.60,5.70,12670
KONSSTALI,20171221,31.00,31.00,31.00,31.00,40
KOPEX,20171221,3.71,3.82,3.71,3.79,29107
KPPD,20171221,27.25,27.25,27.25,27.25,15
KRAKCHEM,20171221,2.13,2.13,2.05,2.12,1231
KREC,20171221,5.94,5.99,5.70,5.85,7017
KREDYTIN,20171221,19.90,20.00,18.23,19.50,516
KREZUS,20171221,1.53,1.58,1.50,1.58,825116
KRKA,20171221,234.00,236.00,230.00,236.00,27
KRUK,20171221,232.00,245.50,228.30,240.00,242467
KRUSZWICA,20171221,69.00,69.00,69.00,69.00,1
KRVITAMIN,20171221,4.15,4.15,3.90,3.91,1419
KSGAGRO,20171221,1.84,1.99,1.84,1.88,26073
LABOPRINT,20171221,14.15,14.80,14.15,14.80,1101
LARQ,20171221,15.99,15.99,15.85,15.85,39
LCCORP,20171221,2.82,2.84,2.78,2.83,544239
LENA,20171221,4.58,4.59,4.50,4.58,23605
LENTEX,20171221,7.62,7.64,7.56,7.60,11915
LIBET,20171221,1.83,1.83,1.78,1.78,2
LIVECHAT,20171221,39.09,39.45,39.00,39.45,31841
LOTOS,20171221,58.53,58.90,57.99,58.42,134021
LPP,20171221,9000.00,9079.70,8976.55,9020.00,1878
LSISOFT,20171221,12.55,12.80,12.53,12.79,11442
LUBAWA,20171221,0.88,0.89,0.87,0.89,259545
MABION,20171221,108.50,108.50,107.70,108.50,12118
MAKARONPL,20171221,5.30,5.30,5.15,5.15,1500
MANGATA,20171221,100.45,100.45,100.45,100.45,1
MARVIPOL,20171221,7.35,7.45,7.00,7.05,37429
MASTERPHA,20171221,3.01,3.01,2.96,3.00,23751
MAXCOM,20171221,21.11,21.66,20.80,21.66,58535
MBANK,20171221,486.00,486.00,476.20,479.00,8229
MBWS,20171221,50.60,52.10,50.60,52.10,41
MCI,20171221,9.10,9.52,9.10,9.41,76798
MDIENERGIA,20171221,4.00,4.05,3.90,4.02,731
MEDIACAP,20171221,2.05,2.06,1.89,2.00,37314
MEDICALG,20171221,199.50,199.50,194.35,198.00,2098
MENNICA,20171221,22.00,22.00,22.00,22.00,300
MERCATOR,20171221,15.97,15.98,15.50,15.90,2589
MERCOR,20171221,10.84,11.10,10.84,11.10,4656
MEXPOLSKA,20171221,4.09,4.20,3.85,3.97,14205
MFO,20171221,33.80,35.40,33.70,35.40,1506
MILKILAND,20171221,1.50,1.54,1.44,1.51,20995
MILLENNIUM,20171221,8.76,8.76,8.64,8.64,614698
MIRACULUM,20171221,2.22,2.22,2.19,2.19,5800
MIRBUD,20171221,1.12,1.14,1.11,1.13,319021
MLPGROUP,20171221,47.99,47.99,45.73,46.00,6564
MOJ,20171221,0.85,0.85,0.85,0.85,2711
MOL,20171221,39.04,39.04,39.04,39.04,40
MONNARI,20171221,7.95,7.96,7.60,7.65,63961
MORIZON,20171221,1.37,1.37,1.37,1.37,3
MOSTALPLC,20171221,10.00,10.00,9.50,9.50,2135
MOSTALWAR,20171221,4.87,4.88,4.72,4.79,33392
MOSTALZAB,20171221,0.67,0.68,0.64,0.67,390526
MUZA,20171221,3.39,3.39,3.35,3.35,100
MWTRADE,20171221,5.87,5.87,5.67,5.67,464
NANOGROUP,20171221,5.00,5.30,4.27,4.50,52940
NETIA,20171221,5.30,5.31,5.24,5.31,140828
NETMEDIA,20171221,9.30,9.30,9.08,9.25,1986
NEUCA,20171221,268.45,270.00,268.45,269.10,1254
NEWAG,20171221,17.24,17.24,16.20,16.35,28779
NORTCOAST,20171221,6.39,6.68,6.39,6.68,1502
NOVITA,20171221,49.31,49.31,49.31,49.31,8
NTTSYSTEM,20171221,2.21,2.21,2.11,2.19,1871
ODLEWNIE,20171221,3.38,3.38,3.37,3.37,2000
OEX,20171221,17.75,18.35,17.50,18.00,901
OPENFIN,20171221,1.35,1.38,1.32,1.36,14968
OPERA3GR,20171221,346.00,346.00,346.00,346.00,1
OPONEO.PL,20171221,39.60,39.98,39.60,39.70,204
OPTEAM,20171221,3.61,3.61,3.26,3.26,66625
ORANGEPL,20171221,5.94,6.11,5.90,6.05,2109477
ORBIS,20171221,92.00,92.00,91.44,91.44,94
ORION,20171221,66.14,66.14,66.12,66.12,4
ORZBIALY,20171221,12.20,12.30,12.05,12.30,2675
OTLOG,20171221,21.42,21.42,21.42,21.42,13
OTMUCHOW,20171221,2.81,3.02,2.81,3.02,12081
OVOSTAR,20171221,95.00,95.00,89.00,91.50,10208
PAMAPOL,20171221,0.99,0.99,0.97,0.97,7395
PANOVA,20171221,23.27,23.27,23.27,23.27,90
PBG,20171221,0.18,0.19,0.17,0.18,2495318
PBKM,20171221,66.80,66.80,66.10,66.79,7581
PCCEXOL,20171221,1.65,1.65,1.65,1.65,15009
PCCINTER,20171221,2.60,2.60,2.60,2.60,25
PCCROKITA,20171221,101.30,103.70,100.35,103.70,4747
PCM,20171221,28.95,28.95,28.86,28.89,4235
PEKABEX,20171221,9.40,9.77,9.40,9.77,959
PEKAO,20171221,129.90,130.00,128.50,129.25,285572
PEMANAGER,20171221,40.32,40.32,39.53,40.24,179
PEP,20171221,12.14,12.16,12.10,12.14,6895
PEPEES,20171221,1.37,1.37,1.36,1.37,4726
PFLEIDER,20171221,35.90,36.60,34.51,35.88,9476
PGE,20171221,12.16,12.21,11.86,12.03,1809618
PGNIG,20171221,6.10,6.10,6.01,6.02,2447528
PGO,20171221,4.69,4.69,4.69,4.69,10
PGSSOFT,20171221,14.25,14.92,14.25,14.92,22109
PHN,20171221,14.23,14.23,14.09,14.10,1196
PKNORLEN,20171221,108.25,111.00,108.20,110.85,444564
PKOBP,20171221,43.86,43.89,43.41,43.80,1540110
PKPCARGO,20171221,55.50,56.00,54.80,56.00,29513
PLASTBOX,20171221,2.22,2.22,2.17,2.22,13245
PLATYNINW,20171221,0.50,0.50,0.50,0.50,287
PLAY,20171221,33.48,33.86,33.47,33.60,596598
PLAYWAY,20171221,63.00,63.00,62.85,63.00,30446
PLAZACNTR,20171221,4.25,4.25,4.12,4.23,2912
PMPG,20171221,3.77,3.79,3.74,3.78,3230
POLICE,20171221,21.00,21.00,20.67,20.83,1296
POLIMEXMS,20171221,4.01,4.03,3.91,3.94,1336540
POLMED,20171221,2.36,2.36,2.36,2.36,1000
POLNORD,20171221,6.92,7.00,6.74,6.83,91344
POLWAX,20171221,11.08,11.08,10.62,10.95,43072
POZBUD,20171221,3.35,3.50,3.28,3.49,208751
PRAGMAFA,20171221,17.50,17.91,17.50,17.60,1233
PRAGMAINK,20171221,13.70,14.90,13.70,14.70,3773
PRAIRIE,20171221,1.41,1.43,1.38,1.43,46930
PRIMAMODA,20171221,5.27,5.27,5.27,5.27,140
PROCAD,20171221,1.48,1.56,1.41,1.56,25150
PROCHEM,20171221,20.48,20.48,20.30,20.48,292
PROCHNIK,20171221,0.48,0.49,0.46,0.48,445953
PROJPRZEM,20171221,15.20,15.20,15.00,15.20,342
PROTEKTOR,20171221,3.82,3.82,3.82,3.82,72
PULAWY,20171221,156.05,158.00,156.05,158.00,229
PZU,20171221,42.70,42.80,42.04,42.04,1910872
PZUAKORD,20171221,109.10,110.00,108.50,108.50,750
QMULTIFIZ,20171221,1051.10,1060.00,1051.10,1060.00,85
QUANTUM,20171221,14.30,14.60,14.30,14.60,547
QUMAK,20171221,1.65,1.73,1.50,1.55,147978
RADPOL,20171221,1.54,1.54,1.47,1.48,317294
RAFAKO,20171221,4.23,4.26,4.18,4.20,489078
RAFAKO-PDA,20171221,4.20,4.22,4.18,4.22,15337
RAINBOW,20171221,42.95,42.95,42.95,42.95,864
RANKPROGR,20171221,1.99,2.07,1.94,1.99,174482
RAWLPLUG,20171221,9.90,9.90,9.47,9.75,12057
RCFL2COCO,20171221,6.38,6.44,6.38,6.44,660
RCFL2COFF,20171221,4.51,4.56,4.51,4.56,400
RCFL3CCC,20171221,291.50,291.50,291.50,291.50,15
RCFL3COCO,20171221,5.31,5.31,5.00,5.00,5646
RCFL3COFF,20171221,3.14,3.14,3.13,3.13,1500
RCFL3COPP,20171221,25.36,25.36,25.36,25.36,40
RCFL3GOLD,20171221,30.37,30.37,30.20,30.22,9000
RCFL3KGH,20171221,11.97,12.23,11.97,12.23,2188
RCFL3OPL,20171221,13.40,13.40,13.40,13.40,5
RCFL3PGE,20171221,10.65,10.65,10.02,10.20,3798
RCFL3PGN,20171221,120.80,120.80,120.80,120.80,80
RCFL3PKO,20171221,50.75,50.75,50.75,50.75,40
RCFL3PZU,20171221,72.40,73.55,72.40,73.55,48
RCFL3SILVE,20171221,5.35,5.35,5.35,5.35,939
RCFL3SILVE2,20171221,9.10,9.36,9.10,9.36,950
RCFL3SUGA,20171221,2.23,2.23,2.23,2.23,16000
RCFL3TKAG,20171221,83.70,83.70,83.70,83.70,60
RCFL3TPE,20171221,128.20,128.80,128.20,128.80,100
RCFL3W20,20171221,102.00,102.50,102.00,102.40,59
RCFL4OIL,20171221,14.78,14.83,14.30,14.30,6071
RCFL4SILVE1,20171221,8.67,8.67,8.65,8.65,400
RCFS3FDX,20171221,11.75,11.75,11.75,11.75,200
RCFS3KGH,20171221,4.47,4.47,4.36,4.36,1090
RCFS3OIL,20171221,38.65,38.87,38.40,38.80,1574
RCFS3PKN,20171221,0.34,0.34,0.34,0.34,66200
RCFS3PKO,20171221,6.12,6.17,6.12,6.17,750
RCFS3PZU,20171221,5.46,5.46,5.46,5.46,2100
RCFS3SILVE,20171221,74.40,74.40,73.85,73.85,100
RCFS3TPE,20171221,26.64,26.64,26.64,26.64,18
RCFS3W20,20171221,27.77,27.93,27.50,27.50,279
RCFS4OIL,20171221,1.23,1.23,1.23,1.23,1996
RCGCOMB1120,20171221,1107.00,1107.00,1107.00,1107.00,1
RCGLDAOPEN,20171221,448.40,448.40,448.00,448.00,88
RCGSXS0420,20171221,943.00,943.00,943.00,943.00,20
RCGTECBSK0321,20171221,993.80,993.80,993.80,993.80,3
RCKAOAOPEN,20171221,67.90,67.90,67.90,67.90,153
RCSDGP0720,20171221,993.50,993.50,993.50,993.50,3
RCSILAOPEN,20171221,57.25,57.30,57.10,57.30,792
RCTLCOCO01,20171221,9.97,9.97,8.59,9.01,300
RCTLCOCO04,20171221,19.88,20.30,19.88,20.30,100
RCTLCOCO05,20171221,16.74,16.74,16.74,16.74,30
RCTLCOFF001,20171221,0.70,0.70,0.70,0.70,1000
REDAN,20171221,1.08,1.08,1.00,1.03,41355
REDWOOD,20171221,0.57,0.57,0.55,0.55,1643
RELPOL,20171221,7.43,7.43,7.43,7.43,655
REMAK,20171221,9.95,10.00,9.95,10.00,606
RESBUD,20171221,0.44,0.44,0.41,0.41,33198
ROBYG,20171221,3.63,3.65,3.62,3.65,374857
RONSON,20171221,1.44,1.44,1.44,1.44,7601
ROPCZYCE,20171221,24.98,25.00,24.15,24.80,2453
RUBICON,20171221,1.35,1.35,1.32,1.32,705
SANOK,20171221,44.15,45.00,44.15,45.00,5953
SANTANDER,20171221,23.61,23.61,23.61,23.61,22
SANWIL,20171221,0.88,0.89,0.85,0.85,10836
SARE,20171221,22.17,22.19,22.17,22.19,1357
SECOGROUP,20171221,16.90,17.30,16.90,17.30,392
SEKO,20171221,9.51,9.59,9.40,9.41,2312
SELENAFM,20171221,17.20,17.70,17.20,17.70,1100
SELVITA,20171221,55.98,55.98,55.00,55.80,23826
SERINUS,20171221,0.97,1.02,0.95,0.98,322694
SFINKS,20171221,1.51,1.51,1.43,1.45,129102
SILVANO,20171221,11.00,11.99,11.00,11.99,1199
SIMPLE,20171221,6.25,6.25,6.17,6.25,3970
SKARBIEC,20171221,28.17,28.17,27.20,27.34,8147
SKYLINE,20171221,0.74,0.74,0.74,0.74,1500
SLEEPZAG,20171221,7.00,7.00,6.81,6.81,2
SNIEZKA,20171221,73.00,74.80,73.00,74.00,2254
SOHODEV,20171221,2.42,2.44,2.42,2.42,6785
SOLAR,20171221,1.16,1.16,1.10,1.10,34150
SONEL,20171221,6.91,6.91,6.85,6.85,739
STALEXP,20171221,3.96,3.98,3.93,3.96,95607
STALPROD,20171221,503.75,503.80,501.00,503.40,1847
STALPROFI,20171221,14.91,15.00,14.66,15.00,1012
STELMET,20171221,15.01,15.50,14.90,15.00,31396
SUNEX,20171221,2.36,2.40,2.33,2.34,9888
SUWARY,20171221,9.98,9.98,9.97,9.97,2
SWISSMED,20171221,0.79,0.80,0.79,0.79,1225
SYGNITY,20171221,2.71,2.75,2.60,2.63,41115
SYNEKTIK,20171221,16.19,17.20,16.19,17.05,6550
SYNTHOS,20171221,4.86,4.89,4.86,4.88,730879
TALEX,20171221,19.30,19.30,19.24,19.24,73
TATRY,20171221,111.30,111.30,111.30,111.30,167
TAURONPE,20171221,3.06,3.08,3.04,3.04,1893347
TERMOREX,20171221,1.90,1.90,1.90,1.90,15
TESGAS,20171221,1.89,1.98,1.89,1.97,14167
TIM,20171221,6.74,6.74,6.56,6.56,1980
TORPOL,20171221,7.50,7.50,7.33,7.42,44409
TOYA,20171221,11.30,11.30,10.65,10.65,1140
TRAKCJA,20171221,7.23,7.30,7.07,7.20,234528
TRANSPOL,20171221,5.14,5.14,5.00,5.00,227
TRIGONPP,20171221,128.00,128.00,128.00,128.00,200
TRIGONPP4,20171221,125.00,125.00,125.00,125.00,78
TRIGONPP8,20171221,126.00,126.00,126.00,126.00,3
TRITON,20171221,3.26,3.38,3.26,3.27,200
TXM,20171221,2.45,2.45,2.31,2.40,6041
ULMA,20171221,73.85,73.85,70.00,73.00,110
UNIBEP,20171221,9.70,10.00,9.50,10.00,7228
UNICREDIT,20171221,67.61,68.00,67.60,68.00,133
UNIMA,20171221,3.08,3.10,3.08,3.10,110
UNIMOT,20171221,22.65,22.80,22.18,22.28,10233
UNIWHEELS,20171221,299.00,305.00,299.00,305.00,117
URSUS,20171221,3.94,3.94,3.83,3.91,409237
VENTUREIN,20171221,4.15,4.55,3.95,4.55,21058
VIGOSYS,20171221,319.00,319.00,311.00,311.00,962
VINDEXUS,20171221,9.40,9.49,8.87,9.30,35515
VISTAL,20171221,0.81,0.81,0.76,0.76,34981
VISTULA,20171221,4.31,4.42,4.31,4.42,197461
VIVID,20171221,2.38,2.40,2.17,2.29,57253
VOTUM,20171221,10.70,11.09,10.70,11.09,24602
VOXEL,20171221,15.78,15.78,15.78,15.78,50
WADEX,20171221,5.50,5.59,5.50,5.59,2691
WARIMPEX,20171221,5.92,5.95,5.89,5.89,1373
WASKO,20171221,2.25,2.32,2.18,2.32,111426
WAWEL,20171221,1005.50,1065.00,1005.50,1039.90,2100
WDX,20171221,14.59,14.59,14.51,14.53,2072
WIELTON,20171221,11.35,11.90,10.68,11.90,122184
WIKANA,20171221,1.00,1.01,1.00,1.01,735
WIRTUALNA,20171221,44.40,45.00,44.40,45.00,9623
WITTCHEN,20171221,19.50,19.50,19.50,19.50,2
WOJAS,20171221,5.17,5.19,5.02,5.19,7750
WORKSERV,20171221,4.22,4.33,4.20,4.22,92465
XTB,20171221,4.40,4.40,4.25,4.39,23430
YOLO,20171221,3.38,3.45,3.28,3.43,13585
ZAMET,20171221,0.98,1.03,0.95,1.03,27634
ZEPAK,20171221,14.98,15.25,14.92,15.19,17577
ZPUE,20171221,168.50,168.50,165.00,165.00,103
ZUE,20171221,6.62,6.62,6.01,6.49,1803
ZYWIEC,20171221,464.00,465.00,461.00,465.00,27
INVESTORMS,20171221,4497.73,4503.86,4497.73,4503.86,227893.016
MWIG40,20171221,4743.42,4772.00,4738.61,4772.00,209566.686
MWIG40TR,20171221,5813.71,5839.90,5813.71,5839.90,209566.686
RESPECT,20171221,3065.32,3068.25,3047.16,3059.33,324401.495
SWIG80,20171221,14355.66,14387.48,14337.22,14366.84,49212.740
SWIG80TR,20171221,16636.23,16636.23,16626.30,16630.16,49212.740
WIG,20171221,63367.88,63477.25,63157.84,63477.25,733526.129
WIG-BANKI,20171221,8421.71,8426.06,8380.19,8426.06,154474.643
WIG-BUDOW,20171221,2825.96,2837.46,2814.23,2834.47,18700.038
WIG-CEE,20171221,996.22,996.22,984.22,992.61,6118.244
WIG-CHEMIA,20171221,14986.79,15150.49,14986.79,15117.90,7413.110
WIG-ENERG,20171221,2983.89,2993.98,2942.56,2965.69,41507.168
WIG-GORNIC,20171221,4373.40,4397.33,4327.64,4377.80,79530.848
WIG-INFO,20171221,1966.84,1982.69,1960.23,1975.26,13585.751
WIG-LEKI,20171221,5570.31,5688.45,5512.43,5570.78,6773.817
WIG-MEDIA,20171221,4642.51,4654.81,4617.46,4644.86,1174.948
WIG-MOTO,20171221,5038.47,5112.62,5037.86,5112.62,7072.961
WIG-NRCHOM,20171221,2174.14,2191.31,2172.65,2183.10,8183.514
WIG-ODZIEZ,20171221,7544.84,7545.03,7474.64,7512.96,32186.931
WIG-PALIWA,20171221,7207.13,7304.89,7184.46,7293.13,72094.343
WIG-POLAND,20171221,64738.42,64900.84,64738.42,64900.84,725668.470
WIG-SPOZYW,20171221,3627.38,3643.47,3612.49,3640.31,8998.149
WIG-TELKOM,20171221,737.80,746.74,736.12,746.74,39348.650
WIG-UKRAIN,20171221,492.90,497.07,490.60,497.07,5835.666
WIG20,20171221,2460.57,2467.89,2450.37,2463.59,455111.000
WIG20LEV,20171221,807.85,812.66,801.16,809.84,455111.000
WIG20SHORT,20171221,3189.01,3202.24,3179.51,3185.09,455111.000
WIG20TR,20171221,4243.93,4252.99,4243.93,4252.99,455111.000
WIG30,20171221,2819.07,2824.78,2805.71,2823.13,587013.443
WIG30TR,20171221,4796.15,4811.21,4796.15,4811.21,587013.443
WIGDIV,20171221,1205.36,1208.53,1200.45,1205.87,331233.426
