11BIT,20170905,200.80,200.95,191.60,192.00,11670
4FUNMEDIA,20170905,8.80,9.19,8.32,8.68,16722
AATHOLD,20170905,19.24,19.24,19.24,19.24,256
ABCDATA,20170905,2.02,2.02,1.98,1.99,759850
ABMSOLID,20170905,12.40,12.40,12.10,12.10,10
ABPL,20170905,32.37,32.37,31.72,32.00,987
ACAUTOGAZ,20170905,42.45,42.45,42.45,42.45,50
ACTION,20170905,5.25,5.35,5.02,5.03,118142
ADIUVO,20170905,17.50,17.50,17.49,17.50,30210
AGORA,20170905,16.60,16.73,16.60,16.60,10389
AGROTON,20170905,6.25,6.25,5.98,6.01,29252
AILLERON,20170905,18.46,18.60,18.02,18.45,1105
AIRWAY,20170905,1.13,1.13,1.04,1.08,110503
ALCHEMIA,20170905,5.03,5.03,5.00,5.03,38858
ALIOR,20170905,66.32,67.29,65.43,66.00,116847
ALMA,20170905,0.73,0.75,0.73,0.73,22316
ALTA,20170905,3.35,3.45,3.20,3.22,12434
ALTUSTFI,20170905,16.30,16.34,16.10,16.32,5796
ALUMETAL,20170905,47.26,48.21,47.26,48.01,2655
AMBRA,20170905,10.95,10.95,10.83,10.83,1140
AMICA,20170905,161.00,161.00,159.50,160.00,3058
AMREST,20170905,363.20,369.60,363.20,365.00,9742
APATOR,20170905,29.03,29.24,29.00,29.17,60818
APLISENS,20170905,11.49,11.49,11.49,11.49,1
APSENERGY,20170905,3.89,3.89,3.89,3.89,299
ARCHICOM,20170905,15.39,15.39,15.19,15.25,315
ARCTIC,20170905,4.78,4.87,4.73,4.74,53113
ARKASWE17,20170905,104.50,106.90,104.50,106.90,1354
ARTERIA,20170905,8.18,8.18,8.16,8.16,131
ARTIFEX,20170905,13.68,13.68,13.10,13.50,720
ASBIS,20170905,2.64,2.68,2.64,2.64,101693
ASMGROUP,20170905,4.50,4.70,4.50,4.70,2095
ASSECOBS,20170905,27.01,27.80,27.01,27.80,251
ASSECOPOL,20170905,47.80,48.57,47.60,48.50,263720
ASSECOSEE,20170905,12.60,12.66,12.20,12.20,740
ASTARTA,20170905,62.45,63.47,62.00,62.00,1353
ATAL,20170905,40.25,40.47,40.00,40.00,826
ATENDE,20170905,4.90,5.00,4.59,4.87,262724
ATLANTAPL,20170905,4.70,4.70,4.70,4.70,105
ATLANTIS,20170905,0.65,0.66,0.65,0.66,27087
ATM,20170905,11.55,11.55,11.50,11.50,47
ATMGRUPA,20170905,4.16,4.16,4.08,4.16,930
AUTOPARTN,20170905,5.48,5.48,5.24,5.33,82386
AVIAAML,20170905,5.10,5.10,4.95,4.96,4834
AVIASG,20170905,19.41,19.41,19.41,19.41,1
AWBUD,20170905,6.58,6.69,6.50,6.62,7156
BALTONA,20170905,2.09,2.19,2.09,2.19,2098
BBIDEV,20170905,0.83,0.84,0.82,0.84,85439
BEDZIN,20170905,23.69,23.70,23.69,23.70,20
BENEFIT,20170905,1019.00,1019.00,1000.00,1008.95,66
BEST,20170905,33.31,33.95,33.30,33.95,689
BETACOM,20170905,11.76,11.76,11.70,11.70,53
BGZBNPP,20170905,67.40,67.40,65.02,66.50,270
BIK,20170905,17.59,17.59,17.59,17.59,2
BIOMEDLUB,20170905,1.05,1.05,1.03,1.04,52241
BIOTON,20170905,4.74,4.93,4.74,4.80,131417
BOGDANKA,20170905,76.77,78.85,76.77,78.80,19329
BORYSZEW,20170905,10.48,10.55,10.20,10.49,97834
BOS,20170905,11.77,11.86,11.13,11.44,134002
BOWIM,20170905,3.75,3.90,3.60,3.62,1500
BRASTER,20170905,13.31,13.51,13.31,13.41,13472
BRIJU,20170905,7.00,7.00,6.75,6.90,23644
BUDIMEX,20170905,231.00,232.50,231.00,232.50,3704
BUMECH,20170905,0.88,0.89,0.84,0.84,629309
BYTOM,20170905,2.71,2.71,2.62,2.62,272658
BZWBK,20170905,369.90,373.45,362.00,363.00,28873
CAPITAL,20170905,3.18,3.19,3.13,3.13,28468
CCC,20170905,288.00,294.25,287.10,287.10,84867
CDPROJEKT,20170905,85.30,86.61,82.32,83.80,230563
CDRL,20170905,29.75,29.75,29.09,29.75,415
CEZ,20170905,68.00,68.00,67.63,67.63,3409
CFI,20170905,0.76,0.79,0.75,0.78,252760
CHEMOS,20170905,1.34,1.34,1.24,1.26,323345
CIECH,20170905,65.50,65.96,64.03,64.35,106558
CIGAMES,20170905,1.03,1.05,1.02,1.05,731055
CITYSERV,20170905,9.36,9.42,9.36,9.42,3124
CLNPHARMA,20170905,36.22,36.25,35.63,35.81,20261
CNT,20170905,7.26,7.47,7.26,7.47,24
COALENERG,20170905,0.76,0.81,0.76,0.81,529
COGNOR,20170905,1.51,1.56,1.50,1.55,19744
COLIAN,20170905,3.28,3.28,3.22,3.23,15027
COMARCH,20170905,180.00,180.00,178.50,179.30,7476
COMP,20170905,61.79,61.79,61.79,61.79,9
CORMAY,20170905,2.77,2.77,2.72,2.73,73038
CPGROUP,20170905,5.64,5.64,5.19,5.64,102
CUBEITG,20170905,1.73,1.88,1.70,1.85,317585
CYFRPLSAT,20170905,26.79,26.80,26.13,26.46,342333
CZTOREBKA,20170905,0.70,0.70,0.67,0.70,3899
DEBICA,20170905,104.10,105.35,102.10,105.35,70
DECORA,20170905,10.50,10.55,10.26,10.26,888
DEKPOL,20170905,27.04,29.41,27.04,29.30,221
DELKO,20170905,10.33,10.33,10.33,10.33,10
DGA,20170905,5.30,5.30,5.01,5.01,2001
DINOPL,20170905,59.05,59.20,58.10,59.00,80663
DOMDEV,20170905,84.00,84.00,82.90,83.50,795
DREWEX,20170905,1.05,1.06,1.05,1.06,323
DROZAPOL,20170905,2.01,2.03,2.00,2.03,28110
ECHO,20170905,5.27,5.29,5.22,5.23,17915
EDINVEST,20170905,1.90,1.90,1.87,1.90,2370
EFEKT,20170905,26.70,26.70,26.50,26.60,121
EKOEXPORT,20170905,12.12,12.12,11.77,11.89,5449
ELBUDOWA,20170905,109.50,111.45,109.00,111.45,514
ELEKTROTI,20170905,11.97,11.97,11.90,11.94,33
ELEMENTAL,20170905,2.59,2.63,2.44,2.49,621717
EMCINSMED,20170905,9.88,9.88,9.88,9.88,1
EMPERIA,20170905,93.00,93.00,92.55,93.00,18858
ENAP,20170905,1.05,1.05,1.05,1.05,22640
ENEA,20170905,15.02,15.18,14.80,14.80,405698
ENELMED,20170905,11.75,12.00,11.75,12.00,576
ENERGA,20170905,13.72,13.94,13.50,13.79,937565
ENERGOINS,20170905,1.36,1.44,1.35,1.35,96770
ENTER,20170905,27.90,27.90,26.80,27.90,49
ERBUD,20170905,26.63,26.95,26.40,26.45,27474
ERG,20170905,63.48,63.48,62.22,62.22,56
ERGIS,20170905,6.02,6.02,5.91,5.91,9338
ESOTIQ,20170905,14.67,15.40,14.35,15.40,20783
ESSYSTEM,20170905,2.70,2.84,2.65,2.84,4701
ETFDAX,20170905,492.15,493.42,492.00,492.00,104
ETFSP500,20170905,89.98,89.98,89.18,89.50,605
ETFW20L,20170905,300.85,304.00,300.77,300.77,1690
EUCO,20170905,22.51,22.51,19.00,21.89,19710
EUROCASH,20170905,39.15,39.39,38.46,38.99,246023
EUROHOLD,20170905,1.76,1.78,1.76,1.78,523
EUROTEL,20170905,20.90,20.90,20.90,20.90,100
EVEREST,20170905,0.84,0.84,0.84,0.84,3763
FAM,20170905,3.58,3.79,3.58,3.71,2079
FAMUR,20170905,6.04,6.25,6.04,6.15,428449
FASING,20170905,19.50,20.20,19.50,20.00,1650
FASTFIN,20170905,1.55,1.55,1.55,1.55,46
FEERUM,20170905,15.95,15.95,15.94,15.95,19
FERRO,20170905,16.86,16.86,16.06,16.06,1008
FERRUM,20170905,4.63,4.78,4.62,4.63,36608
FON,20170905,0.28,0.28,0.27,0.28,354326
FORTE,20170905,73.52,73.94,72.30,73.10,1962
FORTUNA,20170905,23.52,24.40,23.47,24.40,752
FOTA,20170905,0.30,0.34,0.29,0.34,236036
GEKOPLAST,20170905,15.45,15.70,15.15,15.39,4367
GETBACK,20170905,26.00,28.60,26.00,27.10,185582
GETBACK-PDA,20170905,25.00,26.77,25.00,25.67,211299
GETIN,20170905,1.70,1.72,1.69,1.71,993321
GETINOBLE,20170905,1.29,1.32,1.29,1.31,875534
GINOROSSI,20170905,1.73,1.75,1.72,1.74,9887
GOBARTO,20170905,9.53,9.65,9.53,9.65,804
GORENJE,20170905,28.77,28.77,26.50,27.00,287
GPRE,20170905,4.83,4.83,4.78,4.79,2376
GPW,20170905,46.40,46.75,45.71,46.01,16239
GRAVITON,20170905,0.92,0.92,0.92,0.92,1
GROCLIN,20170905,9.50,9.50,9.36,9.38,6825
GRODNO,20170905,12.00,12.00,11.24,11.24,5532
GRUPAAZOTY,20170905,67.55,68.20,67.03,67.47,36651
GTC,20170905,10.00,10.10,9.76,9.80,242713
HANDLOWY,20170905,70.38,72.49,70.38,71.50,61909
HARPER,20170905,1.04,1.04,1.04,1.04,2
HELIO,20170905,15.85,15.85,15.50,15.60,351
HERKULES,20170905,3.98,3.98,3.90,3.92,5046
HUBSTYLE,20170905,1.01,1.01,1.00,1.01,44294
HYDROTOR,20170905,41.95,42.05,41.85,41.85,3095
HYPERION,20170905,0.41,0.42,0.39,0.41,144516
IDEABANK,20170905,26.30,26.35,26.30,26.30,154
IFCAPITAL,20170905,0.63,0.64,0.60,0.64,30154
IFIRMA,20170905,3.49,3.49,3.23,3.40,22907
IIAAV,20170905,9.62,9.66,9.60,9.65,300000
IMCOMPANY,20170905,10.59,10.90,10.55,10.79,4527
IMMOBILE,20170905,3.70,3.72,3.66,3.70,3694
IMPEL,20170905,24.47,24.47,23.22,23.89,102
IMPERA,20170905,1.64,1.64,1.62,1.62,154
IMPEXMET,20170905,4.45,4.49,4.45,4.45,71103
IMS,20170905,3.60,3.62,3.59,3.59,3550
INC,20170905,1.86,1.86,1.86,1.86,55
INDATA,20170905,0.43,0.45,0.43,0.44,161100
INDYKPOL,20170905,63.20,63.20,63.20,63.20,1
INGBSK,20170905,205.00,206.90,201.70,205.35,10671
INPRO,20170905,5.00,5.00,4.92,5.00,611
INSTALKRK,20170905,15.50,15.50,15.20,15.48,3050
INTERAOLT,20170905,12.15,12.15,11.71,12.05,11447
INTERCARS,20170905,285.95,293.00,281.25,291.25,20588
INTERSPPL,20170905,2.55,2.55,2.55,2.55,2
INTLADS13987,20170905,38.92,38.92,38.92,38.92,10
INTLBCO12674,20170905,55.80,55.80,55.80,55.80,51
INTLBCO19356,20170905,26.12,26.12,26.12,26.12,5
INTLBMW11031,20170905,11.52,11.52,11.52,11.52,87
INTLDAX12864,20170905,193.00,193.00,193.00,193.00,5
INTLDAX17038,20170905,56.80,56.80,56.60,56.60,200
INTLDAX17046,20170905,64.15,64.20,64.15,64.20,100
INTLDAX17418,20170905,36.62,36.62,34.09,34.09,230
INTLDAX17798,20170905,26.00,28.65,25.02,25.02,910
INTLDBK16824,20170905,10.99,10.99,10.99,10.99,20
INTLDBK16980,20170905,6.85,7.00,6.85,7.00,335
INTLEUD19471,20170905,23.77,23.77,23.77,23.77,560
INTLEUD19539,20170905,16.90,16.90,16.90,16.90,60
INTLEUD19547,20170905,18.84,18.84,18.84,18.84,50
INTLEUR17731,20170905,10.55,10.61,10.55,10.61,599
INTLEUR18739,20170905,17.15,17.15,17.15,17.15,56
INTLGLD09621,20170905,91.85,91.85,91.85,91.85,4
INTLGLD09746,20170905,107.60,109.00,107.00,109.00,309
INTLGLD12831,20170905,76.10,76.10,76.10,76.10,208
INTLGLD18317,20170905,61.90,62.10,60.60,61.85,1583
INTLKGH15024,20170905,67.35,69.45,67.35,69.45,200
INTLKGH16949,20170905,51.00,51.00,51.00,51.00,23
INTLKGH17293,20170905,46.11,46.11,46.11,46.11,12
INTLKGH17459,20170905,38.71,38.71,38.00,38.00,130
INTLKGH19182,20170905,33.62,33.92,30.82,30.92,1600
INTLKGH19372,20170905,27.75,29.41,25.86,25.86,2601
INTLKGH19554,20170905,24.30,24.30,24.30,24.30,25
INTLNAG19026,20170905,2.00,2.00,1.72,1.72,5008
INTLNDX18879,20170905,29.82,29.82,29.79,29.79,17
INTLNKX00315,20170905,228.80,228.80,228.80,228.80,7
INTLOPL18309,20170905,1.80,1.80,1.74,1.76,6170
INTLPEO12419,20170905,28.77,28.77,28.77,28.77,181
INTLPEO16402,20170905,40.07,40.07,40.07,40.07,150
INTLPEO16972,20170905,24.06,24.06,24.06,24.06,1000
INTLPEO17319,20170905,18.38,18.38,18.38,18.38,380
INTLPGE17863,20170905,4.84,4.84,4.84,4.84,250
INTLPGE19497,20170905,2.42,2.42,2.25,2.25,822
INTLPGN18028,20170905,1.77,1.77,1.77,1.77,6000
INTLPKN18259,20170905,32.08,32.08,32.08,32.08,120
INTLPKN18929,20170905,22.04,22.04,21.06,21.12,3999
INTLPKO15446,20170905,13.16,13.16,13.16,13.16,500
INTLPKO18812,20170905,5.60,5.60,5.42,5.42,4500
INTLPZU17103,20170905,21.13,21.13,21.13,21.13,122
INTLPZU17517,20170905,18.27,18.27,18.11,18.11,311
INTLPZU18903,20170905,9.50,9.50,9.50,9.50,75
INTLSLV10652,20170905,17.63,17.74,17.63,17.74,200
INTLSLV12054,20170905,18.82,18.82,18.82,18.82,18
INTLSLV12955,20170905,13.30,13.85,13.03,13.85,682
INTLSLV19489,20170905,9.23,9.40,9.17,9.40,7927
INTLSPX17848,20170905,18.01,18.01,18.01,18.01,100
INTLUSD03731,20170905,17.05,17.05,17.05,17.05,50
INTLUSD05041,20170905,26.73,26.73,26.73,26.73,2000
INTLUSD05611,20170905,12.22,12.29,10.88,10.92,1647
INTLUSJ16238,20170905,41.48,41.48,40.23,40.23,38
INTLW2012104,20170905,9.21,9.21,9.21,9.21,355
INTLW2017145,20170905,7.06,7.06,7.06,7.06,100
INTLW2018614,20170905,3.87,3.87,3.83,3.83,550
INTLW2018937,20170905,3.52,3.55,3.27,3.27,10500
INTLW2019224,20170905,3.00,3.05,2.98,2.98,6997
INTLW2019513,20170905,2.49,2.49,2.15,2.15,9780
INTROL,20170905,6.78,6.80,6.60,6.80,1325
INTSBCO11676,20170905,35.35,35.35,30.32,30.32,130
INTSBCO18606,20170905,23.38,23.38,21.00,21.00,350
INTSBMW17954,20170905,5.98,5.98,5.98,5.98,15
INTSDAX08342,20170905,74.50,76.40,74.50,76.40,70
INTSDAX18424,20170905,86.50,86.50,84.85,84.95,600
INTSDAX19265,20170905,30.70,30.70,30.70,30.70,100
INTSDAX19315,20170905,19.18,21.85,17.36,21.85,1677
INTSDOW18119,20170905,61.30,61.30,61.30,61.30,2000
INTSEUR17707,20170905,18.66,18.66,18.66,18.66,18
INTSGLD00638,20170905,31.61,32.20,31.61,32.20,60
INTSKGH00711,20170905,19.44,19.44,19.44,19.44,40
INTSKGH17988,20170905,30.50,32.78,29.92,32.78,420
INTSOPL11650,20170905,1.57,1.57,1.57,1.57,2500
INTSPEO18051,20170905,25.38,25.38,25.38,25.38,100
INTSPGE10272,20170905,3.50,3.50,3.50,3.50,638
INTSPKN18580,20170905,20.02,20.04,19.69,20.04,338
INTSSP519323,20170905,11.90,11.90,11.90,11.90,70
INTSUSD19455,20170905,18.42,18.64,17.40,18.30,185
INTSUSJ16915,20170905,46.46,46.46,46.46,46.46,9
INTSUSJ19349,20170905,23.80,23.80,23.80,23.80,300
INTSVOW19414,20170905,8.22,8.22,8.22,8.22,371
INTSW2003194,20170905,1.24,1.36,1.18,1.36,82946
INTSW2005884,20170905,1.70,1.70,1.70,1.70,1223
INTSW2005892,20170905,2.26,2.26,2.26,2.26,678
INTSW2019307,20170905,2.62,2.62,2.62,2.62,364
INTSW2019430,20170905,2.96,2.96,2.96,2.96,615
INVCEEFIZ,20170905,501.10,501.10,501.10,501.10,5
INVFIZ,20170905,910.00,910.00,910.00,910.00,3
INVISTA,20170905,1.32,1.32,1.32,1.32,52
IPOPEMA,20170905,1.47,1.47,1.47,1.47,13
IQP,20170905,0.30,0.30,0.28,0.30,2504
IZOBLOK,20170905,116.00,116.00,114.00,115.00,237
IZOLACJA,20170905,2.09,2.09,1.89,1.89,769
IZOSTAL,20170905,5.90,5.90,5.90,5.90,100
JHMDEV,20170905,1.96,1.96,1.90,1.94,9551
JSW,20170905,104.00,106.85,102.80,103.35,272741
JWCONSTR,20170905,4.71,4.77,4.71,4.71,6432
JWWINVEST,20170905,2.55,2.62,2.52,2.52,5217
K2INTERNT,20170905,15.40,15.40,15.15,15.39,1074
KANIA,20170905,1.55,1.57,1.55,1.57,32507
KBDOM,20170905,2.92,2.94,2.83,2.85,412
KCI,20170905,1.05,1.08,1.04,1.06,29976
KERNEL,20170905,62.00,62.22,61.50,62.05,47165
KETY,20170905,400.15,404.80,399.05,404.80,11181
KGHM,20170905,128.70,132.25,127.80,128.80,1486053
KGL,20170905,24.95,24.95,24.95,24.95,39
KINOPOL,20170905,10.60,10.60,10.50,10.50,162
KOGENERA,20170905,86.89,86.89,85.71,85.71,334
KOMPUTRON,20170905,6.05,6.15,6.04,6.14,7176
KONSSTALI,20170905,31.90,31.90,30.09,30.09,232
KOPEX,20170905,4.04,4.07,3.98,4.05,25051
KRAKCHEM,20170905,2.30,2.37,2.25,2.25,6853
KREC,20170905,6.69,6.69,6.69,6.69,2
KREDYTIN,20170905,25.24,25.50,25.00,25.50,922
KREZUS,20170905,0.93,0.96,0.89,0.91,296132
KRUK,20170905,340.80,340.80,333.00,339.00,26098
KRUSZWICA,20170905,73.50,73.50,73.10,73.10,59
KRVITAMIN,20170905,4.97,4.97,4.97,4.97,1
KSGAGRO,20170905,2.39,2.39,2.30,2.32,3526
LABOPRINT,20170905,11.65,11.77,11.00,11.00,3516
LARK,20170905,0.46,0.46,0.44,0.44,5013
LARQ,20170905,21.98,21.99,21.70,21.70,291
LCCORP,20170905,2.01,2.05,1.99,2.03,63926
LENA,20170905,4.05,4.05,4.03,4.03,13601
LENTEX,20170905,9.33,9.39,9.30,9.30,2411
LIBET,20170905,1.89,1.95,1.89,1.95,805926
LIVECHAT,20170905,50.79,50.79,50.00,50.20,18066
LOKUM,20170905,15.50,15.89,15.50,15.89,203
LOTOS,20170905,58.50,59.54,58.10,58.80,298809
LPP,20170905,8402.20,8520.00,8320.00,8323.00,974
LSISOFT,20170905,11.83,11.83,11.83,11.83,100
LUBAWA,20170905,0.99,0.99,0.97,0.97,386436
MABION,20170905,99.90,99.90,98.00,98.50,1076
MANGATA,20170905,103.00,105.75,103.00,104.00,193
MARVIPOL,20170905,12.10,12.30,12.10,12.30,10607
MASTERPHA,20170905,6.00,6.00,5.80,5.98,644
MAXCOM,20170905,53.88,53.90,53.65,53.65,216
MBANK,20170905,437.50,441.95,424.50,427.00,10461
MBWS,20170905,66.65,66.65,63.21,66.33,284
MCI,20170905,8.66,8.80,8.66,8.79,2093
MDIENERGIA,20170905,4.00,4.09,3.95,4.00,777
MEDIACAP,20170905,2.41,2.54,2.34,2.54,3886
MEDICALG,20170905,283.50,283.50,279.55,280.00,11171
MENNICA,20170905,18.55,18.60,18.55,18.60,30
MERCATOR,20170905,17.88,17.88,17.41,17.88,394
MERCOR,20170905,10.22,10.30,9.85,9.85,870
MEXPOLSKA,20170905,4.95,4.95,4.66,4.66,7879
MFO,20170905,33.16,34.28,33.16,34.28,1848
MILKILAND,20170905,1.80,1.85,1.79,1.79,11634
MILLENNIUM,20170905,7.17,7.24,7.15,7.21,344286
MIRACULUM,20170905,1.71,1.78,1.71,1.78,2206
MIRBUD,20170905,1.27,1.33,1.27,1.31,240043
MLPGROUP,20170905,47.95,47.95,47.95,47.95,1
MONNARI,20170905,8.40,8.47,8.26,8.44,37199
MORIZON,20170905,1.34,1.34,1.34,1.34,150
MOSTALPLC,20170905,12.82,12.82,11.58,12.00,580
MOSTALWAR,20170905,10.06,10.24,10.00,10.16,2286
MOSTALZAB,20170905,0.86,0.89,0.85,0.88,239611
MUZA,20170905,3.23,3.30,3.23,3.30,836
NETIA,20170905,3.88,3.88,3.83,3.85,26464
NETMEDIA,20170905,6.82,6.82,6.75,6.75,461
NEUCA,20170905,282.00,283.55,280.00,282.00,4329
NEWAG,20170905,16.55,16.55,16.30,16.53,977
NORTCOAST,20170905,8.68,8.68,8.68,8.68,13
NOVITA,20170905,48.20,48.20,48.00,48.00,192
NOWAGALA,20170905,2.00,2.01,2.00,2.01,3001
NTTSYSTEM,20170905,2.03,2.09,2.00,2.00,19792
ODLEWNIE,20170905,3.64,3.69,3.64,3.69,2240
OEX,20170905,19.69,20.00,19.69,20.00,2007
OPENFIN,20170905,1.88,1.88,1.88,1.88,2899
OPONEO.PL,20170905,48.90,49.00,47.12,48.40,4279
OPTEAM,20170905,6.20,6.20,6.20,6.20,146
ORANGEPL,20170905,5.62,5.67,5.42,5.56,7641815
ORBIS,20170905,82.87,82.87,82.00,82.00,613
ORION,20170905,66.50,66.50,59.86,64.00,56
ORZBIALY,20170905,12.80,12.80,12.43,12.70,131
OTLOG,20170905,21.35,21.35,21.01,21.01,5
OTMUCHOW,20170905,4.40,4.40,4.21,4.40,3447
PAGED,20170905,58.49,58.49,58.28,58.28,11
PAMAPOL,20170905,1.14,1.15,1.12,1.15,3150
PANOVA,20170905,22.50,23.40,21.90,21.90,1705
PATENTUS,20170905,1.16,1.16,1.15,1.15,9866
PBG,20170905,0.29,0.31,0.29,0.30,6146105
PBKM,20170905,55.56,56.30,55.32,56.30,2621
PCCEXOL,20170905,1.75,1.76,1.75,1.76,2515
PCCROKITA,20170905,90.60,91.66,90.50,91.60,3423
PCM,20170905,32.08,32.11,32.02,32.02,827
PEKAO,20170905,127.50,129.40,127.50,128.40,357896
PEMANAGER,20170905,52.98,52.99,52.10,52.98,236
PEP,20170905,15.64,16.00,15.25,15.40,4775
PEPEES,20170905,1.36,1.38,1.34,1.36,149556
PFLEIDER,20170905,42.80,42.87,41.01,42.01,92089
PGE,20170905,14.50,14.65,14.16,14.41,1070029
PGNIG,20170905,6.86,6.95,6.85,6.90,3152069
PGODLEW,20170905,5.50,5.50,5.50,5.50,120
PGSSOFT,20170905,11.10,11.70,11.10,11.70,5181
PHN,20170905,15.95,15.95,15.71,15.75,471
PKNORLEN,20170905,117.20,119.75,117.00,117.00,381057
PKOASZEWZ,20170905,99.00,99.00,99.00,99.00,450
PKOBP,20170905,36.63,36.93,36.26,36.51,972399
PKOSO,20170905,106.32,106.32,106.32,106.32,106
PKPCARGO,20170905,64.75,65.42,64.10,64.69,14985
PLASTBOX,20170905,2.28,2.28,2.24,2.27,4295
PLAY,20170905,36.30,36.43,36.01,36.20,353965
PLAYWAY,20170905,63.79,63.99,63.30,63.88,4711
PLAZACNTR,20170905,6.10,6.50,6.10,6.48,905
PMPG,20170905,3.54,3.65,3.53,3.59,1358
POLICE,20170905,21.45,21.50,21.45,21.50,104
POLIMEXMS,20170905,6.59,6.60,6.51,6.51,291125
POLMED,20170905,2.33,2.34,2.28,2.28,2790
POLNA,20170905,19.35,19.35,19.35,19.35,358
POLNORD,20170905,10.01,10.18,10.00,10.00,13573
POLWAX,20170905,13.90,13.90,13.86,13.90,4750
POZBUD,20170905,2.44,2.44,2.40,2.44,9371
PRAGMAFA,20170905,12.93,13.31,12.90,13.31,390
PRAGMAINK,20170905,9.20,9.30,9.20,9.30,755
PRAIRIE,20170905,1.50,1.60,1.50,1.59,189649
PRIMAMODA,20170905,4.73,4.76,4.73,4.76,193
PROCAD,20170905,1.46,1.46,1.45,1.45,60
PROCHEM,20170905,17.74,17.74,17.74,17.74,2
PROCHNIK,20170905,0.84,0.85,0.83,0.85,45491
PROJPRZEM,20170905,13.13,13.13,12.70,12.99,5159
PROTEKTOR,20170905,4.17,4.18,4.16,4.18,4701
PULAWY,20170905,181.80,182.00,177.25,180.00,189
PZU,20170905,48.86,49.51,48.58,48.85,1018375
PZUAKORD,20170905,112.70,112.70,112.70,112.70,180
QUANTUM,20170905,18.43,18.85,17.65,18.56,4234
QUERCUS,20170905,5.61,5.65,5.52,5.63,5428
QUMAK,20170905,1.33,1.34,1.29,1.29,104687
RADPOL,20170905,1.79,1.79,1.67,1.73,52194
RAFAKO,20170905,5.91,5.95,5.83,5.86,29902
RAFAMET,20170905,13.60,13.60,13.60,13.60,30
RAINBOW,20170905,38.51,38.51,38.44,38.44,1250
RANKPROGR,20170905,1.72,1.77,1.72,1.77,3500
RAWLPLUG,20170905,11.12,11.16,11.00,11.08,2611
RCBWTI10917,20170905,501.80,501.80,501.80,501.80,200
RCCRUAOPEN,20170905,7.54,7.69,7.54,7.69,13226
RCFL3ALR,20170905,195.20,195.20,195.20,195.20,100
RCFL3COCO,20170905,5.92,6.02,5.92,6.02,1001
RCFL3COFF,20170905,4.05,4.05,4.05,4.05,5200
RCFL3COPP,20170905,26.32,26.32,25.75,25.75,269
RCFL3DBK,20170905,2.03,2.03,1.97,1.97,1415
RCFL3ENG,20170905,448.30,448.30,424.50,424.50,40
RCFL3GOLD,20170905,36.20,36.20,35.83,36.20,533
RCFL3KGH,20170905,23.19,23.39,22.50,23.39,7621
RCFL3OIL,20170905,1.07,1.11,1.04,1.11,55285
RCFL3OIL2,20170905,122.30,125.00,122.30,125.00,1268
RCFL3OIL3,20170905,9.98,9.98,9.98,9.98,140
RCFL3OPL,20170905,12.40,12.66,12.00,12.66,2670
RCFL3PEO,20170905,33.42,34.34,33.42,34.10,15827
RCFL3PGE,20170905,20.74,20.74,20.74,20.74,5
RCFL3PZU,20170905,113.70,113.70,113.70,113.70,15
RCFL3SILVE,20170905,7.28,7.44,7.28,7.40,22427
RCFL3SOY,20170905,9.65,9.65,9.65,9.65,3000
RCFL3SUGA,20170905,2.30,2.30,2.30,2.30,20000
RCFL3W20,20170905,114.60,118.90,114.60,115.50,155
RCFL3WHT,20170905,5.45,5.52,5.42,5.42,23559
RCFL4OIL,20170905,7.00,7.14,7.00,7.14,7035
RCFS3CCC,20170905,13.71,14.26,13.71,14.26,1510
RCFS3COPP,20170905,2.55,2.55,2.55,2.55,7816
RCFS3DTE,20170905,4.82,4.82,4.82,4.82,400
RCFS3GOLD,20170905,93.05,93.05,93.05,93.05,5
RCFS3KGH,20170905,3.02,3.19,3.02,3.19,18091
RCFS3OIL,20170905,79.00,79.00,76.40,76.40,294
RCFS3OIL2,20170905,14.30,14.30,14.30,14.30,1000
RCFS3SILVE,20170905,57.75,59.15,57.75,59.15,58
RCFS3W20,20170905,26.30,26.30,25.29,26.14,1029
RCFS4OIL,20170905,3.10,3.19,3.08,3.08,68400
RCGBSH10520,20170905,1085.60,1085.60,1085.60,1085.60,115
RCGCOMB0221,20170905,1083.70,1083.70,1083.70,1083.70,74
RCGCOMB0417,20170905,985.00,985.00,985.00,985.00,21
RCGCOMB1120,20170905,1082.50,1083.20,1082.50,1083.20,225
RCGLDAOPEN,20170905,475.40,475.40,475.40,475.40,3
RCGNS010920,20170905,1072.80,1072.80,1072.80,1072.80,100
RCGXAU0322,20170905,985.90,985.90,985.90,985.90,100
RCSCRAOPEN,20170905,272.50,272.50,270.30,270.60,60
RCSFW2OPEN,20170905,80.15,80.20,79.85,79.85,2025
RCSILAOPEN,20170905,63.55,63.55,63.55,63.55,500
RCSUGAOPEN,20170905,3.08,3.08,3.08,3.08,3300
RCTLCOCO01,20170905,11.22,11.22,11.22,11.22,300
RCTLCOCO05,20170905,19.04,19.04,19.04,19.04,20
RCTLGOLD09,20170905,8.68,8.68,8.68,8.68,300
RCTLPEO001,20170905,2.45,2.45,2.35,2.35,10280
RCTLSUGA08,20170905,0.76,0.76,0.76,0.76,3000
RCTLWHT002,20170905,2.46,2.46,2.46,2.46,51
RCTSGOLD15,20170905,8.78,8.78,8.78,8.78,40
RCTSSILV13,20170905,1.12,1.12,1.12,1.12,750
RCTVBAOPEN,20170905,44.38,44.38,44.38,44.38,242
RCWHTAOPEN,20170905,4.65,4.65,4.65,4.65,10000
REDAN,20170905,1.58,1.58,1.50,1.55,7320
REDWOOD,20170905,0.92,0.92,0.91,0.91,162
RELPOL,20170905,7.62,7.62,7.40,7.40,1986
REMAK,20170905,18.17,18.17,18.17,18.17,2
RESBUD,20170905,0.64,0.65,0.61,0.64,16340
ROBYG,20170905,3.38,3.40,3.35,3.38,300211
RONSON,20170905,1.67,1.70,1.67,1.69,27174
ROPCZYCE,20170905,21.97,21.97,21.75,21.75,908
RUBICON,20170905,1.21,1.21,1.20,1.20,2841
SANOK,20170905,57.34,57.69,57.29,57.29,273
SANTANDER,20170905,23.00,23.01,22.92,23.01,225
SARE,20170905,20.80,21.40,20.80,21.40,528
SECOGROUP,20170905,19.21,20.00,19.20,20.00,428
SEKO,20170905,7.35,7.35,7.35,7.35,67
SELENAFM,20170905,17.20,17.20,17.20,17.20,900
SELVITA,20170905,50.99,51.75,49.00,51.60,2492
SERINUS,20170905,1.12,1.14,1.10,1.14,72436
SFINKS,20170905,2.07,2.11,2.03,2.09,17470
SIMPLE,20170905,6.40,6.50,6.40,6.50,1001
SKARBIEC,20170905,31.72,31.72,31.30,31.40,6614
SKOTAN,20170905,0.41,0.41,0.40,0.41,72924
SKYLINE,20170905,0.69,0.70,0.68,0.70,2525
SLEEPZAG,20170905,8.20,8.20,8.20,8.20,2
SOHODEV,20170905,1.90,1.92,1.86,1.86,34077
SOLAR,20170905,1.13,1.13,1.13,1.13,10
STALEXP,20170905,4.30,4.30,4.26,4.26,17042
STALPROD,20170905,504.00,505.00,499.00,501.50,6404
STELMET,20170905,21.80,21.80,21.80,21.80,134
SUNEX,20170905,2.98,2.98,2.87,2.97,13
SUWARY,20170905,10.25,10.85,10.25,10.85,1513
SWISSMED,20170905,0.99,0.99,0.99,0.99,64
SYGNITY,20170905,3.23,3.25,3.15,3.25,8684
SYNEKTIK,20170905,15.80,15.80,15.70,15.70,1763
SYNTHOS,20170905,4.76,4.87,4.76,4.87,653113
TALEX,20170905,18.85,18.85,18.23,18.23,132
TARCZYNSKI,20170905,10.00,10.00,9.80,9.80,6224
TATRY,20170905,115.00,115.00,114.00,115.00,355
TAURONPE,20170905,3.93,3.99,3.92,3.92,1713447
TERMOREX,20170905,1.95,1.99,1.95,1.99,388
TESGAS,20170905,2.99,2.99,2.84,2.96,3616
TIM,20170905,9.78,9.80,9.40,9.50,11212
TORPOL,20170905,12.00,12.14,11.95,11.95,22593
TOYA,20170905,8.70,8.70,8.38,8.70,285
TRAKCJA,20170905,13.03,13.19,12.95,13.08,15444
TRANSPOL,20170905,6.05,6.05,5.95,5.95,4692
TRIGONPP,20170905,138.80,138.80,138.80,138.80,1
TRIGONPP1,20170905,143.40,143.40,143.40,143.40,1
TRIGONPP2,20170905,139.00,139.00,139.00,139.00,1
TRIGONPP7,20170905,133.00,133.00,133.00,133.00,30
TRIGONPP8,20170905,137.00,137.00,137.00,137.00,1
TRITON,20170905,3.63,3.63,3.50,3.50,1178
TXM,20170905,2.93,2.94,2.93,2.94,1799
ULMA,20170905,72.41,72.41,72.41,72.41,2
UNIBEP,20170905,12.48,12.48,12.22,12.22,236
UNIMA,20170905,4.13,4.13,4.05,4.08,4612
UNIMOT,20170905,36.82,36.94,36.15,36.50,1390
UNIWHEELS,20170905,253.15,256.95,253.10,256.95,67
URSUS,20170905,4.16,4.19,4.11,4.12,110407
VIGOSYS,20170905,335.00,342.00,333.30,339.80,103
VINDEXUS,20170905,10.29,10.50,10.26,10.45,9288
VISTAL,20170905,5.83,5.83,5.65,5.75,4606
VISTULA,20170905,3.60,3.63,3.59,3.61,562651
VIVID,20170905,3.00,3.00,2.92,2.99,6930
VOTUM,20170905,9.40,9.40,8.86,9.39,7886
VOXEL,20170905,16.43,16.43,16.43,16.43,27
WADEX,20170905,5.30,5.32,5.30,5.32,1175
WARIMPEX,20170905,5.67,5.67,5.55,5.55,1552
WASKO,20170905,1.94,1.94,1.89,1.89,10363
WAWEL,20170905,989.75,994.00,985.00,990.00,284
WDX,20170905,8.20,8.28,8.00,8.10,3139
WIELTON,20170905,14.84,14.85,14.71,14.75,35185
WIKANA,20170905,1.40,1.40,1.40,1.40,3080
WINVEST,20170905,1.13,1.13,1.12,1.12,3974
WIRTUALNA,20170905,45.97,46.25,45.80,46.20,3357
WITTCHEN,20170905,16.06,16.06,16.06,16.06,2
WOJAS,20170905,4.83,4.83,4.83,4.83,104
WORKSERV,20170905,7.96,7.96,7.85,7.93,762
XTB,20170905,5.69,5.69,5.56,5.60,816
YOLO,20170905,3.59,3.59,3.50,3.59,902
ZEPAK,20170905,14.68,14.85,14.63,14.85,6554
ZPUE,20170905,254.00,254.00,254.00,254.00,2
ZUE,20170905,9.40,9.40,9.40,9.40,150
ZYWIEC,20170905,449.00,450.00,449.00,450.00,15
INVESTORMS,20170905,4973.15,4973.15,4962.96,4962.96,188250.996
MWIG40,20170905,4912.67,4925.38,4895.99,4910.33,107878.776
RESPECT,20170905,3258.42,3286.67,3246.28,3253.06,480590.761
SWIG80,20170905,15490.60,15495.10,15429.63,15441.32,25954.544
WIG,20170905,65191.33,65611.21,64898.15,64994.90,771099.072
WIG-BANKI,20170905,7609.96,7668.10,7556.70,7579.67,118161.738
WIG-BUDOW,20170905,3302.94,3307.02,3296.06,3302.96,8751.537
WIG-CEE,20170905,993.57,993.57,990.88,991.58,3758.166
WIG-CHEMIA,20170905,15369.43,15543.48,15331.80,15420.06,12999.878
WIG-ENERG,20170905,3554.70,3585.24,3501.68,3531.16,41757.397
WIG-GORNIC,20170905,5012.48,5118.53,4975.41,5000.41,224975.501
WIG-INFO,20170905,2152.50,2170.00,2142.06,2167.05,17289.978
WIG-LEKI,20170905,6022.81,6031.90,5964.17,5966.57,1724.480
WIG-MEDIA,20170905,4972.97,4985.32,4968.21,4976.76,614.750
WIG-MOTO,20170905,5343.23,5398.19,5294.99,5384.16,6457.592
WIG-NRCHOM,20170905,2154.80,2160.31,2137.30,2140.44,7247.875
WIG-ODZIEZ,20170905,7287.04,7353.37,7221.62,7221.62,36790.266
WIG-PALIWA,20170905,7802.22,7906.20,7787.20,7787.58,84625.850
WIG-POLAND,20170905,66888.49,66888.49,66331.16,66331.16,763727.981
WIG-SPOZYW,20170905,4245.87,4255.81,4224.86,4240.93,3973.576
WIG-TELKOM,20170905,758.67,761.93,750.69,754.47,64387.445
WIG-UKRAIN,20170905,603.91,603.91,596.85,598.58,3260.237
WIG20,20170905,2521.04,2550.74,2513.24,2517.45,603983.160
WIG20LEV,20170905,855.90,876.06,850.46,853.47,603983.160
WIG20SHORT,20170905,3102.32,3112.16,3065.73,3106.74,603983.160
WIG20TR,20170905,4375.85,4375.85,4326.57,4326.57,603983.160
WIG30,20170905,2911.79,2936.88,2896.45,2900.97,654978.671
WIG30TR,20170905,4976.41,4976.41,4924.99,4924.99,654978.671
WIGDIV,20170905,1279.19,1288.34,1276.02,1277.90,375727.478
