06MAGNA,20170302,0.61,0.68,0.61,0.66,278198
11BIT,20170302,193.50,193.50,189.00,190.90,6284
4FUNMEDIA,20170302,4.96,5.10,4.96,5.10,1212
AATHOLD,20170302,18.00,18.00,18.00,18.00,1
ABADONRE,20170302,5.69,6.25,5.51,5.90,4465
ABCDATA,20170302,2.45,2.45,2.38,2.38,133506
ABMSOLID,20170302,8.85,8.85,8.22,8.79,476
ABPL,20170302,36.00,38.00,36.00,38.00,99808
ACAUTOGAZ,20170302,40.70,41.30,40.70,40.90,3444
ACTION,20170302,4.28,4.40,4.28,4.32,43651
ADIUVO,20170302,28.00,28.00,27.51,27.51,202
AGORA,20170302,15.90,16.23,15.90,16.19,17057
AGROTON,20170302,6.23,6.25,6.05,6.10,62673
AILLERON,20170302,9.58,10.53,9.57,10.15,267173
AIRWAY,20170302,1.97,1.98,1.90,1.96,32930
ALCHEMIA,20170302,5.05,5.08,5.04,5.06,98672
ALIOR,20170302,68.00,68.68,66.75,68.27,306715
ALMA,20170302,1.35,1.35,1.31,1.32,65141
ALTA,20170302,3.54,3.54,3.23,3.54,795
ALTUSTFI,20170302,14.25,14.60,14.25,14.60,32301
ALUMETAL,20170302,62.95,63.10,62.40,62.51,9608
AMBRA,20170302,9.58,9.60,9.31,9.60,14078
AMICA,20170302,186.00,186.90,186.00,186.90,9812
AMREST,20170302,340.20,340.20,335.00,336.00,22518
APATOR,20170302,35.75,36.47,35.75,36.41,33645
APLISENS,20170302,14.44,14.44,14.44,14.44,2
APSENERGY,20170302,4.35,4.35,4.34,4.34,2
ARCHICOM,20170302,15.00,15.00,15.00,15.00,356
ARCTIC,20170302,5.50,5.53,5.46,5.47,103220
ARCUS,20170302,1.46,1.46,1.32,1.35,58227
ARKASWE17,20170302,96.60,96.70,96.50,96.70,497
ARTERIA,20170302,11.82,11.99,11.30,11.30,5068
ARTIFEX,20170302,22.85,22.85,22.55,22.55,21159
ASBIS,20170302,3.21,3.29,3.21,3.25,163594
ASMGROUP,20170302,5.35,5.35,5.35,5.35,1455
ASSECOBS,20170302,24.69,26.60,24.40,26.00,9299
ASSECOPOL,20170302,56.79,57.20,56.19,57.15,70149
ASSECOSEE,20170302,11.80,11.86,11.75,11.80,10922
ASSECOSLO,20170302,29.96,30.00,29.58,30.00,1266
ASTARTA,20170302,65.00,68.50,64.75,68.00,141729
ATAL,20170302,31.85,31.85,31.40,31.82,904
ATENDE,20170302,3.86,3.86,3.71,3.86,6819
ATLANTAPL,20170302,5.85,6.00,5.85,6.00,3062
ATLANTIS,20170302,0.96,1.04,0.82,0.84,2592993
ATM,20170302,11.30,11.30,11.29,11.29,38
ATMGRUPA,20170302,4.65,4.65,4.42,4.59,11044
ATREM,20170302,2.66,2.67,2.65,2.67,1610
AUTOPARTN,20170302,4.61,4.70,4.55,4.70,92419
AVIAAML,20170302,4.38,4.75,4.38,4.70,156175
AVIASG,20170302,19.89,19.89,19.42,19.88,58
AWBUD,20170302,6.37,6.41,6.37,6.41,1640
BALTONA,20170302,2.77,2.79,2.77,2.79,2041
BBIDEV,20170302,0.85,0.86,0.82,0.83,1227320
BEDZIN,20170302,26.49,26.49,26.49,26.49,10
BENEFIT,20170302,930.00,938.55,902.00,938.55,363
BEST,20170302,26.00,26.00,26.00,26.00,3365
BETACOM,20170302,10.97,11.40,10.97,11.20,1300
BGZBNPP,20170302,63.00,65.99,63.00,63.20,568
BIOMEDLUB,20170302,1.04,1.07,1.02,1.04,234564
BIOTON,20170302,7.39,7.48,7.39,7.39,38913
BMPAG,20170302,2.18,2.18,2.18,2.18,2
BOGDANKA,20170302,80.99,80.99,79.49,80.85,12251
BORYSZEW,20170302,11.95,11.97,11.88,11.94,84684
BOS,20170302,14.79,14.79,14.33,14.36,57138
BOWIM,20170302,4.51,4.65,4.51,4.60,2553
BRASTER,20170302,20.80,20.90,20.01,20.46,88172
BRIJU,20170302,29.65,30.50,28.90,29.00,20741
BSCDRUK,20170302,38.00,38.00,37.90,37.90,150
BUDIMEX,20170302,246.00,264.65,246.00,256.60,19955
BUMECH,20170302,0.90,0.93,0.90,0.92,547750
BYTOM,20170302,2.51,2.55,2.50,2.51,92310
BZWBK,20170302,363.30,366.45,359.85,364.35,66658
CALATRAVA,20170302,0.50,0.50,0.48,0.48,17681
CAPITAL,20170302,2.50,2.50,2.49,2.49,1480
CCC,20170302,229.45,230.50,227.15,229.45,109796
CDPROJEKT,20170302,74.50,75.94,73.00,73.68,227187
CDRL,20170302,26.98,27.10,25.90,27.10,457
CEZ,20170302,72.51,72.97,72.27,72.71,20976
CFI,20170302,0.81,0.81,0.79,0.79,606601
CHEMOS,20170302,1.42,1.43,1.38,1.42,10073
CIECH,20170302,80.00,80.05,76.73,78.20,181890
CIGAMES,20170302,2.74,2.79,2.72,2.72,446588
CITYSERV,20170302,9.22,9.22,8.32,8.32,12817
CLNPHARMA,20170302,33.45,33.93,33.35,33.80,48061
COALENERG,20170302,1.30,1.34,1.23,1.28,42112
COGNOR,20170302,1.91,1.96,1.90,1.93,9749
COLIAN,20170302,3.36,3.38,3.30,3.33,19700
COMARCH,20170302,211.00,225.00,211.00,224.85,14201
COMP,20170302,77.00,80.00,77.00,80.00,612
CORMAY,20170302,2.51,2.56,2.44,2.53,829289
CPGROUP,20170302,6.50,6.50,6.50,6.50,1
CUBEITG,20170302,5.81,5.97,5.70,5.80,7333
CYFRPLSAT,20170302,23.80,23.80,23.38,23.55,442153
CZTOREBKA,20170302,0.95,1.04,0.95,0.96,122673
DBW20S0817,20170302,106.30,106.30,106.30,106.30,500
DEBICA,20170302,97.52,97.52,96.60,96.60,203
DECORA,20170302,9.90,9.90,9.70,9.80,354
DEKPOL,20170302,13.10,13.10,13.10,13.10,134
DELKO,20170302,10.69,10.78,10.50,10.50,4985
DGA,20170302,3.89,3.89,3.60,3.77,9273
DOMDEV,20170302,69.50,69.79,68.51,68.60,4861
DREWEX,20170302,1.86,1.90,1.85,1.86,11938
DROP,20170302,2.63,2.65,2.50,2.60,15081
DROZAPOL,20170302,2.17,2.17,2.15,2.17,6086
ECHO,20170302,5.65,5.76,5.63,5.69,105960
EDINVEST,20170302,2.07,2.07,2.04,2.04,574
EFEKT,20170302,27.28,27.30,25.82,26.97,2860
EKOEXPORT,20170302,15.39,15.50,15.21,15.31,9245
ELBUDOWA,20170302,117.00,117.00,116.00,117.00,4283
ELEKTROTI,20170302,15.21,15.38,14.80,15.34,12774
ELEMENTAL,20170302,3.80,3.80,3.73,3.79,159152
ELKOP,20170302,0.73,0.80,0.69,0.80,5899480
ELZAB,20170302,17.00,17.60,17.00,17.60,655
EMPERIA,20170302,71.60,71.60,70.99,71.41,6893
ENAP,20170302,1.04,1.04,1.02,1.04,1022
ENEA,20170302,10.98,11.15,10.91,11.10,1406552
ENELMED,20170302,10.10,10.10,10.00,10.00,2
ENERGA,20170302,11.10,11.38,10.97,11.00,2536288
ENERGOINS,20170302,4.85,4.85,4.75,4.78,2347
ENTER,20170302,29.15,30.36,28.65,30.36,2582
ERBUD,20170302,31.51,31.70,31.00,31.70,1779
ERG,20170302,63.34,64.50,61.00,64.50,3055
ERGIS,20170302,6.27,6.32,6.23,6.31,24223
ESOTIQ,20170302,10.96,10.96,10.70,10.88,5643
ESSYSTEM,20170302,2.73,2.74,2.73,2.73,1644
ETFDAX,20170302,495.75,497.00,495.75,497.00,19
ETFSP500,20170302,99.59,100.09,99.55,99.93,5663
ETFW20L,20170302,266.64,267.00,263.40,266.11,2915
EUCO,20170302,37.20,37.20,36.61,36.99,1755
EUROCASH,20170302,33.37,33.97,33.19,33.70,886315
EUROHOLD,20170302,1.60,1.60,1.60,1.60,1000
EUROTEL,20170302,22.11,22.85,22.10,22.57,741
FAM,20170302,4.38,4.39,4.30,4.35,8784
FAMUR,20170302,5.25,5.28,5.00,5.25,338576
FASING,20170302,15.32,15.35,14.95,14.95,1799
FASTFIN,20170302,1.78,1.78,1.78,1.78,20
FEERUM,20170302,17.25,17.25,16.62,16.90,1646
FERRO,20170302,13.00,13.19,12.71,13.00,20864
FERRUM,20170302,3.85,4.15,3.85,4.08,70585
FON,20170302,1.21,1.46,1.10,1.46,975467
FORTE,20170302,83.91,86.00,83.01,85.39,6016
FORTUNA,20170302,16.20,16.20,16.20,16.20,6200
FOTA,20170302,1.26,1.38,1.14,1.25,1121038
GEKOPLAST,20170302,10.88,10.88,10.60,10.88,112
GETIN,20170302,1.57,1.60,1.54,1.56,3095589
GETINOBLE,20170302,2.22,2.28,2.18,2.25,8557110
GINOROSSI,20170302,2.10,2.11,2.09,2.09,181141
GLCOSMED,20170302,5.20,5.28,5.05,5.28,601
GOBARTO,20170302,6.75,6.80,6.70,6.79,4204
GORENJE,20170302,31.00,31.00,31.00,31.00,1
GPW,20170302,47.50,47.88,47.41,47.70,37884
GRAVITON,20170302,1.83,1.83,1.50,1.69,10509
GROCLIN,20170302,15.77,16.39,15.22,15.30,105145
GRODNO,20170302,5.91,5.91,5.91,5.91,2
GRUPAAZOTY,20170302,70.51,71.80,70.35,71.00,71390
GTC,20170302,8.25,8.38,8.20,8.32,49277
HANDLOWY,20170302,81.34,82.21,81.34,82.21,62351
HARPER,20170302,1.16,1.16,1.10,1.16,16710
HELIO,20170302,10.90,10.90,10.69,10.69,279
HERKULES,20170302,3.92,3.93,3.90,3.93,13495
HUBSTYLE,20170302,2.30,2.39,2.20,2.35,33957
HYDROTOR,20170302,39.48,39.48,38.49,38.87,161
HYPERION,20170302,3.49,3.49,3.40,3.40,285
IALBGR,20170302,13.37,14.00,13.10,13.49,216413
IDEABANK,20170302,26.52,26.61,25.50,25.60,192093
IFCAPITAL,20170302,0.80,0.84,0.80,0.82,198228
IFSA,20170302,0.46,0.55,0.45,0.55,2362160
IMCOMPANY,20170302,9.49,9.73,9.39,9.46,17595
IMMOBILE,20170302,3.48,3.48,3.45,3.45,911
IMPEL,20170302,25.00,25.00,24.80,24.80,128
IMPERA,20170302,1.34,1.34,1.33,1.33,1934
IMPEXMET,20170302,4.00,4.03,3.97,4.02,1144519
IMS,20170302,3.00,3.09,2.97,3.09,21587
INC,20170302,1.86,1.86,1.83,1.85,1580
INDATA,20170302,0.85,0.89,0.84,0.85,912940
INDYGO,20170302,0.77,0.78,0.71,0.74,93579
INDYKPOL,20170302,59.12,60.00,59.12,59.78,36
INGBSK,20170302,182.10,184.20,181.50,181.50,3580
INPOST,20170302,10.02,10.26,10.00,10.22,13155
INPRO,20170302,4.48,4.48,4.28,4.34,1533
INSTALKRK,20170302,13.20,13.27,13.10,13.27,368
INTEGERPL,20170302,42.80,44.00,42.80,43.90,58279
INTERAOLT,20170302,14.95,14.95,14.90,14.95,1122
INTERBUD,20170302,0.98,0.98,0.93,0.98,9268
INTERCARS,20170302,327.90,328.00,322.00,323.30,1810
INTERFERI,20170302,4.22,4.30,4.16,4.16,2350
INTERSPPL,20170302,2.24,2.44,2.23,2.40,74325
INTLADS17350,20170302,14.41,14.41,14.41,14.41,1740
INTLBCO12567,20170302,97.20,97.20,97.20,97.20,12
INTLBCO13235,20170302,67.50,67.50,67.50,67.50,100
INTLBCO14084,20170302,54.60,54.60,54.60,54.60,30
INTLBCO16659,20170302,43.90,43.90,42.30,42.30,163
INTLBCO16857,20170302,26.91,26.91,23.50,23.79,1090
INTLBCO16923,20170302,18.99,18.99,16.47,16.88,1224
INTLBND11098,20170302,53.25,53.25,53.25,53.25,20
INTLBND14357,20170302,32.28,32.28,32.28,32.28,300
INTLDAX17038,20170302,58.35,58.35,58.35,58.35,10
INTLDAX17418,20170302,39.50,39.50,39.50,39.50,40
INTLDAX17798,20170302,30.42,31.20,30.42,30.55,438
INTLDBK15974,20170302,40.39,40.39,40.39,40.39,64
INTLDBK17343,20170302,17.82,17.82,17.82,17.82,166
INTLDOW17806,20170302,130.40,130.40,130.40,130.40,18
INTLEUD16493,20170302,21.56,21.56,21.56,21.56,297
INTLGLD09746,20170302,97.80,97.80,97.80,97.80,20
INTLGLD11726,20170302,113.40,113.40,113.40,113.40,15
INTLGLD12831,20170302,63.75,63.75,59.90,62.15,371
INTLHSC15685,20170302,18.82,18.82,18.82,18.82,100
INTLKGH17293,20170302,48.89,48.89,47.39,47.39,300
INTLKGH17525,20170302,23.87,23.87,23.87,23.87,200
INTLKGH17871,20170302,19.61,19.61,19.00,19.00,358
INTLNAG13185,20170302,1.98,2.10,1.98,2.10,12000
INTLNAG18036,20170302,4.05,4.05,4.00,4.00,830
INTLNKX17061,20170302,117.90,117.90,117.90,117.90,28
INTLOPL14514,20170302,0.81,0.81,0.65,0.65,13294
INTLPEO12419,20170302,40.20,40.20,40.20,40.20,83
INTLPEO16972,20170302,36.12,36.12,36.12,36.12,18
INTLPGE15628,20170302,3.85,3.85,3.85,3.85,1000
INTLPGE17277,20170302,3.30,3.33,3.30,3.33,890
INTLPGE17863,20170302,2.81,2.83,2.68,2.78,18140
INTLPGN17467,20170302,1.47,1.47,1.47,1.47,1000
INTLPKN15958,20170302,33.95,33.95,33.95,33.95,180
INTLPKN16303,20170302,30.10,30.10,30.10,30.10,320
INTLPKN17947,20170302,16.73,16.73,16.73,16.73,200
INTLPKO15446,20170302,12.50,12.50,12.50,12.50,110
INTLPKO17541,20170302,7.96,7.96,7.63,7.63,398
INTLPKO17889,20170302,6.00,6.00,6.00,6.00,1000
INTLPZU17285,20170302,7.75,7.86,7.75,7.86,700
INTLPZU17939,20170302,4.84,4.84,4.84,4.84,40
INTLSLV12955,20170302,18.69,18.69,18.69,18.69,1550
INTLSLV13706,20170302,14.16,14.16,14.14,14.14,1200
INTLUSD16535,20170302,21.85,22.95,21.85,22.95,227
INTLUSD17749,20170302,16.99,17.76,16.99,17.76,310
INTLUSJ16543,20170302,43.76,43.76,43.76,43.76,915
INTLUSJ16907,20170302,29.00,29.00,29.00,29.00,62
INTLUSJ17087,20170302,22.00,22.00,22.00,22.00,80
INTLVOW17368,20170302,7.70,7.70,7.70,7.70,200
INTLW2012104,20170302,6.55,6.55,6.55,6.55,550
INTLW2012112,20170302,7.22,7.22,7.22,7.22,294
INTLW2014621,20170302,6.04,6.04,6.04,6.04,1000
INTLW2016774,20170302,5.53,5.53,5.53,5.53,632
INTLW2017426,20170302,3.31,3.31,3.31,3.31,150
INTLW2017574,20170302,2.75,2.75,2.75,2.75,2000
INTLW2017582,20170302,3.27,3.27,3.27,3.27,419
INTLW2017699,20170302,2.77,2.77,2.77,2.77,300
INTLW2017764,20170302,2.04,2.04,1.70,1.70,26632
INTLW2017772,20170302,2.20,2.30,2.05,2.05,8650
INTLW2017780,20170302,2.41,2.52,2.28,2.28,4600
INTLW2017905,20170302,1.78,1.80,1.47,1.61,76638
INTROL,20170302,7.85,7.85,7.85,7.85,733
INTSADS16071,20170302,12.66,12.66,12.66,12.66,30
INTSBCO09589,20170302,103.40,103.40,103.40,103.40,333
INTSBCO09761,20170302,71.75,75.25,71.75,75.25,18
INTSBCO09944,20170302,59.00,59.00,59.00,59.00,50
INTSBCO10181,20170302,50.00,50.00,50.00,50.00,40
INTSBCO11353,20170302,34.89,39.48,34.89,38.54,357
INTSBCO11676,20170302,24.60,27.65,24.60,26.75,867
INTSDAX07757,20170302,24.73,24.73,24.73,24.73,4
INTSDAX07955,20170302,46.78,46.78,45.91,45.91,123
INTSDAX17616,20170302,13.31,14.50,13.14,13.84,2370
INTSDOW16485,20170302,31.61,31.61,31.61,31.61,16
INTSDOW17434,20170302,78.30,78.30,78.30,78.30,50
INTSESX07872,20170302,8.48,8.48,8.48,8.48,75
INTSEUD17210,20170302,27.08,27.08,27.08,27.08,147
INTSEUR12500,20170302,36.92,36.92,36.92,36.92,30
INTSEUR14589,20170302,29.93,29.93,29.93,29.93,205
INTSGLD16634,20170302,37.07,37.07,37.07,37.07,80
INTSKGH00711,20170302,22.20,23.99,22.20,23.99,352
INTSKGH17988,20170302,34.53,34.53,34.53,34.53,99
INTSOPL05967,20170302,8.89,8.89,8.89,8.89,120
INTSOPL11650,20170302,2.54,2.54,2.54,2.54,650
INTSPKN17335,20170302,13.50,13.50,12.41,12.41,256
INTSPKO02741,20170302,8.34,8.70,8.34,8.70,2000
INTSPKO05447,20170302,5.29,5.78,5.29,5.78,1750
INTSSLV02584,20170302,17.17,17.17,17.17,17.17,1170
INTSSLV15222,20170302,13.37,13.45,13.37,13.45,130
INTSSLV15925,20170302,6.74,6.74,6.74,6.74,250
INTSSPX17855,20170302,8.42,8.46,8.40,8.40,842
INTSUSD17665,20170302,13.97,13.97,13.97,13.97,70
INTSW2000737,20170302,2.31,2.35,2.10,2.10,5300
INTSW2003194,20170302,4.87,4.87,4.87,4.87,205
INTSW2008748,20170302,1.82,1.83,1.77,1.83,5729
INTSW2009217,20170302,1.21,1.35,1.04,1.26,99267
INVCEEFIZ,20170302,456.10,456.10,456.10,456.10,22
INVFIZ,20170302,920.00,920.00,920.00,920.00,1
INVGLDFIZ,20170302,1480.00,1480.00,1480.00,1480.00,3
INVISTA,20170302,1.26,1.26,1.26,1.26,15
INVPEFIZ,20170302,720.00,720.00,713.10,720.00,33
IPOPEMA,20170302,2.00,2.00,1.95,2.00,1463
IZOBLOK,20170302,189.00,198.00,187.00,190.50,1440
IZOLACJA,20170302,1.66,1.76,1.66,1.73,12610
IZOSTAL,20170302,6.30,6.40,6.20,6.40,1022
JHMDEV,20170302,1.61,1.65,1.57,1.61,55710
JSW,20170302,74.00,75.80,73.50,75.00,1267728
JWCONSTR,20170302,4.79,4.87,4.78,4.85,212188
K2INTERNT,20170302,14.85,14.85,14.37,14.63,4702
KANIA,20170302,2.15,2.28,2.15,2.26,244461
KBCASFIZ,20170302,114.51,115.56,114.51,115.56,189
KBDOM,20170302,3.33,3.65,3.33,3.41,7055
KCI,20170302,0.78,0.78,0.74,0.75,18726
KERNEL,20170302,79.00,79.20,78.27,78.30,62714
KETY,20170302,420.00,422.95,404.70,407.55,6143
KGHM,20170302,131.95,132.30,129.10,130.20,735251
KGL,20170302,29.80,30.90,28.50,29.99,1683
KINOPOL,20170302,12.55,12.70,12.55,12.55,373
KOGENERA,20170302,90.87,92.50,89.60,92.49,381
KOMPAP,20170302,7.47,7.47,7.47,7.47,1300
KOMPUTRON,20170302,6.24,6.30,6.10,6.20,12643
KONSSTALI,20170302,39.99,39.99,39.99,39.99,228
KOPEX,20170302,4.10,4.12,3.95,4.06,189347
KRAKCHEM,20170302,3.20,3.20,3.19,3.19,120
KREC,20170302,6.15,6.38,6.13,6.38,344
KREDYTIN,20170302,22.01,22.49,22.01,22.49,571
KREZUS,20170302,1.67,1.82,1.65,1.77,350925
KRUK,20170302,238.00,242.85,235.00,236.50,40325
KRUSZWICA,20170302,59.97,59.97,58.80,59.30,1243
KRVITAMIN,20170302,7.25,7.26,7.05,7.26,1659
KSGAGRO,20170302,3.10,3.14,3.01,3.09,48914
LABOPRINT,20170302,10.05,10.05,9.86,10.05,18
LARK,20170302,0.83,0.86,0.83,0.85,4250
LARQ,20170302,13.42,13.42,12.87,12.87,28105
LCCORP,20170302,2.10,2.11,2.07,2.10,198867
LENA,20170302,4.14,4.18,4.14,4.18,10561
LENTEX,20170302,10.35,10.38,10.26,10.38,24639
LIBET,20170302,1.72,1.78,1.67,1.78,32188
LIVECHAT,20170302,51.05,52.39,51.05,51.50,19877
LMBSFIZ,20170302,1329.90,1339.90,1329.90,1339.90,8
LMDSFIZ,20170302,1311.70,1311.70,1311.70,1311.70,7
LOKUM,20170302,13.70,13.76,13.60,13.76,203
LOTOS,20170302,50.70,51.00,50.47,51.00,307280
LPP,20170302,5899.95,5989.95,5830.00,5980.00,3259
LSISOFT,20170302,10.87,10.98,10.87,10.98,6349
LUBAWA,20170302,1.27,1.27,1.24,1.27,254039
MABION,20170302,103.20,103.20,101.00,101.10,1688
MAKARONPL,20170302,6.35,6.35,6.35,6.35,145
MANGATA,20170302,114.00,115.00,112.00,115.00,1524
MARVIPOL,20170302,12.87,12.87,12.42,12.45,17594
MASTERPHA,20170302,6.50,6.50,6.26,6.35,2876
MBANK,20170302,419.45,423.80,400.05,401.70,72751
MBWS,20170302,66.00,66.00,66.00,66.00,1
MCI,20170302,8.48,8.50,8.36,8.40,7698
MCLOGIC,20170302,40.50,40.50,40.50,40.50,575
MDIENERGIA,20170302,3.75,3.79,3.65,3.77,28863
MEDIACAP,20170302,2.65,2.65,2.60,2.61,13843
MEDIATEL,20170302,0.71,0.71,0.71,0.71,668
MEDICALG,20170302,339.95,341.00,338.30,338.80,7006
MENNICA,20170302,16.90,16.90,16.90,16.90,100
MERCATOR,20170302,20.67,20.74,20.35,20.69,17788
MERCOR,20170302,11.84,11.84,11.55,11.60,25456
MEXPOLSKA,20170302,8.10,8.10,8.00,8.09,6075
MFO,20170302,32.21,32.95,31.50,32.00,1823
MILKILAND,20170302,2.44,2.54,2.40,2.46,28219
MILLENNIUM,20170302,7.15,7.15,6.94,7.01,696679
MIRACULUM,20170302,2.29,2.29,2.16,2.16,16062
MIRBUD,20170302,1.61,1.62,1.55,1.56,1413766
MOJ,20170302,0.93,1.00,0.84,0.97,43362
MOL,20170302,296.70,296.70,294.75,294.75,36
MONNARI,20170302,9.05,9.19,8.91,9.19,120128
MOSTALPLC,20170302,13.97,14.11,13.60,13.80,4653
MOSTALWAR,20170302,12.75,12.99,12.65,12.75,20817
MOSTALZAB,20170302,1.34,1.35,1.31,1.31,230236
MUZA,20170302,3.85,3.85,3.84,3.84,733
MWTRADE,20170302,11.03,11.34,11.03,11.34,150
NETIA,20170302,4.57,4.59,4.50,4.53,111055
NETMEDIA,20170302,6.53,6.60,6.53,6.60,450
NEUCA,20170302,398.00,398.00,393.35,394.10,6384
NEWAG,20170302,17.34,17.34,17.00,17.29,7720
NOVITA,20170302,59.00,59.00,59.00,59.00,38
NOWAGALA,20170302,1.47,1.48,1.47,1.48,3643
NTTSYSTEM,20170302,3.01,3.07,3.01,3.06,5317
ODLEWNIE,20170302,4.80,4.85,4.79,4.80,1700
OPENFIN,20170302,1.80,1.80,1.78,1.80,19906
OPONEO.PL,20170302,50.29,50.49,49.50,49.64,15137
OPTEAM,20170302,7.82,7.84,7.80,7.82,910
ORANGEPL,20170302,4.71,4.84,4.68,4.70,6062631
ORBIS,20170302,82.00,85.55,81.03,84.70,4864
ORION,20170302,81.08,81.08,78.58,80.95,6
ORZBIALY,20170302,9.70,9.81,9.70,9.81,6423
OTLOG,20170302,25.00,25.29,24.99,25.10,3165
OTMUCHOW,20170302,4.60,4.60,4.60,4.60,400
PAGED,20170302,53.12,54.70,53.12,54.10,3715
PAMAPOL,20170302,1.49,1.53,1.49,1.50,62163
PANOVA,20170302,24.63,25.00,24.63,24.90,825
PATENTUS,20170302,0.81,0.87,0.78,0.87,51933
PBG,20170302,3.23,4.00,3.23,4.00,596916
PBKM,20170302,57.73,57.98,56.01,57.98,550
PCCEXOL,20170302,1.71,1.71,1.62,1.71,22971
PCCINTER,20170302,2.45,2.45,2.36,2.36,2020
PCCROKITA,20170302,70.00,70.50,69.15,69.99,20371
PCM,20170302,31.48,31.50,30.50,31.00,53758
PEKABEX,20170302,11.15,11.15,10.80,10.80,505
PEKAO,20170302,144.00,145.20,143.00,144.40,435307
PELION,20170302,58.20,59.50,58.20,58.58,1399
PEMANAGER,20170302,51.00,51.00,50.80,50.80,88
PEP,20170302,15.64,15.80,14.50,15.00,208680
PEPEES,20170302,1.25,1.25,1.24,1.24,2474
PETROLINV,20170302,8.40,8.44,8.12,8.17,53730
PFLEIDER,20170302,44.50,45.25,44.10,44.22,25320
PGE,20170302,12.05,12.25,12.04,12.24,4691982
PGNIG,20170302,6.35,6.43,6.25,6.33,4967535
PGODLEW,20170302,6.05,6.05,5.80,6.05,4011
PGSSOFT,20170302,14.67,14.70,14.20,14.70,1417
PHN,20170302,17.59,17.65,17.45,17.65,1271
PKNORLEN,20170302,96.49,97.92,95.18,95.40,1154900
PKOBP,20170302,35.42,35.70,34.78,35.39,2366398
PKOGS,20170302,107.64,107.99,107.50,107.90,328
PKPCARGO,20170302,57.65,57.95,57.18,57.21,37618
PLASTBOX,20170302,2.29,2.30,2.26,2.29,17329
PLATYNINW,20170302,0.90,0.95,0.90,0.91,17327
PLAYWAY,20170302,58.00,62.70,58.00,61.80,29683
PLAZACNTR,20170302,9.20,9.25,9.00,9.19,5256
PMPG,20170302,3.38,3.38,3.18,3.38,16867
POLICE,20170302,20.88,20.88,20.60,20.76,3843
POLIMEXMS,20170302,8.13,8.79,8.06,8.79,4133701
POLMED,20170302,2.81,2.81,2.75,2.79,1479
POLNA,20170302,20.01,20.01,20.01,20.01,82
POLNORD,20170302,8.30,8.32,8.21,8.27,69107
POLWAX,20170302,16.92,16.92,16.41,16.49,26239
POZBUD,20170302,3.10,3.10,3.00,3.05,32634
PRAGMAFA,20170302,13.99,13.99,13.99,13.99,3
PRAGMAINK,20170302,10.13,10.13,9.80,9.81,2289
PRAIRIE,20170302,1.53,1.62,1.45,1.48,782671
PRIMAMODA,20170302,3.59,3.60,3.58,3.60,4802
PROCAD,20170302,1.60,1.60,1.58,1.58,2065
PROCHEM,20170302,18.20,18.20,18.19,18.19,2
PROCHNIK,20170302,1.13,1.15,1.11,1.13,720179
PROJPRZEM,20170302,9.42,9.90,9.42,9.51,4773
PROTEKTOR,20170302,3.20,3.22,3.17,3.22,11223
PULAWY,20170302,190.90,190.90,189.40,189.40,55
PWRMEDIA,20170302,2.47,2.48,2.36,2.42,10349
PZU,20170302,36.75,36.85,36.53,36.70,4213709
QMULTIFIZ,20170302,1072.05,1072.05,1065.10,1065.10,91
QUANTUM,20170302,19.50,19.50,19.50,19.50,58
QUERCUS,20170302,6.89,7.40,6.88,7.22,205267
QUMAK,20170302,5.84,6.32,5.84,6.11,85252
RADPOL,20170302,2.74,2.74,2.66,2.72,29815
RAFAKO,20170302,7.60,7.74,7.55,7.60,58368
RAINBOW,20170302,34.00,35.20,33.01,34.00,13789
RANKPROGR,20170302,1.89,1.89,1.83,1.84,60082
RAWLPLUG,20170302,11.60,11.68,11.53,11.67,22586
RCCOFFAOPEN1,20170302,5.82,5.82,5.82,5.82,13700
RCCRUAOPEN,20170302,9.40,9.40,9.33,9.35,43734
RCESX5E0620,20170302,1023.60,1023.60,1023.60,1023.60,20
RCFL2DBK,20170302,22.88,22.88,22.88,22.88,100
RCFL3ALR,20170302,270.70,270.70,256.80,256.80,210
RCFL3BZW,20170302,128.70,128.70,128.70,128.70,100
RCFL3COPP,20170302,21.08,21.08,20.50,20.50,220
RCFL3CORN,20170302,10.74,10.74,10.74,10.74,97
RCFL3DBK,20170302,5.20,5.21,5.05,5.05,20438
RCFL3ENA,20170302,165.60,165.60,165.60,165.60,252
RCFL3ENG,20170302,280.90,280.90,270.70,277.20,116
RCFL3EUH,20170302,40.88,40.88,40.88,40.88,50
RCFL3GOLD,20170302,35.57,35.57,34.80,35.00,1447
RCFL3KGH,20170302,26.62,26.62,26.00,26.00,640
RCFL3LPP,20170302,295.60,295.60,295.60,295.60,4
RCFL3LTS,20170302,490.30,490.30,490.30,490.30,35
RCFL3OIL,20170302,1.80,1.80,1.75,1.76,38543
RCFL3OIL2,20170302,201.00,201.00,201.00,201.00,8
RCFL3OPL,20170302,9.04,9.06,9.00,9.06,2462
RCFL3PEO,20170302,42.36,42.36,42.36,42.36,152
RCFL3PGE,20170302,14.69,14.69,14.23,14.30,37109
RCFL3PGN,20170302,167.20,167.20,167.20,167.20,70
RCFL3PKN,20170302,266.50,266.50,266.50,266.50,23
RCFL3PKO,20170302,34.39,34.39,31.95,32.44,729
RCFL3PZU,20170302,53.90,53.90,53.05,53.05,858
RCFL3SILVE,20170302,9.86,10.00,9.80,10.00,1265
RCFL3TPE,20170302,170.50,175.50,170.50,175.50,75
RCFL3W20,20170302,82.00,82.00,79.75,80.70,653
RCFL3WHT,20170302,11.19,11.19,11.19,11.19,250
RCFL4ESX,20170302,239.00,239.00,239.00,239.00,5
RCFL4OIL,20170302,13.65,13.65,13.02,13.07,10238
RCFS2ESX,20170302,22.83,22.83,22.79,22.79,4
RCFS2OIL,20170302,164.10,167.10,164.10,167.10,19
RCFS3COPP,20170302,4.60,4.60,4.60,4.60,150
RCFS3FDX,20170302,15.91,15.91,15.91,15.91,300
RCFS3GOLD,20170302,133.60,133.60,133.60,133.60,15
RCFS3KGH,20170302,4.68,4.70,4.68,4.70,355
RCFS3LTS,20170302,13.51,13.51,13.51,13.51,15
RCFS3OIL,20170302,88.25,91.35,88.25,91.00,367
RCFS3OIL2,20170302,16.86,16.86,16.86,16.86,206
RCFS3OPL,20170302,64.70,64.70,64.70,64.70,175
RCFS3PKN,20170302,0.95,0.95,0.90,0.90,250000
RCFS3PKO,20170302,16.18,16.18,16.18,16.18,100
RCFS3W20,20170302,40.76,40.79,40.75,40.79,122
RCFS4ESX,20170302,2.92,2.92,2.90,2.92,2044
RCFS4OIL,20170302,3.84,4.11,3.84,4.01,3476
RCGBSH10817,20170302,950.00,950.00,950.00,950.00,16
RCGBSK0721,20170302,969.70,969.70,969.70,969.70,104
RCGCOMB11202,20170302,1013.90,1013.90,1013.90,1013.90,300
RCGLDAOPEN,20170302,507.00,507.00,505.70,505.70,124
RCGSLV290920,20170302,1033.50,1033.50,1033.50,1033.50,151
RCGSXE021120,20170302,951.20,951.20,951.20,951.20,20
RCIDXB11018,20170302,1055.80,1055.80,1055.80,1055.80,5
RCSCRAOPEN,20170302,305.70,305.70,305.70,305.70,20
RCSILAOPEN,20170302,74.85,74.85,74.80,74.80,1185
RCSOJAOPEN,20170302,70.65,70.65,70.65,70.65,30
RCTLCOCO01,20170302,11.48,11.48,10.95,10.95,125
RCTLGOLD06,20170302,93.85,93.85,93.85,93.85,12
RCTLPEO001,20170302,3.49,3.49,3.49,3.49,1000
RCTVBAOPEN,20170302,36.48,36.48,36.48,36.48,50
RCWHTAOPEN,20170302,6.15,6.15,6.15,6.15,200
REDAN,20170302,2.10,2.12,2.10,2.12,4366
REDWOOD,20170302,1.05,1.06,1.05,1.06,798
RELPOL,20170302,9.09,9.14,9.09,9.14,1782
REMAK,20170302,17.76,18.50,17.37,18.49,2743
RESBUD,20170302,0.92,0.92,0.86,0.90,195391
ROBYG,20170302,3.17,3.21,3.15,3.16,1074026
RONSON,20170302,1.84,1.84,1.83,1.83,441767
ROPCZYCE,20170302,20.25,21.00,19.90,19.90,8168
RUBICON,20170302,1.21,1.21,1.20,1.20,4401
SANOK,20170302,64.30,64.75,63.72,64.07,6175
SARE,20170302,19.06,19.10,19.05,19.10,125
SECOGROUP,20170302,18.70,18.70,18.50,18.50,121
SELENAFM,20170302,21.90,21.90,21.30,21.89,213
SELVITA,20170302,35.00,35.30,34.70,34.70,6487
SERINUS,20170302,1.50,1.50,1.47,1.48,205251
SETANTA,20170302,14.20,14.20,13.75,14.00,416
SFINKS,20170302,2.67,2.67,2.60,2.67,59105
SIMPLE,20170302,7.24,7.24,7.10,7.21,1101
SKARBIEC,20170302,30.66,32.00,30.65,31.50,57244
SKOTAN,20170302,0.65,0.66,0.64,0.66,647420
SKYLINE,20170302,0.85,0.89,0.85,0.89,13544
SNIEZKA,20170302,63.69,63.80,63.45,63.80,74
SOHODEV,20170302,1.64,1.75,1.63,1.73,107820
SOLAR,20170302,1.18,1.18,1.15,1.18,6721
SONEL,20170302,10.60,10.60,10.52,10.53,609
SOPHARMA,20170302,7.00,7.00,7.00,7.00,540
STALEXP,20170302,4.47,4.49,4.44,4.44,71888
STALPROD,20170302,637.00,647.95,625.05,640.00,1955
STALPROFI,20170302,14.59,14.59,14.40,14.40,539
STAPORKOW,20170302,5.14,5.36,4.87,4.87,18138
STARHEDGE,20170302,0.54,0.54,0.49,0.54,208079
STELMET,20170302,29.81,30.00,29.60,30.00,5313
SUNEX,20170302,3.67,3.67,3.55,3.67,345
SUWARY,20170302,8.96,8.96,8.25,8.55,1952
SWISSMED,20170302,1.28,1.32,1.28,1.30,7300
SYGNITY,20170302,7.29,7.29,7.00,7.20,40176
SYNEKTIK,20170302,17.00,17.00,17.00,17.00,13
SYNTHOS,20170302,5.87,5.97,5.87,5.93,1309277
TALEX,20170302,22.27,22.35,22.09,22.33,347
TARCZYNSKI,20170302,12.30,12.30,12.10,12.20,4068
TAURONPE,20170302,3.08,3.17,3.07,3.16,8088093
TERMOREX,20170302,2.30,2.30,2.30,2.30,120
TESGAS,20170302,3.09,3.39,3.09,3.25,33560
TIM,20170302,13.56,13.56,13.56,13.56,14
TORPOL,20170302,13.87,14.08,13.75,13.99,23147
TOYA,20170302,6.12,6.12,6.12,6.12,100
TRAKCJA,20170302,17.71,17.71,17.40,17.48,28053
TRANSPOL,20170302,7.58,7.97,7.50,7.86,62670
TRIGONPP,20170302,145.00,145.00,141.50,141.50,274
TRIGONPP2,20170302,144.00,144.00,144.00,144.00,1
TRIGONPP3,20170302,142.00,142.00,142.00,142.00,66
TRIGONPP6,20170302,144.00,144.00,144.00,144.00,1
TRITON,20170302,3.08,3.29,2.99,3.10,29595
TXM,20170302,5.60,5.60,5.40,5.60,897
UNIBEP,20170302,12.63,12.79,12.60,12.79,15652
UNICREDIT,20170302,56.50,57.49,56.50,57.49,188
UNIMA,20170302,3.72,3.72,3.60,3.65,6041
UNIWHEELS,20170302,245.80,254.00,245.80,251.95,23981
URSUS,20170302,2.45,2.52,2.44,2.52,154761
VANTAGE,20170302,3.67,3.67,3.51,3.58,32658
VIGOSYS,20170302,285.00,291.50,285.00,286.00,167
VINDEXUS,20170302,7.60,7.60,7.48,7.49,10490
VISTAL,20170302,8.68,8.68,8.59,8.60,3880
VISTULA,20170302,3.27,3.28,3.22,3.26,252676
VIVID,20170302,5.00,5.09,4.90,4.90,66301
VOTUM,20170302,10.78,10.78,10.47,10.69,929
VOXEL,20170302,18.49,18.60,18.40,18.50,1518
WADEX,20170302,6.10,6.24,6.10,6.24,56
WARIMPEX,20170302,4.45,4.49,4.33,4.33,13760
WASKO,20170302,1.67,1.67,1.58,1.63,83222
WAWEL,20170302,1163.00,1169.00,1140.00,1140.00,135
WDX,20170302,7.89,7.89,7.30,7.80,3631
WIELTON,20170302,15.98,15.98,15.64,15.66,33105
WIKANA,20170302,1.70,1.70,1.66,1.70,2075
WILBO,20170302,0.67,0.69,0.64,0.65,18400
WINVEST,20170302,2.20,2.31,2.15,2.31,7008
WIRTUALNA,20170302,56.00,57.72,55.65,57.30,24498
WITTCHEN,20170302,17.50,17.50,16.56,16.74,1329
WOJAS,20170302,5.12,5.29,5.12,5.15,10863
WORKSERV,20170302,9.50,9.50,9.40,9.40,720
XTB,20170302,9.49,9.49,9.30,9.30,110
YOLO,20170302,6.76,6.80,6.55,6.60,2063
ZAMET,20170302,1.68,1.68,1.64,1.65,5457
ZEPAK,20170302,19.17,19.20,18.37,18.50,61134
ZPUE,20170302,389.75,389.75,387.00,387.00,5
ZUE,20170302,10.60,10.60,10.45,10.50,6251
ZYWIEC,20170302,453.00,454.00,453.00,454.00,14
INVESTORMS,20170302,4878.77,4882.15,4878.77,4882.15,343427.744
MWIG40,20170302,4932.62,4961.65,4923.73,4929.32,233104.023
RESPECT,20170302,2939.41,2949.35,2925.37,2938.41,662743.738
SWIG80,20170302,16108.21,16171.26,16095.14,16170.13,106965.226
WIG,20170302,59808.87,60021.25,59494.78,59743.64,1257177.795
WIG-BANKI,20170302,7548.84,7600.83,7460.79,7535.91,261113.939
WIG-BUDOW,20170302,3464.77,3548.72,3464.02,3529.44,49237.498
WIG-CEE,20170302,941.61,943.11,941.32,941.32,17573.489
WIG-CHEMIA,20170302,16719.60,16822.10,16673.46,16716.51,29128.890
WIG-ENERG,20170302,2935.01,2962.41,2926.48,2952.24,132183.249
WIG-GORNIC,20170302,4735.90,4744.08,4667.58,4699.76,0.000
WIG-INFO,20170302,2356.01,2397.05,2356.01,2397.05,13226.764
WIG-LEKI,20170302,6217.63,6242.81,6157.40,6186.41,0.000
WIG-MEDIA,20170302,5215.56,5264.21,5186.50,5259.95,2418.772
WIG-MOTO,20170302,5758.71,5799.96,5734.34,5741.62,0.000
WIG-NRCHOM,20170302,1939.57,1946.68,1933.02,1939.14,0.000
WIG-ODZIEZ,20170302,5521.75,5564.75,5479.36,5564.65,0.000
WIG-PALIWA,20170302,6467.50,6519.66,6406.02,6422.19,159393.265
WIG-POLAND,20170302,60780.97,60792.90,60750.95,60750.95,1230673.401
WIG-SPOZYW,20170302,4901.87,4928.52,4877.52,4883.58,16234.401
WIG-TELKOM,20170302,680.70,686.19,674.41,676.18,39597.635
WIG-UKRAIN,20170302,654.13,662.72,654.13,660.78,15040.414
WIG20,20170302,2256.56,2269.47,2241.45,2254.51,872877.093
WIG20LEV,20170302,699.17,707.16,689.82,697.90,872877.093
WIG20SHORT,20170302,3455.40,3478.59,3435.59,3458.55,872877.093
WIG20TR,20170302,3817.79,3818.44,3815.14,3815.14,872877.093
WIG30,20170302,2616.19,2627.21,2598.59,2611.13,1011562.108
WIG30TR,20170302,4367.01,4367.55,4364.24,4364.24,1011562.108
WIGDIV,20170302,1164.24,1169.41,1160.52,1166.32,535675.565
