06MAGNA,20170626,0.30,0.30,0.28,0.29,19115
08OCTAVA,20170626,1.00,1.06,1.00,1.01,100
11BIT,20170626,183.00,183.00,178.85,179.90,1807
4FUNMEDIA,20170626,5.95,5.95,5.89,5.90,182
AATHOLD,20170626,19.40,19.40,19.40,19.40,1
ABADONRE,20170626,7.00,7.00,7.00,7.00,100
ABCDATA,20170626,1.84,1.84,1.78,1.78,89498
ABMSOLID,20170626,14.51,14.90,14.00,14.80,341
ABPL,20170626,35.89,36.00,35.85,35.95,991
ACAUTOGAZ,20170626,43.62,43.65,43.60,43.65,120
ACTION,20170626,3.51,3.55,3.45,3.50,12536
ADIUVO,20170626,24.93,24.93,23.78,24.93,102
AGORA,20170626,15.12,15.12,14.90,15.00,257
AGROTON,20170626,6.22,6.36,5.71,5.99,38024
AILLERON,20170626,13.19,18.25,13.15,18.25,256347
AIRWAY,20170626,1.59,1.59,1.45,1.50,109073
ALCHEMIA,20170626,5.09,5.13,5.08,5.10,214717
ALIOR,20170626,60.31,61.70,60.31,60.97,433278
ALMA,20170626,0.31,0.33,0.30,0.32,31086
ALTA,20170626,3.89,3.89,3.67,3.89,84
ALTUSTFI,20170626,18.50,18.50,18.25,18.25,3364
ALUMETAL,20170626,61.00,61.49,60.50,61.45,2607
AMBRA,20170626,10.80,10.90,9.84,10.50,13364
AMICA,20170626,183.00,183.00,180.00,180.00,1829
AMREST,20170626,361.60,366.00,361.60,366.00,994
APATOR,20170626,34.90,35.05,34.00,34.97,1913
APLISENS,20170626,12.99,13.04,12.99,13.04,504
APSENERGY,20170626,4.23,4.23,4.23,4.23,2
ARCHICOM,20170626,16.00,16.15,16.00,16.00,598
ARCTIC,20170626,4.40,4.44,4.38,4.40,9573
ARCUS,20170626,1.12,1.12,1.12,1.12,2400
ARKASWE17,20170626,99.00,102.90,99.00,102.90,1391
ARTERIA,20170626,7.88,7.88,7.88,7.88,2
ARTIFEX,20170626,14.80,14.80,14.00,14.30,729
ASBIS,20170626,2.52,2.54,2.47,2.47,51538
ASMGROUP,20170626,5.55,5.55,5.45,5.45,849
ASSECOBS,20170626,29.20,29.25,29.20,29.25,402
ASSECOPOL,20170626,50.05,50.20,49.26,49.40,96323
ASSECOSEE,20170626,12.75,12.80,12.74,12.80,4275
ASTARTA,20170626,65.00,65.99,65.00,65.99,5117
ATAL,20170626,38.00,38.49,37.25,37.60,1701
ATENDE,20170626,5.20,5.35,5.20,5.34,7267
ATLANTAPL,20170626,4.65,4.73,4.65,4.73,375
ATLANTIS,20170626,0.61,0.63,0.61,0.63,5001
ATLASEST,20170626,1.14,1.14,1.14,1.14,10
ATM,20170626,11.50,11.50,11.50,11.50,2
ATMGRUPA,20170626,4.30,4.34,4.15,4.34,9007
ATREM,20170626,2.83,2.83,2.80,2.83,5784
AUTOPARTN,20170626,5.62,5.72,5.62,5.72,226715
AVIAAML,20170626,5.90,5.90,5.75,5.88,7779
AVIASG,20170626,20.60,20.60,20.50,20.50,26
AWBUD,20170626,6.71,6.71,6.71,6.71,1170
BALTONA,20170626,2.40,2.40,2.24,2.24,5189
BBIDEV,20170626,0.78,0.81,0.78,0.80,155125
BEDZIN,20170626,25.80,25.80,23.50,24.49,1821
BENEFIT,20170626,1110.00,1136.00,1080.70,1136.00,1778
BEST,20170626,30.30,30.30,30.30,30.30,2
BETACOM,20170626,10.00,10.00,9.25,9.50,12854
BGZBNPP,20170626,64.38,64.38,64.38,64.38,1
BIK,20170626,17.15,17.15,17.05,17.05,2
BIOMEDLUB,20170626,1.19,1.26,1.18,1.19,100122
BIOTON,20170626,4.62,5.25,4.60,5.17,178017
BMPAG,20170626,7.13,7.13,6.83,7.13,860
BOGDANKA,20170626,62.41,65.00,62.41,63.95,7661
BORYSZEW,20170626,10.85,11.46,10.85,11.35,330743
BOS,20170626,10.75,10.84,10.71,10.71,14525
BOWIM,20170626,5.17,5.20,5.16,5.20,7022
BRASTER,20170626,14.95,15.97,14.90,15.50,32763
BRIJU,20170626,7.89,7.96,7.73,7.92,14652
BSCDRUK,20170626,37.80,37.80,36.34,37.80,369
BUDIMEX,20170626,237.80,242.45,237.80,241.35,20414
BUMECH,20170626,0.54,0.54,0.53,0.53,263288
BUWOG,20170626,110.40,110.40,110.40,110.40,7
BYTOM,20170626,2.55,2.62,2.55,2.62,31086
BZWBK,20170626,343.00,352.00,342.20,350.00,60963
CALATRAVA,20170626,0.72,0.75,0.53,0.60,1457828
CAPITAL,20170626,2.96,3.03,2.94,2.98,16444
CCC,20170626,225.00,228.95,222.30,225.00,51586
CDPROJEKT,20170626,83.35,86.00,83.35,86.00,204122
CDRL,20170626,32.00,32.00,31.60,32.00,182
CELTIC,20170626,6.08,6.08,6.08,6.08,70
CEZ,20170626,69.29,69.29,64.15,64.15,8052
CFI,20170626,0.72,0.73,0.71,0.72,90588
CHEMOS,20170626,1.17,1.17,1.17,1.17,3397
CIECH,20170626,62.67,63.94,62.67,63.61,22295
CIGAMES,20170626,0.96,1.04,0.96,1.02,4266684
CITYSERV,20170626,9.00,9.00,9.00,9.00,4800
CLNPHARMA,20170626,37.20,37.50,36.80,37.50,20588
COALENERG,20170626,0.88,0.88,0.88,0.88,3501
COGNOR,20170626,1.60,1.60,1.57,1.59,16830
COLIAN,20170626,3.54,3.55,3.47,3.54,4262
COMARCH,20170626,212.45,214.50,212.45,214.00,12084
COMP,20170626,61.00,62.00,60.99,62.00,266
CORMAY,20170626,2.58,2.79,2.58,2.79,233734
CPGROUP,20170626,6.16,6.16,6.16,6.16,1
CUBEITG,20170626,3.52,3.63,3.48,3.63,50868
CYFRPLSAT,20170626,25.49,25.72,25.15,25.44,335834
CZTOREBKA,20170626,0.77,0.77,0.73,0.77,6226
DECORA,20170626,10.58,10.58,10.58,10.58,18
DEKPOL,20170626,24.22,25.50,24.22,25.50,3369
DELKO,20170626,9.50,9.52,9.40,9.52,10800
DGA,20170626,5.40,5.40,5.40,5.40,2
DINOPL,20170626,45.79,45.93,45.51,45.80,99575
DOMDEV,20170626,74.40,74.62,74.40,74.50,1051
DROP,20170626,1.80,1.80,1.80,1.80,270
DROZAPOL,20170626,1.84,1.84,1.84,1.84,460
ECHO,20170626,6.14,6.21,6.05,6.15,397880
EDINVEST,20170626,1.91,1.91,1.91,1.91,20
EFEKT,20170626,26.83,26.83,26.50,26.83,629
EKOEXPORT,20170626,13.00,13.00,12.60,12.70,6161
ELBUDOWA,20170626,116.50,117.20,116.50,117.20,1003
ELEKTROTI,20170626,13.00,13.20,13.00,13.20,461
ELEMENTAL,20170626,3.23,3.24,3.20,3.20,27371
ELKOP,20170626,0.19,0.20,0.19,0.20,200954
ELZAB,20170626,13.99,13.99,13.99,13.99,3
EMCINSMED,20170626,10.33,10.33,10.33,10.33,1
EMPERIA,20170626,85.95,85.95,83.10,84.30,6242
ENAP,20170626,1.04,1.05,1.02,1.05,5680
ENEA,20170626,13.30,13.39,13.08,13.14,397429
ENELMED,20170626,13.58,13.64,13.58,13.60,12259
ENERGA,20170626,10.90,10.96,10.72,10.87,826295
ENERGOINS,20170626,1.42,1.42,1.37,1.40,78293
ENTER,20170626,30.19,30.19,28.89,29.99,120
ERBUD,20170626,31.49,31.49,31.49,31.49,4
ERG,20170626,64.34,64.34,64.00,64.00,10
ERGIS,20170626,6.16,6.16,6.13,6.16,16732
ESOTIQ,20170626,12.35,12.35,12.35,12.35,12
ETFDAX,20170626,514.09,517.31,514.00,517.31,2022
ETFSP500,20170626,94.80,94.80,93.92,94.40,10088
ETFW20L,20170626,276.35,277.59,275.34,277.59,606
EUCO,20170626,31.75,32.60,31.60,32.59,2084
EUROCASH,20170626,31.00,31.52,31.00,31.46,206259
EUROTEL,20170626,21.55,21.55,20.95,21.15,773
FAM,20170626,4.20,4.20,4.18,4.19,41200
FAMUR,20170626,5.73,5.79,5.70,5.71,66274
FASING,20170626,17.89,18.50,17.22,18.50,45972
FASTFIN,20170626,1.55,1.55,1.55,1.55,15
FEERUM,20170626,17.59,17.59,16.11,16.11,345
FERRO,20170626,17.87,17.87,17.55,17.85,1190
FERRUM,20170626,4.24,4.24,4.15,4.15,10
FON,20170626,0.24,0.24,0.23,0.23,97984
FORTE,20170626,80.75,81.50,80.50,81.48,3047
FORTUNA,20170626,20.68,20.68,20.24,20.59,24735
FOTA,20170626,0.28,0.29,0.27,0.28,39332
GEKOPLAST,20170626,12.75,12.75,12.75,12.75,4
GETIN,20170626,1.33,1.35,1.31,1.33,38122
GETINOBLE,20170626,1.42,1.42,1.39,1.41,1026713
GINOROSSI,20170626,2.19,2.19,2.14,2.15,60951
GLCOSMED,20170626,3.62,3.62,3.61,3.61,250
GOBARTO,20170626,7.60,7.80,7.60,7.80,19464
GORENJE,20170626,28.79,28.79,28.79,28.79,2
GPRE,20170626,5.20,5.20,5.11,5.11,137816
GPW,20170626,47.51,47.75,47.38,47.75,43106
GRAVITON,20170626,0.80,0.80,0.80,0.80,499
GROCLIN,20170626,11.25,11.40,11.21,11.35,7538
GRODNO,20170626,9.33,9.37,9.25,9.37,9813
GRUPAAZOTY,20170626,69.01,70.43,68.37,70.40,55402
GTC,20170626,9.70,9.70,9.54,9.65,157711
HANDLOWY,20170626,70.76,71.65,70.01,71.12,42199
HARPER,20170626,1.07,1.07,1.07,1.07,1
HELIO,20170626,16.90,16.90,16.65,16.65,153
HERKULES,20170626,4.06,4.06,4.04,4.05,9719
HUBSTYLE,20170626,1.05,1.15,1.04,1.15,13872
HYDROTOR,20170626,40.30,40.30,40.25,40.25,274
HYPERION,20170626,1.92,1.99,1.73,1.73,20080
I2DEV,20170626,15.69,15.70,15.69,15.69,511
IDEABANK,20170626,23.85,23.85,23.80,23.80,2051
IFCAPITAL,20170626,0.54,0.57,0.54,0.57,6005
IFIRMA,20170626,2.82,2.87,2.82,2.85,10131
IFSA,20170626,0.39,0.40,0.39,0.40,6814
IIAAV,20170626,8.48,8.54,8.48,8.54,279
IMCOMPANY,20170626,10.94,10.94,10.75,10.80,4311
IMMOBILE,20170626,3.75,3.82,3.65,3.70,2494
IMPEL,20170626,22.50,22.50,22.50,22.50,11
IMPERA,20170626,1.68,1.72,1.68,1.69,9143
IMPEXMET,20170626,4.44,4.44,4.42,4.43,35602
IMS,20170626,3.57,3.62,3.53,3.60,126790
INC,20170626,1.90,1.90,1.75,1.90,5628
INDATA,20170626,0.48,0.51,0.47,0.49,122755
INDYGO,20170626,0.56,0.56,0.56,0.56,1994
INDYKPOL,20170626,60.75,60.75,59.00,59.00,1033
INGBSK,20170626,187.75,187.75,183.60,183.65,3306
INPRO,20170626,5.08,5.08,4.89,4.89,435
INSTALKRK,20170626,17.90,17.90,17.36,17.36,10407
INTERAOLT,20170626,11.11,11.20,11.11,11.20,1407
INTERBUD,20170626,0.75,0.75,0.75,0.75,14
INTERCARS,20170626,314.45,314.45,305.20,309.05,179
INTERFERI,20170626,3.93,3.93,3.93,3.93,150
INTERSPPL,20170626,2.77,2.77,2.75,2.75,802
INTLBCO12542,20170626,67.75,67.75,67.75,67.75,15
INTLBCO12674,20170626,32.66,32.66,29.80,29.80,885
INTLBCO13235,20170626,19.11,19.11,17.10,17.10,444
INTLBMW15990,20170626,7.73,7.73,7.73,7.73,235
INTLBMW16600,20170626,5.50,5.50,5.50,5.50,181
INTLDAX18234,20170626,47.90,47.90,47.90,47.90,220
INTLDAX18622,20170626,38.11,38.11,38.11,38.11,217
INTLDAX18697,20170626,27.14,28.00,27.03,27.70,3754
INTLDAX18945,20170626,17.26,18.50,17.13,18.40,1390
INTLESX00778,20170626,63.10,63.10,63.10,63.10,16
INTLESX18630,20170626,15.58,15.58,15.58,15.58,120
INTLEUR17731,20170626,12.61,12.61,12.12,12.12,32
INTLGBU18549,20170626,16.15,16.15,16.15,16.15,6
INTLGLD11726,20170626,103.00,103.00,103.00,103.00,15
INTLGLD12831,20170626,51.00,52.35,51.00,52.35,220
INTLGLD18317,20170626,39.90,39.90,33.79,33.79,756
INTLKGH17459,20170626,17.86,17.86,17.31,17.71,1403
INTLNDX18879,20170626,26.92,26.92,26.92,26.92,63
INTLOPL18309,20170626,1.36,1.36,1.36,1.36,2500
INTLPEO17319,20170626,17.15,18.00,17.15,17.40,147
INTLPGE17277,20170626,3.19,3.19,3.19,3.19,42
INTLPGE17863,20170626,2.73,2.73,2.73,2.73,700
INTLPKO15446,20170626,11.54,11.54,11.54,11.54,1500
INTLPKO17301,20170626,7.95,8.41,7.95,8.41,3360
INTLPKO17889,20170626,5.75,5.75,5.75,5.75,800
INTLPKO18812,20170626,3.76,4.23,3.76,4.23,2000
INTLPZU18796,20170626,7.65,7.87,7.65,7.87,205
INTLSLV12955,20170626,9.89,9.89,9.89,9.89,550
INTLSLV13227,20170626,7.51,7.51,7.51,7.51,1000
INTLSLV13706,20170626,6.05,6.05,4.89,5.51,24081
INTLUSD03731,20170626,38.30,38.30,38.30,38.30,650
INTLUSD06304,20170626,13.81,14.00,12.72,12.72,949
INTLVOW17137,20170626,10.21,10.21,10.21,10.21,12
INTLW2012484,20170626,9.48,9.48,9.48,9.48,106
INTLW2016808,20170626,5.83,5.84,5.83,5.83,1258
INTLW2017905,20170626,2.26,2.26,2.26,2.26,200
INTLW2018499,20170626,1.95,2.11,1.93,2.11,2629
INTLW2018614,20170626,1.72,1.88,1.72,1.88,16402
INTLW2018937,20170626,1.51,1.65,1.43,1.57,6876
INTROL,20170626,7.50,7.50,7.50,7.50,100065
INTSBCO18606,20170626,49.02,49.02,49.02,49.02,195
INTSBCO18986,20170626,38.86,38.86,38.86,38.86,100
INTSDAX08193,20170626,28.91,28.91,27.85,28.14,288
INTSDAX18424,20170626,62.90,62.90,62.90,62.90,150
INTSDAX18853,20170626,17.96,17.96,16.58,16.64,352
INTSDOW17434,20170626,44.36,44.36,44.36,44.36,110
INTSDOW18119,20170626,89.70,89.70,89.70,89.70,21
INTSESX08474,20170626,11.30,11.30,11.30,11.30,160
INTSHSC08516,20170626,12.43,12.43,11.93,11.93,30
INTSKGH18804,20170626,31.61,31.61,31.61,31.61,150
INTSNDX18721,20170626,14.14,14.14,13.34,13.51,2780
INTSPKN18325,20170626,15.91,16.00,15.91,16.00,200
INTSPKN18580,20170626,25.50,25.50,25.50,25.50,50
INTSPKO05447,20170626,5.50,5.50,5.45,5.45,130
INTSPZU06338,20170626,8.46,8.46,7.87,7.87,351
INTSSP517921,20170626,9.10,9.10,9.09,9.09,433
INTSSPX17855,20170626,4.30,4.30,4.10,4.10,1900
INTSUSD16709,20170626,60.85,60.85,60.85,60.85,60
INTSUSJ18135,20170626,17.57,17.57,17.57,17.57,83
INTSW2000745,20170626,1.95,1.95,1.83,1.83,1050
INTSW2003194,20170626,3.47,3.47,3.47,3.47,610
INTSW2005892,20170626,4.74,4.74,4.74,4.74,100
INTSW2018671,20170626,1.34,1.34,1.14,1.17,87098
INTSW2018689,20170626,1.63,1.63,1.50,1.50,5396
INVFIZ,20170626,907.02,907.02,907.01,907.01,5
INVISTA,20170626,1.28,1.28,1.28,1.28,530
INVPEFIZ,20170626,800.00,800.00,800.00,800.00,3
IPOPEMA,20170626,1.99,1.99,1.80,1.99,524
IZOBLOK,20170626,162.90,162.90,157.00,160.00,215
IZOLACJA,20170626,1.94,1.94,1.94,1.94,1
IZOSTAL,20170626,5.66,5.74,5.66,5.74,400
JHMDEV,20170626,1.66,1.66,1.63,1.66,14586
JSW,20170626,70.88,71.78,70.50,71.50,175467
JWCONSTR,20170626,4.81,4.83,4.75,4.75,5800
JWWINVEST,20170626,2.46,2.46,2.45,2.45,688
K2INTERNT,20170626,15.30,15.30,14.95,15.00,153
KANIA,20170626,2.00,2.00,1.95,2.00,20887
KBDOM,20170626,3.57,3.57,3.31,3.55,1519
KCI,20170626,1.15,1.26,1.10,1.24,350945
KERNEL,20170626,67.12,67.92,65.06,65.60,21423
KETY,20170626,435.90,435.90,421.20,425.25,3424
KGHM,20170626,110.10,111.00,109.55,109.65,584558
KINOPOL,20170626,12.86,12.86,12.84,12.84,6375
KOGENERA,20170626,95.90,95.90,94.91,95.00,565
KOMPAP,20170626,7.44,7.44,7.44,7.44,3
KOMPUTRON,20170626,6.41,6.46,6.41,6.44,3100
KONSSTALI,20170626,34.28,34.28,33.20,33.20,44
KOPEX,20170626,3.92,3.95,3.87,3.94,10249
KRAKCHEM,20170626,2.84,2.84,2.73,2.80,599
KREC,20170626,6.07,6.07,6.05,6.05,2
KREDYTIN,20170626,23.33,24.00,23.30,24.00,2849
KREZUS,20170626,1.12,1.13,1.08,1.10,27519
KRKA,20170626,235.00,235.00,230.00,230.00,312
KRUK,20170626,308.45,315.90,305.75,315.90,78806
KRUSZWICA,20170626,68.00,69.00,67.61,68.99,319
KRVITAMIN,20170626,6.60,6.60,6.54,6.54,2
KSGAGRO,20170626,2.70,2.70,2.61,2.70,212
LABOPRINT,20170626,8.54,8.55,8.54,8.54,12
LARK,20170626,0.45,0.45,0.41,0.43,124788
LARQ,20170626,21.79,21.79,20.50,20.50,1358
LCCORP,20170626,2.03,2.04,2.03,2.04,23559
LENA,20170626,4.26,4.30,4.19,4.30,11989
LENTEX,20170626,10.99,11.00,10.79,10.97,30502
LIBET,20170626,2.16,2.16,2.16,2.16,460
LIVECHAT,20170626,57.47,58.20,56.50,56.90,13820
LMCSFIZ,20170626,1380.00,1380.00,1380.00,1380.00,19
LMDSFIZ,20170626,1360.00,1360.00,1360.00,1360.00,10
LOKUM,20170626,15.80,15.80,15.80,15.80,200
LOTOS,20170626,54.05,55.74,54.05,55.00,283891
LPP,20170626,6797.95,7157.75,6794.65,6916.90,1636
LSISOFT,20170626,11.94,12.10,11.94,12.10,3017
LUBAWA,20170626,1.30,1.32,1.28,1.29,194669
MABION,20170626,96.79,97.00,95.50,96.78,1546
MAKARONPL,20170626,6.09,6.09,6.09,6.09,299
MANGATA,20170626,110.15,112.50,109.50,109.50,315
MARVIPOL,20170626,13.97,13.98,13.96,13.97,5314
MASTERPHA,20170626,6.35,6.35,5.94,6.14,127
MBANK,20170626,451.15,465.00,451.15,465.00,14846
MBWS,20170626,66.75,66.75,66.75,66.75,1
MCI,20170626,9.00,9.28,9.00,9.20,2896
MCLOGIC,20170626,58.30,58.40,58.30,58.40,214
MDIENERGIA,20170626,3.50,3.55,3.35,3.55,15575
MEDIACAP,20170626,2.72,2.73,2.69,2.69,11979
MEDICALG,20170626,302.90,303.60,298.40,302.90,2287
MEDYCZNYFIZ,20170626,95.00,95.00,95.00,95.00,260
MENNICA,20170626,19.60,19.60,19.60,19.60,520
MERCATOR,20170626,18.60,18.60,18.43,18.58,1343
MERCOR,20170626,10.90,10.90,10.50,10.50,380
MEXPOLSKA,20170626,6.99,6.99,6.99,6.99,2
MFO,20170626,41.90,41.90,41.01,41.89,420
MILKILAND,20170626,1.75,1.75,1.70,1.73,6160
MILLENNIUM,20170626,7.09,7.34,7.09,7.28,514610
MIRACULUM,20170626,1.65,1.65,1.65,1.65,104
MIRBUD,20170626,1.25,1.28,1.25,1.28,119377
MOL,20170626,301.70,301.70,292.95,292.95,8
MONNARI,20170626,8.82,8.83,8.74,8.74,8281
MOSTALPLC,20170626,12.27,12.27,12.27,12.27,1
MOSTALWAR,20170626,11.51,11.69,11.51,11.69,427
MOSTALZAB,20170626,0.96,0.99,0.95,0.96,142627
MWTRADE,20170626,6.90,6.94,6.59,6.94,2537
NETIA,20170626,4.16,4.23,4.16,4.23,16898
NEUCA,20170626,390.00,391.10,387.00,390.00,2023
NEWAG,20170626,16.88,16.89,16.72,16.89,1090
NORTCOAST,20170626,7.32,7.35,7.10,7.35,2344
NOVITA,20170626,52.40,52.40,51.30,51.50,174
NOWAGALA,20170626,2.08,2.08,2.08,2.08,169
NTTSYSTEM,20170626,2.12,2.12,2.10,2.10,10
ODLEWNIE,20170626,4.01,4.09,4.01,4.07,2401
OEX,20170626,21.25,21.25,21.25,21.25,3
OPENFIN,20170626,2.28,2.29,2.27,2.27,3434
OPONEO.PL,20170626,48.25,48.85,48.20,48.56,88815
OPTEAM,20170626,6.16,6.27,6.16,6.27,110
ORANGEPL,20170626,5.19,5.19,5.10,5.10,2238003
ORION,20170626,78.67,78.67,74.92,78.65,59
ORZBIALY,20170626,13.09,13.09,12.50,12.98,8973
OTLOG,20170626,20.75,20.75,20.75,20.75,1
OTMUCHOW,20170626,4.00,4.09,4.00,4.09,1456
OVOSTAR,20170626,122.50,131.00,122.50,128.00,170
PAGED,20170626,59.44,60.00,59.44,59.98,791
PANOVA,20170626,24.90,25.00,24.80,25.00,1733
PBG,20170626,3.20,3.24,3.05,3.13,106596
PBKM,20170626,55.48,55.94,54.00,55.94,1874
PCCEXOL,20170626,1.87,1.87,1.82,1.86,2150
PCCINTER,20170626,2.36,2.36,2.36,2.36,73
PCCROKITA,20170626,88.11,88.80,88.10,88.51,535
PCM,20170626,35.70,36.00,35.02,36.00,6045
PEKABEX,20170626,9.81,9.81,9.81,9.81,285
PEKAO,20170626,123.95,127.30,123.50,126.90,1393941
PEMANAGER,20170626,51.63,51.63,50.00,51.00,653
PEP,20170626,12.50,12.50,12.29,12.47,1618
PEPEES,20170626,1.29,1.29,1.24,1.29,14159
PETROLINV,20170626,1.49,1.57,1.33,1.33,246741
PFLEIDER,20170626,45.60,47.90,45.60,46.50,43873
PGE,20170626,12.25,12.39,12.18,12.29,1609162
PGNIG,20170626,6.55,6.63,6.45,6.55,3494601
PGODLEW,20170626,6.00,6.01,6.00,6.01,1570
PGSSOFT,20170626,14.94,15.00,14.94,15.00,7886
PHN,20170626,15.00,15.29,15.00,15.24,1879
PKNORLEN,20170626,119.05,119.85,117.00,117.00,516660
PKOBP,20170626,34.00,35.28,33.98,34.86,1854843
PKOSO,20170626,104.36,104.50,104.36,104.50,1612
PKPCARGO,20170626,62.86,62.87,62.61,62.85,7847
PLASTBOX,20170626,2.28,2.40,2.25,2.40,5478
PLATYNINW,20170626,0.77,0.80,0.77,0.80,2400
PLAYWAY,20170626,60.00,60.00,57.60,59.98,795
PLAZACNTR,20170626,6.70,6.89,6.70,6.89,27
PMPG,20170626,3.64,3.64,3.43,3.60,17145
POLICE,20170626,20.30,20.50,20.29,20.50,1187
POLIMEXMS,20170626,6.46,6.63,6.43,6.60,399397
POLMED,20170626,2.66,2.66,2.64,2.64,3000
POLNA,20170626,19.90,19.90,19.90,19.90,600
POLNORD,20170626,9.32,9.55,9.23,9.55,666391
POLWAX,20170626,14.84,14.88,14.70,14.70,5373
POZBUD,20170626,2.46,2.52,2.46,2.52,1407
PRAIRIE,20170626,1.47,1.47,1.43,1.45,44660
PRIMAMODA,20170626,4.34,4.34,4.20,4.20,1020
PROCAD,20170626,1.44,1.44,1.44,1.44,74
PROCHEM,20170626,17.73,17.75,17.52,17.74,489
PROCHNIK,20170626,0.88,0.89,0.87,0.88,20173
PROJPRZEM,20170626,8.11,8.70,8.00,8.50,6975
PROTEKTOR,20170626,3.73,3.74,3.70,3.74,12204
PROVIDENT,20170626,8.50,8.50,8.50,8.50,1
PULAWY,20170626,156.95,156.95,155.00,155.00,196
PZU,20170626,44.89,45.47,44.89,45.30,1145240
QMULTIFIZ,20170626,1062.01,1062.01,1062.01,1062.01,3
QUANTUM,20170626,16.00,16.00,15.40,15.60,1465
QUERCUS,20170626,6.15,6.34,6.15,6.34,2407
QUMAK,20170626,2.64,2.73,2.59,2.61,82841
RADPOL,20170626,2.29,2.29,2.20,2.20,17923
RAFAKO,20170626,7.95,7.98,7.86,7.95,94833
RAFAMET,20170626,14.25,14.38,14.25,14.38,540
RAINBOW,20170626,39.81,41.45,39.60,40.00,8519
RANKPROGR,20170626,1.90,1.91,1.86,1.91,49606
RAWLPLUG,20170626,12.30,12.30,12.00,12.19,3097
RCCOCOOPEN,20170626,69.75,69.75,67.80,67.80,70
RCCRUAOPEN,20170626,7.05,7.05,6.88,6.88,18294
RCFL2GOLD,20170626,55.05,55.05,55.05,55.05,18
RCFL2W20,20170626,111.10,111.10,111.10,111.10,30
RCFL3ACP,20170626,66.55,66.55,66.15,66.15,80
RCFL3COCO,20170626,5.68,5.68,5.68,5.68,120
RCFL3COFF,20170626,4.17,4.45,4.17,4.45,9000
RCFL3COPP,20170626,16.51,16.51,16.51,16.51,45
RCFL3CORN,20170626,7.97,7.97,7.97,7.97,1250
RCFL3DBK,20170626,2.93,2.97,2.93,2.93,700
RCFL3ENG,20170626,243.30,243.30,243.30,243.30,18
RCFL3GOLD,20170626,32.80,32.80,31.23,31.80,3945
RCFL3KGH,20170626,13.86,14.06,13.86,14.06,400
RCFL3OIL,20170626,0.84,0.85,0.83,0.83,54481
RCFL3OIL2,20170626,89.10,89.10,89.10,89.10,18
RCFL3OPL,20170626,10.54,10.54,10.54,10.54,1750
RCFL3PEO,20170626,32.66,32.98,32.62,32.98,793
RCFL3PZU,20170626,93.90,93.90,93.90,93.90,20
RCFL3SILVE,20170626,6.58,6.58,6.25,6.40,15724
RCFL3W20,20170626,89.25,90.00,89.25,90.00,130
RCFL3WHT,20170626,8.78,8.78,8.50,8.68,10600
RCFL4ESX,20170626,309.90,309.90,309.90,309.90,10
RCFL4OIL,20170626,4.71,4.71,4.35,4.35,8910
RCFS2BAS,20170626,24.89,24.89,24.89,24.89,40
RCFS2LPP,20170626,20.25,20.25,20.25,20.25,36
RCFS3COPP,20170626,4.41,4.43,4.41,4.43,44
RCFS3DBK,20170626,21.26,21.26,21.26,21.26,80
RCFS3OIL,20170626,133.80,133.80,133.80,133.80,30
RCFS3W20,20170626,34.99,35.00,33.38,33.38,640
RCFS4OIL,20170626,7.11,7.28,7.11,7.28,3400
RCGBSH10520,20170626,1073.70,1075.60,1073.70,1075.60,148
RCGCOMB0221,20170626,1042.70,1042.70,1042.70,1042.70,30
RCGCOMB11202,20170626,1035.10,1035.10,1035.10,1035.10,10
RCGLDAOPEN,20170626,473.60,473.60,467.10,467.10,51
RCGNS010920,20170626,1076.90,1080.30,1076.90,1079.80,300
RCGSXE0320,20170626,934.50,934.50,934.50,934.50,30
RCGW2010620,20170626,961.40,961.40,961.40,961.40,210
RCIDXB11018,20170626,1086.30,1086.30,1086.30,1086.30,30
RCRLPP0319,20170626,10447.50,10447.50,10447.50,10447.50,6
RCSCRAOPEN,20170626,339.40,339.40,339.40,339.40,15
RCSDGP0720,20170626,995.30,995.30,995.30,995.30,20
RCSILAOPEN,20170626,63.00,63.00,62.20,62.25,287
RCTLCOCO05,20170626,17.42,17.42,17.42,17.42,28
RCTLCOFF001,20170626,1.16,1.16,1.16,1.16,2200
RCTSSILV13,20170626,1.68,1.68,1.68,1.68,15
RCWHTAOPEN,20170626,5.49,5.49,5.49,5.49,1800
REDAN,20170626,1.71,1.71,1.71,1.71,789
REDWOOD,20170626,0.80,0.88,0.80,0.86,50
RELPOL,20170626,8.88,8.97,8.58,8.97,1427
REMAK,20170626,18.00,18.00,17.40,18.00,340
RESBUD,20170626,0.68,0.68,0.65,0.65,8503
ROBYG,20170626,3.22,3.25,3.21,3.25,335254
RONSON,20170626,1.72,1.72,1.70,1.71,11441
ROPCZYCE,20170626,21.00,21.50,20.80,21.50,1661
RUBICON,20170626,1.28,1.28,1.22,1.22,49
SANOK,20170626,68.80,68.80,68.46,68.61,1381
SARE,20170626,23.80,24.27,23.80,24.27,986
SECOGROUP,20170626,21.45,21.75,21.45,21.75,849
SELENAFM,20170626,19.85,19.85,19.85,19.85,1
SELVITA,20170626,67.22,67.22,66.41,66.62,513
SERINUS,20170626,1.14,1.15,1.13,1.13,19138
SFINKS,20170626,2.40,2.41,2.32,2.38,55041
SILVANO,20170626,11.88,11.88,11.88,11.88,30
SIMPLE,20170626,6.85,6.86,6.85,6.86,485
SKARBIEC,20170626,29.05,29.10,28.90,28.90,1048
SKOTAN,20170626,0.48,0.50,0.48,0.50,58707
SKYLINE,20170626,0.83,0.85,0.79,0.80,45750
SNIEZKA,20170626,68.00,68.20,68.00,68.00,617
SOHODEV,20170626,2.03,2.07,1.99,2.00,6627
SOLAR,20170626,1.09,1.10,1.09,1.10,5000
SONEL,20170626,10.00,10.00,10.00,10.00,66
STALEXP,20170626,3.95,4.14,3.95,4.11,247879
STALPROD,20170626,485.10,498.00,485.10,496.90,6946
STALPROFI,20170626,15.16,15.17,14.91,15.17,1110
STARHEDGE,20170626,0.53,0.58,0.50,0.55,185627
STELMET,20170626,22.73,22.73,22.30,22.50,2344
SUNEX,20170626,2.99,3.00,2.75,2.96,7890
SUWARY,20170626,9.50,9.50,9.50,9.50,2
SWISSMED,20170626,1.11,1.11,1.05,1.10,1840
SYGNITY,20170626,3.86,3.88,3.69,3.78,32515
SYNEKTIK,20170626,14.99,14.99,14.99,14.99,2
SYNTHOS,20170626,4.45,4.58,4.42,4.58,757525
TALEX,20170626,19.88,19.88,19.13,19.87,321
TARCZYNSKI,20170626,10.91,10.92,10.90,10.90,2636
TAURONPE,20170626,3.60,3.67,3.60,3.65,1468055
TERMOREX,20170626,2.11,2.11,2.11,2.11,80
TESGAS,20170626,2.87,2.87,2.87,2.87,1
TIM,20170626,10.10,10.10,10.00,10.05,770
TORPOL,20170626,11.96,12.57,11.96,12.57,18601
TRAKCJA,20170626,14.92,15.34,14.80,15.31,103811
TRANSPOL,20170626,6.26,6.26,6.12,6.25,653
TRIGONPP,20170626,135.95,135.95,135.95,135.95,1
TRIGONPP2,20170626,137.98,137.98,137.98,137.98,1
TRIGONPP3,20170626,134.95,134.95,134.95,134.95,1
TRIGONPP4,20170626,134.95,134.95,134.95,134.95,1
TRIGONPP5,20170626,134.00,134.00,134.00,134.00,203
TRIGONPP7,20170626,137.95,137.95,135.00,135.00,21
TRIGONPP8,20170626,138.97,138.97,138.97,138.97,1
TRITON,20170626,4.15,4.28,4.15,4.28,1276
TXM,20170626,4.17,4.17,4.17,4.17,432
ULMA,20170626,73.00,73.00,73.00,73.00,501
UNIBEP,20170626,13.18,13.18,13.17,13.17,319
UNICREDIT,20170626,67.52,69.00,67.52,69.00,509
UNIMA,20170626,3.63,3.63,3.45,3.54,1366
UNIMOT,20170626,45.25,45.25,44.70,44.80,1450
UNIWHEELS,20170626,252.00,252.00,251.50,251.50,193
URSUS,20170626,4.75,4.79,4.68,4.77,233612
VIGOSYS,20170626,370.00,370.00,370.00,370.00,596
VINDEXUS,20170626,9.34,9.34,9.01,9.30,7816
VISTAL,20170626,6.62,6.62,6.47,6.61,1487
VISTULA,20170626,3.43,3.43,3.31,3.40,88475
VIVID,20170626,3.41,3.41,3.31,3.33,9716
VOTUM,20170626,10.58,10.79,10.49,10.79,1465
VOXEL,20170626,17.37,17.37,16.92,16.99,1305
WADEX,20170626,5.40,5.42,5.39,5.40,12561
WARIMPEX,20170626,5.42,5.42,5.42,5.42,50
WASKO,20170626,1.85,1.85,1.80,1.84,5593
WAWEL,20170626,1194.00,1194.00,1171.10,1175.00,115
WDX,20170626,8.55,8.55,8.50,8.50,732
WIELTON,20170626,17.15,17.49,17.10,17.10,22105
WIKANA,20170626,1.58,1.58,1.58,1.58,600
WILBO,20170626,0.47,0.47,0.44,0.46,340529
WINVEST,20170626,1.60,1.60,1.45,1.60,1716
WIRTUALNA,20170626,53.68,54.00,52.90,54.00,3684
WITTCHEN,20170626,17.24,17.24,17.24,17.24,2
WOJAS,20170626,5.14,5.22,5.14,5.22,3075
WORKSERV,20170626,8.70,8.70,8.46,8.60,1385
XTB,20170626,6.55,6.55,6.50,6.50,10653
YOLO,20170626,3.63,3.63,3.49,3.50,19563
ZEPAK,20170626,16.20,16.40,15.93,15.95,14639
ZPUE,20170626,247.85,247.85,247.85,247.85,2
ZUE,20170626,10.20,10.28,10.00,10.28,4818
ZYWIEC,20170626,447.00,450.00,447.00,449.90,9
INVESTORMS,20170626,4948.78,4962.94,4948.78,4962.94,153905.042
MWIG40,20170626,4906.55,4937.35,4900.05,4930.37,110503.784
RESPECT,20170626,3019.43,3044.27,3017.99,3030.09,478721.912
SWIG80,20170626,16000.79,16044.22,15989.13,16044.22,26999.905
WIG,20170626,61386.30,61895.83,61386.30,61701.57,763874.626
WIG-BANKI,20170626,7203.12,7364.49,7203.12,7324.30,303327.493
WIG-BUDOW,20170626,3458.34,3494.64,3458.34,3494.16,12084.276
WIG-CEE,20170626,942.09,942.09,928.19,928.19,3310.141
WIG-CHEMIA,20170626,14962.26,15224.37,14860.05,15224.37,8850.031
WIG-ENERG,20170626,3086.76,3095.42,3061.11,3075.74,40243.529
WIG-GORNIC,20170626,4058.16,4075.79,4031.33,4043.87,77416.240
WIG-INFO,20170626,2281.93,2289.79,2268.78,2289.51,13760.040
WIG-LEKI,20170626,5922.83,6053.35,5906.09,6053.35,2627.382
WIG-MEDIA,20170626,5123.95,5171.74,5118.80,5171.74,1343.322
WIG-MOTO,20170626,5829.46,5829.46,5739.85,5778.92,1530.560
WIG-NRCHOM,20170626,2121.24,2124.49,2114.87,2123.05,12702.052
WIG-ODZIEZ,20170626,5872.72,6082.13,5872.72,5945.16,24038.016
WIG-PALIWA,20170626,7539.82,7587.18,7450.56,7453.40,99562.081
WIG-POLAND,20170626,62684.34,62898.02,62684.34,62898.02,760296.595
WIG-SPOZYW,20170626,4607.15,4616.81,4509.94,4528.93,2693.168
WIG-TELKOM,20170626,727.62,731.94,723.16,726.04,20117.301
WIG-UKRAIN,20170626,641.78,643.43,637.78,637.78,2074.733
WIG20,20170626,2313.84,2351.61,2313.84,2337.69,610586.756
WIG20LEV,20170626,725.84,749.44,725.84,740.74,610586.756
WIG20SHORT,20170626,3374.84,3374.84,3319.31,3339.77,610586.756
WIG20TR,20170626,3978.12,3990.55,3978.12,3990.55,610586.756
WIG30,20170626,2682.99,2713.61,2682.99,2701.06,672663.973
WIG30TR,20170626,4542.79,4559.49,4542.79,4559.49,672663.973
WIGDIV,20170626,1175.11,1186.47,1175.11,1180.07,374614.045
