11BIT,20180327,208.50,212.00,208.50,211.50,2877
4FUNMEDIA,20180327,9.80,9.80,9.14,9.32,1728
AATHOLD,20180327,23.00,23.00,23.00,23.00,1
ABCDATA,20180327,1.96,1.97,1.93,1.93,129332
ABMSOLID,20180327,12.20,12.20,11.35,11.70,139
ABPL,20180327,26.30,26.30,26.10,26.20,1058
ACAUTOGAZ,20180327,42.00,42.00,42.00,42.00,70
ACTION,20180327,3.17,3.20,3.10,3.15,7204
ADIUVO,20180327,8.00,8.00,7.80,8.00,7785
AGORA,20180327,14.50,14.50,14.40,14.50,1371
AGROTON,20180327,5.40,5.40,5.17,5.39,2260
AILLERON,20180327,16.20,16.20,16.20,16.20,8
AIRWAY,20180327,0.73,0.74,0.69,0.70,67010
ALIOR,20180327,76.20,77.15,74.60,74.70,255144
ALTA,20180327,2.96,2.96,2.96,2.96,1
ALTUSTFI,20180327,14.50,14.50,14.25,14.40,1390
ALUMETAL,20180327,53.40,55.10,53.40,54.50,3529
AMBRA,20180327,13.20,13.45,13.20,13.45,242
AMICA,20180327,132.40,133.80,125.20,125.60,6113
AMREST,20180327,445.00,450.00,437.00,440.00,19398
APATOR,20180327,22.90,22.90,22.20,22.30,3232
APLISENS,20180327,12.50,12.50,12.00,12.50,405
APSENERGY,20180327,2.16,2.16,2.00,2.00,6631
ARCHICOM,20180327,15.95,15.95,15.55,15.90,1780
ARCTIC,20180327,3.80,3.80,3.78,3.78,404
ARCUS,20180327,1.41,1.41,1.41,1.41,23
ARTERIA,20180327,7.18,7.18,6.82,7.18,406
ARTIFEX,20180327,8.44,8.76,8.28,8.76,4230
ASBIS,20180327,3.38,3.45,3.38,3.38,37646
ASSECOBS,20180327,28.50,29.10,27.70,28.00,1182
ASSECOPOL,20180327,45.90,47.42,45.90,47.14,136260
ASSECOSEE,20180327,12.75,12.95,12.75,12.95,2504
ASTARTA,20180327,47.20,49.40,47.20,48.50,1305
ATAL,20180327,43.50,43.50,43.00,43.00,472
ATENDE,20180327,4.21,4.25,3.99,4.25,3924
ATLANTIS,20180327,0.69,0.69,0.65,0.67,13092
ATLASEST,20180327,0.97,0.97,0.93,0.95,6102
ATM,20180327,9.78,9.78,9.30,9.32,700
ATMGRUPA,20180327,4.29,4.29,4.16,4.16,1927
ATREM,20180327,2.42,2.42,2.42,2.42,20
AUTOPARTN,20180327,4.48,4.48,4.33,4.40,47185
AVIAAML,20180327,5.60,5.60,5.58,5.58,27266
AVIASG,20180327,15.35,15.35,15.35,15.35,2
AWBUD,20180327,2.40,2.43,2.26,2.35,5722
BAHOLDING,20180327,8.42,8.50,8.22,8.30,13177
BALTONA,20180327,3.45,3.45,3.45,3.45,12
BBIDEV,20180327,0.70,0.71,0.69,0.70,67237
BEDZIN,20180327,28.80,28.80,28.50,28.80,59
BENEFIT,20180327,1025.00,1040.00,1020.00,1020.00,324
BEST,20180327,28.80,29.40,28.80,29.40,1000
BETACOM,20180327,11.40,11.40,11.40,11.40,147
BGZBNPP,20180327,66.00,68.00,63.40,68.00,657
BIK,20180327,17.00,17.00,16.95,16.95,2
BIOMEDLUB,20180327,1.51,1.52,1.46,1.50,43469
BIOTON,20180327,4.46,4.55,4.34,4.49,42567
BOGDANKA,20180327,48.00,48.60,47.05,47.10,5080
BORYSZEW,20180327,9.22,9.37,9.22,9.37,88256
BOS,20180327,9.27,9.27,9.01,9.19,5728
BRASTER,20180327,6.10,6.40,6.06,6.34,12708
BSCDRUK,20180327,40.40,40.40,37.00,37.60,25676
BUDIMEX,20180327,210.00,211.50,202.50,204.00,10837
BUMECH,20180327,0.44,0.45,0.42,0.42,749263
BYTOM,20180327,2.97,3.03,2.97,3.00,6023
BZWBK,20180327,371.00,372.80,361.60,361.60,31729
CAPITAL,20180327,4.09,4.12,3.98,4.09,15963
CCC,20180327,240.00,250.20,240.00,246.60,130367
CDPROJEKT,20180327,110.70,115.20,110.50,112.90,215890
CDRL,20180327,30.80,30.80,29.60,30.00,76
CELTIC,20180327,7.40,7.40,7.40,7.40,200
CEZ,20180327,84.80,84.95,84.80,84.95,200
CFI,20180327,0.41,0.42,0.40,0.42,21321
CHEMOS,20180327,1.12,1.12,1.06,1.07,62704
CIECH,20180327,56.00,57.20,55.25,55.65,106566
CIGAMES,20180327,0.98,1.01,0.98,1.00,579681
CITYSERV,20180327,12.00,12.50,11.80,12.50,1727
CLNPHARMA,20180327,30.00,30.80,29.85,30.30,37639
CNT,20180327,9.00,9.00,9.00,9.00,504
COGNOR,20180327,1.89,1.90,1.76,1.77,70739
COLIAN,20180327,3.50,3.51,3.50,3.51,50722
COMARCH,20180327,140.00,143.00,140.00,143.00,540
COMP,20180327,67.50,69.50,66.00,66.00,2091
CORMAY,20180327,1.12,1.13,1.02,1.10,327412
CPGROUP,20180327,6.50,6.50,6.50,6.50,2
CUBEITG,20180327,0.40,0.42,0.39,0.39,51417
CYFRPLSAT,20180327,24.60,25.20,24.60,25.20,969187
CZTOREBKA,20180327,0.49,0.49,0.48,0.48,232
DEBICA,20180327,124.00,124.00,123.00,124.00,400
DECORA,20180327,9.70,9.70,9.46,9.70,102
DEKPOL,20180327,44.60,44.60,44.40,44.40,42
DELKO,20180327,10.15,10.20,9.90,9.90,2644
DGA,20180327,6.60,6.60,6.38,6.56,1289
DINOPL,20180327,87.45,89.60,86.25,89.35,138772
DOMDEV,20180327,85.20,86.40,83.80,84.40,5399
DREWEX,20180327,0.86,0.86,0.86,0.86,78
DROZAPOL,20180327,1.73,1.86,1.73,1.80,534
ECHO,20180327,5.15,5.16,5.14,5.15,48651
EDINVEST,20180327,2.10,2.10,2.10,2.10,2202
EFEKT,20180327,23.30,23.30,23.30,23.30,6
EKOEXPORT,20180327,6.34,6.50,6.34,6.46,12490
ELBUDOWA,20180327,88.20,92.00,88.00,91.60,2508
ELEKTROTI,20180327,8.88,8.88,8.60,8.80,606
ELEMENTAL,20180327,1.92,1.94,1.89,1.89,39328
ELKOP,20180327,0.43,0.43,0.41,0.42,25366
EMCINSMED,20180327,8.55,8.55,8.55,8.55,1
EMPERIA,20180327,99.40,100.00,99.20,100.00,2122
ENAP,20180327,1.29,1.29,1.29,1.29,2
ENEA,20180327,9.52,9.69,9.41,9.45,697660
ENERGA,20180327,9.89,10.13,9.80,10.13,584754
ENERGOINS,20180327,1.14,1.14,1.08,1.12,6601
ENTER,20180327,26.10,26.10,24.50,25.90,553
ERBUD,20180327,21.00,21.60,20.90,21.50,4036
ERG,20180327,49.90,49.90,47.30,47.30,371
ERGIS,20180327,4.25,4.25,4.25,4.25,2740
ESOTIQ,20180327,26.60,26.60,24.20,25.90,1234
ESSYSTEM,20180327,2.54,2.72,2.54,2.72,7211
ETFDAX,20180327,480.70,500.00,480.70,481.20,24
ETFSP500,20180327,92.83,93.02,92.65,93.02,393
ETFW20L,20180327,268.05,272.00,268.05,270.00,1073
EUCO,20180327,18.00,18.00,17.30,17.90,856
EUROCASH,20180327,23.99,24.50,23.80,24.16,218821
EUROHOLD,20180327,4.50,5.00,4.50,4.80,4039
EUROTEL,20180327,25.10,25.10,24.90,24.90,163
EVEREST,20180327,0.51,0.51,0.51,0.51,200
FAMUR,20180327,6.10,6.22,6.10,6.12,33891
FASING,20180327,16.25,17.00,16.25,16.70,1014
FASTFIN,20180327,1.35,1.35,1.31,1.31,600
FEERUM,20180327,13.85,13.85,13.20,13.20,403
FERRO,20180327,14.30,14.30,14.00,14.10,166362
FERRUM,20180327,4.19,4.19,4.19,4.19,10
FORTE,20180327,54.30,54.30,51.30,54.30,12876
FORTUNA,20180327,30.20,30.20,30.20,30.20,2411
GETBACK,20180327,10.16,10.36,8.70,9.38,1123738
GETIN,20180327,1.16,1.18,1.13,1.14,61761
GETINOBLE,20180327,1.38,1.39,1.33,1.35,182854
GINOROSSI,20180327,1.15,1.16,1.10,1.15,282126
GLCOSMED,20180327,2.04,2.04,2.04,2.04,22
GOBARTO,20180327,8.80,8.80,8.70,8.80,3226
GORENJE,20180327,25.80,25.80,23.80,25.40,22
GPRE,20180327,5.48,5.48,5.28,5.38,910
GPW,20180327,42.75,42.75,41.40,41.80,34234
GRAVITON,20180327,0.61,0.61,0.54,0.54,4919
GROCLIN,20180327,5.04,5.04,4.89,4.97,7179
GRODNO,20180327,12.50,12.50,12.50,12.50,2
GRUPAAZOTY,20180327,56.20,57.55,56.05,56.10,24295
GTC,20180327,9.24,9.27,9.06,9.18,114356
HANDLOWY,20180327,78.00,78.00,76.90,76.90,26266
HARPER,20180327,0.90,0.90,0.82,0.85,1002
HELIO,20180327,12.75,12.75,11.70,12.40,906
HERKULES,20180327,3.20,3.23,3.19,3.21,23136
HUBSTYLE,20180327,0.47,0.47,0.47,0.47,1
HYDROTOR,20180327,41.20,41.40,41.20,41.20,845
I2DEV,20180327,18.25,18.50,18.20,18.50,3880
IDEABANK,20180327,15.65,15.70,15.05,15.30,2952
IFCAPITAL,20180327,0.72,0.72,0.67,0.67,28323
IFIRMA,20180327,3.42,3.42,3.35,3.37,8079
IIAAV,20180327,8.74,8.74,8.74,8.74,308
IMCOMPANY,20180327,13.20,13.20,13.05,13.10,165114
IMMOBILE,20180327,3.74,3.74,3.45,3.62,35156
IMPEL,20180327,17.80,17.80,16.90,17.80,12
IMPERA,20180327,1.21,1.21,1.21,1.21,6
IMPEXMET,20180327,4.43,4.44,4.42,4.43,1323645
IMS,20180327,3.82,3.86,3.82,3.86,11517
INDATA,20180327,0.44,0.45,0.41,0.43,333589
INDYKPOL,20180327,82.00,82.00,81.50,81.50,401
INGBSK,20180327,196.20,203.50,196.20,199.00,28287
INPRO,20180327,6.20,6.20,6.10,6.10,638
INSTALKRK,20180327,12.45,13.00,12.40,12.60,13779
INTERAOLT,20180327,12.80,12.80,12.55,12.80,319
INTERCARS,20180327,261.00,263.00,261.00,261.50,863
INTERFERI,20180327,3.98,4.00,3.98,4.00,1005
INTERSPPL,20180327,2.13,2.13,2.02,2.09,4006
INTLBCO20164,20180327,51.50,51.50,51.50,51.50,80
INTLDAX13169,20180327,198.50,198.50,198.50,198.50,5
INTLDAX15099,20180327,83.90,83.90,83.90,83.90,10
INTLDAX16477,20180327,64.25,66.40,63.85,64.55,131
INTLDAX16816,20180327,57.00,57.00,56.30,56.30,110
INTLDAX17038,20180327,40.20,40.20,40.20,40.20,150
INTLDAX17046,20180327,47.37,47.37,46.00,46.00,225
INTLDAX17178,20180327,29.00,30.00,29.00,30.00,332
INTLDAX17418,20180327,20.20,22.08,17.85,19.45,2872
INTLDOW20545,20180327,69.45,69.45,69.45,69.45,57
INTLESX00778,20180327,51.25,51.25,51.25,51.25,33
INTLEUD19240,20180327,38.13,38.13,36.00,36.00,504
INTLEUD19471,20180327,30.60,30.60,28.36,28.36,482
INTLEUR19901,20180327,15.82,15.82,15.82,15.82,100
INTLGLD09621,20180327,83.70,83.70,83.70,83.70,35
INTLGLD11726,20180327,114.50,114.50,114.50,114.50,50
INTLGLD12831,20180327,69.05,69.05,66.40,66.40,1155
INTLGLD18317,20180327,54.85,54.85,52.75,52.75,2248
INTLKGH16576,20180327,15.01,15.01,12.25,12.47,1596
INTLNDX12906,20180327,111.60,111.60,111.60,111.60,12
INTLNDX18713,20180327,61.00,61.00,61.00,61.00,28
INTLNKX20198,20180327,70.80,70.80,70.80,70.80,22
INTLOPL18309,20180327,1.89,1.89,1.88,1.88,10000
INTLPEO12419,20180327,23.97,23.97,23.97,23.97,20
INTLPEO16402,20180327,34.59,34.59,34.59,34.59,100
INTLPGE15628,20180327,1.30,1.35,1.27,1.30,14200
INTLPGE16725,20180327,2.30,2.30,2.30,2.30,1000
INTLPKN17111,20180327,14.36,14.36,14.07,14.07,400
INTLPKN17897,20180327,9.54,9.54,9.54,9.54,300
INTLPKO20008,20180327,7.30,7.30,7.30,7.30,700
INTLPKO20297,20180327,6.01,6.10,5.45,5.45,1800
INTLPZU20669,20180327,5.44,5.44,4.57,4.57,5545
INTLSLV10652,20180327,11.00,11.00,11.00,11.00,26
INTLSLV12054,20180327,13.29,13.29,12.78,12.78,161
INTLSLV12955,20180327,7.51,7.51,7.03,7.03,4534
INTLSP520560,20180327,7.79,7.91,7.60,7.85,652
INTLSPX17822,20180327,15.62,15.62,15.56,15.56,400
INTLSPX17830,20180327,19.51,19.58,19.51,19.58,117
INTLUSD20602,20180327,13.04,14.91,12.82,14.24,6040
INTLUSD20610,20180327,18.91,19.53,18.81,19.31,659
INTLUSD20842,20180327,28.01,30.11,28.01,30.11,210
INTLUSJ16238,20180327,28.30,28.30,28.30,28.30,16
INTLUSJ16360,20180327,14.77,15.29,14.77,15.29,2720
INTLVOW13763,20180327,24.90,24.90,24.90,24.90,245
INTLVOW20156,20180327,8.40,8.47,7.22,7.80,381
INTLW2012328,20180327,7.22,7.22,7.22,7.22,171
INTLW2012484,20180327,8.53,8.53,8.41,8.41,268
INTLW2014621,20180327,5.73,5.73,5.73,5.73,6000
INTLW2017574,20180327,2.36,2.37,2.36,2.37,14435
INTLW2017582,20180327,2.59,2.64,2.59,2.64,35500
INTLW2017699,20180327,2.20,2.20,2.20,2.20,1208
INTLW2017764,20180327,1.31,1.39,1.31,1.39,1904
INTLW2017772,20180327,1.70,1.70,1.38,1.38,88791
INTLW2017780,20180327,1.88,1.92,1.79,1.79,5177
INTLW2017905,20180327,1.13,1.18,0.80,0.90,73335
INTROL,20180327,5.50,5.50,5.50,5.50,23
INTSADS19398,20180327,12.38,12.73,12.38,12.43,400
INTSBCO09589,20180327,24.83,24.86,23.00,24.67,2004
INTSDAX18424,20180327,81.15,82.50,81.15,82.50,16
INTSDAX19968,20180327,103.90,104.00,103.30,104.00,120
INTSDAX20180,20180327,117.80,117.80,116.50,116.50,62
INTSDAX20883,20180327,57.60,59.55,55.45,59.20,4581
INTSDOW20271,20180327,128.00,132.40,126.50,132.40,195
INTSDOW20552,20180327,180.00,180.00,180.00,180.00,1
INTSEUD02683,20180327,20.14,21.86,20.14,21.86,197
INTSEUR12500,20180327,37.47,37.47,37.47,37.47,9
INTSEUR17707,20180327,17.02,17.23,17.02,17.23,1001
INTSGLD01057,20180327,37.37,41.50,37.37,41.21,513
INTSGLD14936,20180327,56.15,59.35,56.15,59.35,36
INTSKGH00711,20180327,60.35,61.05,59.40,61.05,102
INTSKGH17988,20180327,71.85,71.85,71.85,71.85,50
INTSNDX20750,20180327,22.70,24.26,22.51,24.00,205
INTSNDX20768,20180327,35.59,35.59,35.59,35.59,37
INTSNKX20461,20180327,151.60,151.60,151.60,151.60,10
INTSOPL11650,20180327,1.26,1.26,1.26,1.26,632
INTSPEO10025,20180327,40.01,40.01,40.01,40.01,300
INTSPKN20313,20180327,41.60,41.60,41.41,41.41,550
INTSPKO20693,20180327,15.23,15.23,15.23,15.23,30
INTSPZU19638,20180327,8.57,9.32,8.57,9.32,2200
INTSSLV15933,20180327,12.35,12.35,12.35,12.35,97
INTSSP520578,20180327,11.75,12.55,11.65,12.55,1059
INTSSP520776,20180327,16.84,16.89,16.84,16.89,209
INTSUSD19257,20180327,34.56,34.56,34.56,34.56,10
INTSUSD20628,20180327,20.89,20.89,20.89,20.89,50
INTSUSD20834,20180327,17.68,17.68,15.90,16.47,2745
INTSUSJ17244,20180327,41.98,41.98,41.98,41.98,8
INTSUSJ17509,20180327,34.34,34.34,34.34,34.34,100
INTSVOW08904,20180327,32.00,32.00,32.00,32.00,50
INTSW2005892,20180327,4.60,4.71,4.60,4.69,1118
INTSW2020859,20180327,3.28,3.61,3.27,3.51,15022
INTSW2020867,20180327,3.68,3.81,3.68,3.81,2180
INVPEFIZ,20180327,548.00,555.50,546.00,555.50,34
IPOPEMA,20180327,1.50,1.50,1.50,1.50,60
ITMTRADE,20180327,3.28,3.28,3.18,3.28,64
IZOBLOK,20180327,68.00,68.00,58.80,59.60,5616
IZOLACJA,20180327,2.00,2.00,2.00,2.00,1
IZOSTAL,20180327,4.32,4.47,4.30,4.30,136
JHMDEV,20180327,1.96,1.96,1.96,1.96,1
JSW,20180327,88.60,89.20,84.78,85.00,356127
JWCONSTR,20180327,4.15,4.16,4.14,4.16,1137
JWWINVEST,20180327,1.47,1.47,1.46,1.46,500
K2INTERNT,20180327,14.65,14.75,14.60,14.75,29748
KANIA,20180327,1.50,1.54,1.48,1.53,27242
KBDOM,20180327,0.60,0.64,0.60,0.64,25
KCI,20180327,0.72,0.75,0.71,0.74,7018
KERNEL,20180327,49.50,50.10,48.90,49.85,4497
KETY,20180327,352.50,353.00,347.00,347.00,555
KGHM,20180327,88.60,89.76,86.80,86.80,706572
KGL,20180327,20.20,20.20,20.00,20.00,2
KINOPOL,20180327,11.50,11.50,11.25,11.25,13
KOGENERA,20180327,80.00,80.00,77.20,80.00,20
KOMPAP,20180327,8.00,8.00,8.00,8.00,13
KOMPUTRON,20180327,5.74,5.74,5.50,5.50,1151
KONSSTALI,20180327,32.70,32.70,31.00,32.00,6224
KOPEX,20180327,3.85,3.85,3.75,3.80,7066
KPPD,20180327,24.80,24.80,24.80,24.80,100
KRAKCHEM,20180327,1.67,1.67,1.67,1.67,15
KREC,20180327,5.64,5.80,5.64,5.80,3149
KREDYTIN,20180327,18.20,18.20,18.20,18.20,1
KREZUS,20180327,3.16,3.30,3.02,3.05,1382790
KRUK,20180327,210.00,212.40,206.60,208.00,111609
KRVITAMIN,20180327,5.80,5.80,5.64,5.80,2406
LABOPRINT,20180327,13.15,13.15,13.15,13.15,7
LARQ,20180327,14.80,14.80,14.15,14.55,1304
LCCORP,20180327,2.76,2.80,2.73,2.73,70538
LENA,20180327,4.80,5.00,4.79,5.00,44738
LENTEX,20180327,7.44,7.54,7.44,7.48,13073
LIBET,20180327,1.31,1.31,1.18,1.22,175925
LIVECHAT,20180327,38.00,38.90,38.00,38.20,7060
LOKUM,20180327,17.80,17.80,17.40,17.70,210
LOTOS,20180327,54.72,55.34,53.72,54.22,224051
LPP,20180327,9100.00,9220.00,9060.00,9090.00,1475
LSISOFT,20180327,13.20,13.50,13.10,13.50,991
LUBAWA,20180327,0.78,0.79,0.77,0.79,48719
MABION,20180327,95.00,97.70,93.90,97.50,19441
MAKARONPL,20180327,5.35,5.35,5.35,5.35,3835
MANGATA,20180327,94.40,94.40,92.00,94.40,15
MARVIPOL,20180327,6.18,6.18,5.95,5.95,6279
MASTERPHA,20180327,4.15,4.25,4.00,4.25,16667
MAXCOM,20180327,25.80,26.20,25.00,25.40,4931
MBANK,20180327,440.00,441.60,428.80,428.80,10431
MBWS,20180327,38.80,38.80,37.50,37.50,13
MCI,20180327,8.96,8.96,8.70,8.70,5930
MDIENERGIA,20180327,4.00,4.00,3.86,3.90,7319
MEDIACAP,20180327,2.31,2.42,2.30,2.40,16643
MEDICALG,20180327,123.60,123.60,120.20,123.00,228
MEDYCZNYFIZ,20180327,101.40,101.40,101.40,101.40,1
MERCATOR,20180327,16.60,16.60,16.00,16.45,410
MERCOR,20180327,10.50,10.50,10.25,10.50,157
MEXPOLSKA,20180327,4.82,4.87,4.82,4.87,201
MFO,20180327,32.50,32.50,32.00,32.30,5
MILKILAND,20180327,1.31,1.39,1.31,1.39,13
MILLENNIUM,20180327,8.18,8.22,8.00,8.00,1189273
MIRACULUM,20180327,1.38,1.39,1.30,1.33,15246
MIRBUD,20180327,1.41,1.42,1.39,1.39,102894
MONNARI,20180327,9.14,9.20,9.04,9.10,6487
MORIZON,20180327,2.12,2.12,2.12,2.12,10000
MOSTALPLC,20180327,10.25,10.25,9.72,10.25,102
MOSTALWAR,20180327,4.13,4.45,4.13,4.39,2475
MOSTALZAB,20180327,0.61,0.64,0.61,0.62,246269
MUZA,20180327,3.52,3.56,3.52,3.56,2390
NETIA,20180327,5.36,5.37,5.28,5.30,38168
NETMEDIA,20180327,9.30,9.45,9.30,9.45,3000
NEUCA,20180327,297.00,304.00,297.00,301.00,1879
NEWAG,20180327,17.50,18.00,17.50,17.90,6359
NORTCOAST,20180327,6.16,6.16,6.16,6.16,51
NOVATURAS,20180327,45.19,45.19,44.60,44.99,8
NOVITA,20180327,45.60,46.70,45.60,46.70,325
NOWAGALA,20180327,1.44,1.47,1.40,1.47,13785
NTTSYSTEM,20180327,2.00,2.15,2.00,2.14,1142
ODLEWNIE,20180327,3.42,3.42,3.40,3.40,14165
OPENFIN,20180327,1.15,1.15,1.04,1.04,23215
OPONEO.PL,20180327,42.20,42.20,41.00,42.00,7206
OPTEAM,20180327,6.70,7.00,6.70,7.00,2592
ORANGEPL,20180327,5.84,5.88,5.76,5.76,2384119
ORBIS,20180327,97.00,97.80,95.40,95.40,279
ORCOGROUP,20180327,1.88,1.90,1.88,1.90,7736
ORION,20180327,74.00,76.50,70.50,76.50,63
ORZBIALY,20180327,11.90,11.90,11.60,11.90,937
OTLOG,20180327,20.80,20.80,20.80,20.80,1
OTMUCHOW,20180327,3.02,3.02,3.02,3.02,1
OVOSTAR,20180327,94.00,94.00,93.00,93.00,10001
PAMAPOL,20180327,0.93,0.93,0.91,0.91,2000
PANOVA,20180327,21.90,22.10,21.90,22.10,402
PATENTUS,20180327,1.00,1.00,0.99,1.00,5178
PBKM,20180327,79.00,79.60,78.20,78.20,723
PCCEXOL,20180327,1.60,1.60,1.60,1.60,6334
PCCROKITA,20180327,112.50,113.50,112.50,112.50,669
PCM,20180327,25.30,25.30,25.20,25.20,5458
PEKABEX,20180327,10.20,10.20,10.20,10.20,1485
PEKAO,20180327,126.30,126.30,123.15,123.80,325920
PEMANAGER,20180327,40.40,40.40,39.00,39.20,595
PEP,20180327,16.95,17.15,16.85,17.00,4001
PEPEES,20180327,1.57,1.57,1.57,1.57,4
PFLEIDER,20180327,37.40,37.40,37.00,37.00,6598
PGE,20180327,10.02,10.27,10.02,10.09,1672330
PGNIG,20180327,5.91,5.95,5.76,5.76,5149471
PGO,20180327,4.60,4.60,4.60,4.60,37
PGSSOFT,20180327,12.30,12.30,11.50,11.90,1556
PHN,20180327,14.40,14.40,14.15,14.30,126
PKNORLEN,20180327,87.00,88.60,86.22,86.22,430951
PKOBP,20180327,40.98,41.40,40.50,40.60,1557289
PKOSO,20180327,107.21,107.22,107.20,107.20,2367
PKPCARGO,20180327,43.85,43.85,41.65,41.65,33870
PLASTBOX,20180327,2.19,2.19,2.19,2.19,1
PLAY,20180327,32.20,32.70,31.62,31.62,139991
PLAYWAY,20180327,96.80,97.20,96.00,96.00,728
PLAZACNTR,20180327,4.09,4.09,4.09,4.09,16
PMPG,20180327,2.75,2.81,2.75,2.81,510
POLICE,20180327,19.25,19.65,19.10,19.60,2738
POLIMEXMS,20180327,4.40,4.50,4.08,4.40,826164
POLMED,20180327,2.60,2.60,2.58,2.60,394
POLNORD,20180327,8.58,8.58,8.36,8.44,1889
POLWAX,20180327,10.85,10.85,10.70,10.70,399
POZBUD,20180327,3.80,3.85,3.77,3.82,3001
PRAGMAFA,20180327,19.75,19.75,19.75,19.75,3
PRAGMAINK,20180327,14.30,14.90,14.00,14.90,1857
PRAIRIE,20180327,2.33,2.39,2.27,2.32,107164
PRIMAMODA,20180327,2.56,2.56,2.54,2.54,497
PROCAD,20180327,1.60,1.60,1.60,1.60,37
PROCHEM,20180327,16.80,17.15,16.40,16.80,3514
PROCHNIK,20180327,0.49,0.49,0.37,0.37,818479
PROJPRZEM,20180327,16.80,16.80,16.55,16.55,1316
PROTEKTOR,20180327,3.70,3.78,3.65,3.78,883
PULAWY,20180327,140.00,140.00,135.00,138.50,502
PZU,20180327,43.48,43.71,42.37,42.37,729707
PZUAKORD,20180327,107.85,107.85,107.85,107.85,100
QUANTUM,20180327,16.90,16.90,16.90,16.90,1
QUERCUS,20180327,5.16,5.24,5.16,5.24,12079
QUMAK,20180327,1.41,1.41,1.36,1.40,20480
R22,20180327,19.10,19.36,19.10,19.36,75
RADPOL,20180327,1.60,1.62,1.56,1.57,11204
RAFAKO,20180327,4.48,4.48,4.38,4.45,97434
RAFAMET,20180327,12.10,12.10,12.10,12.10,200
RAINBOW,20180327,44.70,44.70,43.50,43.50,434
RANKPROGR,20180327,2.15,2.22,2.10,2.18,8743
RAWLPLUG,20180327,10.00,10.00,9.70,9.70,20482
RCBSX7E0419,20180327,1022.90,1022.90,1022.90,1022.90,500
RCCOFFAOPEN1,20180327,3.58,3.58,3.58,3.58,300
RCDAXAOPEN,20180327,507.70,507.70,507.70,507.70,3
RCFL2SILVE,20180327,21.19,21.19,21.19,21.19,200
RCFL3ADS12,20180327,9.38,9.38,8.97,8.97,5000
RCFL3BMW,20180327,59.90,59.90,58.40,58.40,199
RCFL3CCC,20180327,173.20,173.20,173.20,173.20,281
RCFL3COCO,20180327,12.00,12.73,10.86,10.98,2350
RCFL3DBK,20180327,1.05,1.05,1.05,1.05,150
RCFL3DWNI,20180327,15.97,15.97,15.97,15.97,400
RCFL3ENA,20180327,74.70,77.00,74.70,75.55,357
RCFL3GOLD,20180327,33.07,33.07,33.07,33.07,47
RCFL3KGH,20180327,5.92,6.06,5.53,5.53,6420
RCFL3OIL3,20180327,22.70,22.70,22.70,22.70,10
RCFL3SILVE,20180327,5.58,5.58,5.58,5.58,300
RCFL3SUGA,20180327,1.28,1.28,1.28,1.28,780
RCFL3TPE,20180327,55.70,56.65,55.70,56.65,26
RCFL3W20,20180327,79.00,79.05,77.00,77.00,716
RCFL4ESX,20180327,221.20,221.20,221.20,221.20,10
RCFL4OIL,20180327,19.31,19.31,19.31,19.31,300
RCFL5SILVE,20180327,6.80,6.80,6.80,6.80,200
RCFS2LPP,20180327,9.40,9.40,9.40,9.40,70
RCFS2MBK,20180327,37.63,37.63,37.63,37.63,30
RCFS2TPE,20180327,67.60,67.60,67.60,67.60,10
RCFS3CCC,20180327,14.89,14.89,14.89,14.89,300
RCFS3FDX,20180327,14.27,14.27,14.27,14.27,513
RCFS3KGH,20180327,7.37,7.85,7.36,7.85,2848
RCFS3LPP,20180327,2.12,2.12,2.08,2.10,14485
RCFS3OIL,20180327,25.50,25.77,25.00,25.77,801
RCFS3OIL2,20180327,4.75,4.75,4.75,4.75,500
RCFS3PKO,20180327,6.69,6.69,6.69,6.69,190
RCFS3W20,20180327,34.05,34.67,34.05,34.67,210
RCFS4ESX,20180327,2.07,2.07,2.07,2.07,2000
RCFS4OIL,20180327,0.73,0.74,0.71,0.74,8211
RCGETNA0321,20180327,1016.10,1016.10,1016.10,1016.10,20
RCGLDAOPEN,20180327,458.50,458.50,456.00,456.00,27
RCGSXHC0222,20180327,976.20,976.20,976.20,976.20,99
RCGSXLV1220,20180327,978.70,978.70,978.70,978.70,130
RCGTECBSK0321,20180327,990.70,990.70,990.70,990.70,320
RCGXAU0322,20180327,1011.70,1011.70,1011.70,1011.70,125
RCLOILAOPEN,20180327,24.44,24.44,24.44,24.44,107
RCNDXAOPEN,20180327,230.30,230.30,230.20,230.20,85
RCNIKAOPEN,20180327,66.80,66.80,66.80,66.80,17
RCSCEAOPEN,20180327,52.80,53.15,52.80,53.15,300
RCSDAXOPEN,20180327,103.70,103.70,103.60,103.60,170
RCSILAOPEN,20180327,56.80,56.80,56.35,56.35,360
RCTLCOCO01,20180327,32.74,32.74,30.53,30.53,1720
RCTLCOCO05,20180327,40.00,40.00,39.79,39.79,70
REDAN,20180327,1.01,1.01,1.01,1.01,32498
REDWOOD,20180327,0.40,0.40,0.36,0.40,111
RELPOL,20180327,7.78,8.06,7.78,8.06,230
REMAK,20180327,11.20,11.20,10.50,10.70,1184
RESBUD,20180327,0.40,0.40,0.39,0.40,34667
RONSON,20180327,1.35,1.35,1.31,1.32,1956
ROPCZYCE,20180327,23.60,23.60,23.60,23.60,728
RUBICON,20180327,1.25,1.25,1.25,1.25,71
SANOK,20180327,36.90,37.50,36.80,36.80,556
SANWIL,20180327,0.73,0.77,0.73,0.77,56
SARE,20180327,17.70,19.40,17.70,19.40,65
SECOGROUP,20180327,17.00,17.80,17.00,17.80,433
SELENAFM,20180327,14.00,14.00,13.50,13.90,2468
SELVITA,20180327,59.70,60.30,59.00,60.20,3265
SELVITA-PDA,20180327,60.00,60.50,60.00,60.50,122
SERINUS,20180327,0.98,0.99,0.97,0.98,37028
SESCOM,20180327,40.00,40.00,40.00,40.00,105
SFINKS,20180327,1.33,1.35,1.32,1.35,69517
SKARBIEC,20180327,30.40,31.30,30.20,31.30,4710
SKYLINE,20180327,0.80,0.80,0.77,0.80,13821
SLEEPZAG,20180327,5.00,5.00,5.00,5.00,2
SNIEZKA,20180327,70.00,70.00,70.00,70.00,3
SOHODEV,20180327,1.66,1.74,1.65,1.66,7550
SOLAR,20180327,1.12,1.14,1.12,1.14,1609
STALEXP,20180327,4.08,4.08,4.04,4.04,53039
STALPROD,20180327,453.50,457.50,450.50,457.00,352
STALPROFI,20180327,14.30,14.50,14.30,14.50,806
STELMET,20180327,17.20,17.20,16.20,17.20,250
SUNEX,20180327,2.80,2.80,2.54,2.70,860
SUWARY,20180327,14.10,14.20,13.80,14.20,4954
SWISSMED,20180327,1.22,1.22,1.22,1.22,1001
SYGNITY,20180327,3.70,3.82,3.60,3.60,5883
SYNEKTIK,20180327,16.40,16.40,16.05,16.40,4177
TALEX,20180327,18.80,18.80,18.75,18.75,41
TATRY,20180327,115.00,116.00,115.00,116.00,66
TAURONPE,20180327,2.40,2.42,2.38,2.38,3073141
TERMOREX,20180327,1.44,1.44,1.43,1.43,287
TESGAS,20180327,1.86,1.86,1.84,1.84,406
TIM,20180327,9.32,9.32,9.02,9.26,201
TORPOL,20180327,7.58,7.58,7.50,7.54,8805
TOWERINVT,20180327,45.00,45.60,45.00,45.60,43
TOYA,20180327,12.20,12.20,12.20,12.20,3
TRAKCJA,20180327,6.96,7.09,6.94,6.94,22994
TRANSPOL,20180327,4.63,4.64,4.50,4.64,10201
TRIGONPP5,20180327,129.80,129.80,129.80,129.80,135
TRITON,20180327,3.80,3.80,3.67,3.80,3792
TXM,20180327,2.36,2.36,2.36,2.36,2257
ULMA,20180327,63.00,65.50,63.00,65.50,8389
UNIBEP,20180327,7.58,7.76,7.58,7.74,137
UNICREDIT,20180327,71.27,71.27,71.27,71.27,55
UNIMA,20180327,2.76,2.78,2.76,2.78,2473
UNIMOT,20180327,19.25,19.35,19.00,19.20,5428
URSUS,20180327,3.06,3.09,3.02,3.06,54994
VENTUREIN,20180327,4.36,4.56,4.36,4.56,1800
VIGOSYS,20180327,290.00,298.00,290.00,298.00,32
VISTAL,20180327,1.03,1.03,1.00,1.02,4668
VISTULA,20180327,4.64,4.74,4.63,4.74,380216
VIVID,20180327,3.65,3.77,3.65,3.75,55168
VOTUM,20180327,8.50,8.70,8.50,8.70,4885
VOXEL,20180327,20.30,20.80,20.30,20.60,484
WADEX,20180327,6.46,6.46,6.46,6.46,19
WARIMPEX,20180327,5.68,5.68,5.66,5.66,526
WASKO,20180327,2.21,2.25,2.21,2.25,15350
WAWEL,20180327,1105.00,1115.00,1080.00,1115.00,153
WIELTON,20180327,12.90,13.00,12.70,12.80,13226
WIRTUALNA,20180327,54.00,54.00,53.00,54.00,117601
WITTCHEN,20180327,20.00,20.00,20.00,20.00,102
WOJAS,20180327,5.72,6.26,5.72,6.00,25101
WORKSERV,20180327,3.92,4.02,3.90,4.02,6832
XTB,20180327,6.02,6.14,5.42,5.42,192601
YOLO,20180327,2.87,2.87,2.72,2.78,1002
ZAMET,20180327,0.97,0.98,0.90,0.98,16376
ZEPAK,20180327,11.10,11.40,10.72,10.88,5535
ZPUE,20180327,146.00,146.00,135.00,135.00,89
ZUE,20180327,6.34,6.36,6.22,6.22,1408
ZYWIEC,20180327,480.00,480.00,480.00,480.00,6
INVESTORMS,20180327,4307.25,4307.25,4295.14,4295.14,154786.037
MWIG40,20180327,4594.24,4608.00,4560.21,4566.10,112757.818
MWIG40TR,20180327,5625.26,5625.26,5588.36,5588.36,112757.818
RESPECT,20180327,2826.50,2833.90,2782.23,2782.23,292434.084
SWIG80,20180327,14316.68,14346.47,14192.58,14269.99,33328.397
SWIG80TR,20180327,16503.66,16518.06,16445.02,16518.06,33328.397
WIG,20180327,59686.94,59838.11,59071.84,59077.72,644065.339
WIG-BANKI,20180327,7997.38,8028.97,7875.39,7875.39,157587.665
WIG-BUDOW,20180327,2756.99,2765.71,2706.88,2727.68,10788.291
WIG-CEE,20180327,1026.72,1026.72,1026.72,1026.72,3616.992
WIG-CHEMIA,20180327,13611.50,13699.30,13391.84,13426.64,7432.785
WIG-ENERG,20180327,2500.10,2525.27,2489.65,2498.48,36984.595
WIG-GORNIC,20180327,3665.88,3686.11,3553.42,3553.42,94229.120
WIG-INFO,20180327,2007.88,2043.22,2006.68,2037.96,7108.353
WIG-LEKI,20180327,5186.58,5281.62,5186.58,5281.62,3671.383
WIG-MEDIA,20180327,5066.25,5067.65,4990.72,5041.32,6851.401
WIG-MOTO,20180327,4529.10,4550.30,4516.77,4522.10,649.899
WIG-NRCHOM,20180327,2216.72,2219.87,2185.23,2197.37,2280.490
WIG-ODZIEZ,20180327,7165.15,7299.08,7159.77,7211.39,48349.464
WIG-PALIWA,20180327,6192.95,6248.48,6094.89,6094.89,80086.642
WIG-POLAND,20180327,60816.20,60816.20,60253.41,60253.41,640030.228
WIG-SPOZYW,20180327,3774.65,3790.83,3734.06,3781.82,3891.017
WIG-TELKOM,20180327,737.22,742.11,734.99,738.11,42609.238
WIG-UKRAIN,20180327,497.64,499.24,496.33,499.24,3391.996
WIG20,20180327,2258.98,2283.33,2246.32,2246.32,487956.955
WIG20LEV,20180327,673.13,687.53,665.65,665.65,487956.955
WIG20SHORT,20180327,3468.35,3488.11,3430.35,3488.11,487956.955
WIG20TR,20180327,3922.70,3922.70,3877.90,3877.90,487956.955
WIG30,20180327,2620.76,2628.72,2592.09,2592.09,559346.704
WIG30TR,20180327,4464.74,4464.74,4417.47,4417.47,559346.704
WIGDIV,20180327,1127.85,1130.56,1116.33,1116.83,279120.380
