11BIT,20181005,330.00,334.00,317.00,334.00,8078
4FUNMEDIA,20181005,14.75,14.75,14.25,14.75,855
ABCDATA,20181005,1.03,1.05,0.95,0.99,2118058
ABMSOLID,20181005,9.68,9.90,9.68,9.90,120
ABPL,20181005,19.80,19.80,19.40,19.60,240
ACTION,20181005,3.53,3.60,3.41,3.60,13048
ADIUVO,20181005,9.54,9.70,9.54,9.70,85
AGORA,20181005,9.50,9.58,9.30,9.50,1788
AGROTON,20181005,3.54,3.64,3.51,3.64,1153
AILLERON,20181005,14.35,14.35,13.95,14.15,1605
AIRWAY,20181005,0.81,0.81,0.78,0.81,83354
ALCHEMIA,20181005,4.40,4.40,4.29,4.39,7105
ALIOR,20181005,62.75,62.75,60.25,60.65,371400
ALTA,20181005,2.68,2.88,2.68,2.88,211
ALTUSTFI,20181005,1.90,2.05,1.85,2.02,352587
ALUMETAL,20181005,43.85,44.00,43.60,43.80,1285
AMBRA,20181005,11.65,11.65,11.40,11.50,1530
AMICA,20181005,111.20,111.20,109.80,110.80,1826
APATOR,20181005,25.00,25.30,24.70,24.70,1761
APLISENS,20181005,11.30,11.30,11.30,11.30,1
ARCTIC,20181005,3.50,3.50,3.50,3.50,1390
ARTERIA,20181005,6.48,6.48,6.48,6.48,2
ARTIFEX,20181005,7.00,7.00,6.98,6.98,521
ASBIS,20181005,2.47,2.48,2.40,2.40,96007
ASSECOBS,20181005,24.80,24.80,24.80,24.80,60
ASSECOPOL,20181005,47.60,48.00,46.50,47.10,91820
ASSECOSEE,20181005,10.95,11.25,10.90,11.25,1229
ASTARTA,20181005,30.00,30.00,30.00,30.00,707
ATAL,20181005,31.80,31.80,31.80,31.80,20
ATENDE,20181005,3.22,3.50,3.22,3.43,5785
ATLANTIS,20181005,0.47,0.50,0.47,0.50,989
ATLASEST,20181005,0.86,0.88,0.86,0.88,1200
ATM,20181005,9.70,9.70,9.00,9.00,21
ATMGRUPA,20181005,5.84,5.84,5.68,5.76,4299
ATREM,20181005,2.19,2.22,2.14,2.22,4255
AUTOPARTN,20181005,3.86,3.88,3.85,3.88,4206
AWBUD,20181005,1.29,1.38,1.25,1.36,3457
BAHOLDING,20181005,2.03,2.18,1.97,2.18,314007
BALTONA,20181005,8.68,8.68,8.60,8.68,902
BBIDEV,20181005,0.55,0.55,0.54,0.55,123734
BEDZIN,20181005,24.60,24.60,24.60,24.60,1
BENEFIT,20181005,964.00,964.00,950.00,964.00,265
BEST,20181005,28.60,28.60,28.60,28.60,1
BETACOM,20181005,14.90,14.90,14.90,14.90,2
BGZBNPP,20181005,49.90,49.90,47.10,47.10,9
BIK,20181005,15.65,15.65,15.65,15.65,2
BIOMEDLUB,20181005,1.12,1.15,1.11,1.13,7664
BIOTON,20181005,5.50,5.64,5.45,5.48,59029
BOGDANKA,20181005,59.80,60.00,59.50,59.60,5803
BORYSZEW,20181005,5.13,5.16,4.96,5.16,141600
BOS,20181005,6.90,6.94,6.78,6.81,6436
BOWIM,20181005,3.32,3.32,3.32,3.32,2900
BRASTER,20181005,2.10,2.10,1.96,2.02,49285
BSCDRUK,20181005,37.00,37.20,37.00,37.20,2
BUDIMEX,20181005,104.20,105.00,102.00,103.40,5154
BYTOM,20181005,2.69,2.69,2.69,2.69,100
CCC,20181005,223.20,231.60,223.20,230.00,96946
CDPROJEKT,20181005,181.50,184.50,175.00,182.30,323376
CDRL,20181005,21.90,21.90,21.10,21.60,1451
CEZ,20181005,95.50,96.15,95.50,95.50,25121
CIECH,20181005,47.54,47.78,46.72,47.26,46598
CIGAMES,20181005,0.94,0.97,0.93,0.94,888986
CITYSERV,20181005,12.00,12.00,12.00,12.00,259
CLNPHARMA,20181005,33.50,33.65,33.15,33.65,514
CNT,20181005,10.80,11.30,10.55,10.55,298
COGNOR,20181005,1.68,1.68,1.59,1.62,36401
COMARCH,20181005,170.00,170.00,162.50,169.50,2112
COMP,20181005,54.00,54.00,53.00,54.00,933
CORMAY,20181005,1.00,1.03,0.98,0.99,51076
CPGROUP,20181005,5.60,5.75,5.60,5.75,585
CYFRPLSAT,20181005,22.16,23.14,22.14,23.06,1103259
DEBICA,20181005,106.50,108.00,106.50,107.50,213
DECORA,20181005,10.45,10.45,10.40,10.40,2873
DEKPOL,20181005,39.80,39.80,38.20,39.00,590
DELKO,20181005,9.18,9.20,8.28,8.60,4560
DGA,20181005,8.20,8.20,8.20,8.20,100
DINOPL,20181005,95.10,95.85,93.15,94.30,167884
DOMDEV,20181005,69.20,69.20,67.20,67.80,606
DROZAPOL,20181005,1.60,1.60,1.60,1.60,15
ECHO,20181005,4.28,4.29,4.22,4.25,18447
EDINVEST,20181005,1.94,1.94,1.86,1.86,651
EFEKT,20181005,21.40,21.90,21.40,21.90,87
EKOEXPORT,20181005,3.80,3.85,3.67,3.70,9739
ELBUDOWA,20181005,37.70,38.40,36.70,38.40,1514
ELEKTROTI,20181005,4.10,4.10,4.10,4.10,3118
ELEMENTAL,20181005,1.48,1.51,1.43,1.49,275171
ELKOP,20181005,0.49,0.49,0.46,0.49,7450
ELZAB,20181005,5.90,5.90,5.90,5.90,100
EMCINSMED,20181005,7.20,7.20,7.20,7.20,1
ENAP,20181005,1.04,1.04,1.04,1.04,4999
ENEA,20181005,8.40,8.52,8.36,8.40,816318
ENERGA,20181005,8.17,8.39,8.12,8.19,659403
ENERGOINS,20181005,0.92,0.92,0.88,0.92,4966
ENTER,20181005,20.10,20.10,19.75,19.75,275
ERBUD,20181005,11.00,11.00,10.85,10.85,310
ERG,20181005,48.80,48.80,48.80,48.80,1
ERGIS,20181005,3.92,3.92,3.68,3.92,15901
ESOTIQ,20181005,20.80,20.80,20.70,20.70,16
ESSYSTEM,20181005,2.36,2.48,2.36,2.48,840
ETFDAX,20181005,501.50,501.90,496.00,496.00,1205
ETFSP500,20181005,110.80,111.34,110.36,111.22,696
ETFW20L,20181005,276.85,276.85,274.10,275.00,572
EUCO,20181005,9.00,9.00,9.00,9.00,21
EUROCASH,20181005,19.50,19.96,19.30,19.80,305662
EUROTEL,20181005,17.40,17.50,16.90,16.90,2993
EVEREST,20181005,0.60,0.60,0.60,0.60,20
FAMUR,20181005,5.54,5.54,5.40,5.48,51344
FASING,20181005,16.70,16.85,16.65,16.85,434
FEERUM,20181005,6.64,6.64,6.64,6.64,1
FERRO,20181005,14.05,14.05,13.40,14.05,1603
FERRUM,20181005,5.30,5.30,5.30,5.30,1
FORTE,20181005,42.80,42.80,42.00,42.25,22052
GETINOBLE,20181005,0.53,0.53,0.50,0.51,1834779
GINOROSSI,20181005,0.55,0.64,0.54,0.57,2179680
GLCOSMED,20181005,0.72,0.72,0.72,0.72,1
GOBARTO,20181005,8.62,8.62,8.62,8.62,2
GORENJE,20181005,51.80,51.80,51.80,51.80,1
GPRE,20181005,5.28,5.32,5.25,5.32,120164
GPW,20181005,43.60,44.00,43.60,43.90,80798
GRAVITON,20181005,1.36,1.40,1.36,1.40,1718
GROCLIN,20181005,2.85,2.85,2.74,2.82,4229
GRODNO,20181005,3.77,3.94,3.73,3.93,10481
GRUPAAZOTY,20181005,28.90,29.50,28.14,28.20,198408
GTC,20181005,8.40,8.40,8.30,8.40,453115
HANDLOWY,20181005,74.50,75.20,73.80,73.80,12667
HARPER,20181005,0.21,0.21,0.19,0.20,699803
HELIO,20181005,11.20,11.20,11.20,11.20,1
HERKULES,20181005,2.45,2.50,2.45,2.50,7907
HOLLYWOOD,20181005,1.04,1.04,1.04,1.04,1
HYDROTOR,20181005,36.40,36.40,36.00,36.00,357
IDEABANK,20181005,3.37,3.47,3.31,3.45,43441
IDMSA,20181005,0.67,0.70,0.67,0.70,7635
IFCAPITAL,20181005,0.58,0.64,0.55,0.64,6830
IFIRMA,20181005,2.70,2.70,2.60,2.60,7417
IIAAV,20181005,94.15,94.15,94.15,94.15,3
IMCOMPANY,20181005,12.40,12.40,12.40,12.40,2
IMMOBILE,20181005,3.58,3.58,3.58,3.58,1
IMPEL,20181005,11.90,11.90,11.30,11.90,164
IMPERA,20181005,1.03,1.04,0.92,0.92,21710
IMPEXMET,20181005,3.12,3.17,3.12,3.12,278487
IMS,20181005,3.38,3.50,3.38,3.46,5518
INC,20181005,1.10,1.10,1.02,1.10,14020
INDYKPOL,20181005,68.00,68.00,68.00,68.00,1
INGBSK,20181005,180.40,180.40,180.00,180.00,4356
INPRO,20181005,4.50,4.50,4.50,4.50,1
INSTALKRK,20181005,13.70,13.70,13.70,13.70,200
INTERAOLT,20181005,6.50,6.50,6.50,6.50,267
INTERCARS,20181005,265.50,265.50,259.00,259.00,57
INTERSPPL,20181005,2.03,2.03,2.03,2.03,2
INTLBND05025,20181005,62.00,62.00,62.00,62.00,50
INTLCDR22012,20181005,2.87,3.10,2.39,3.10,81606
INTLCDR22020,20181005,4.72,4.84,4.24,4.78,11251
INTLDAX00281,20181005,150.10,150.10,148.00,148.00,185
INTLDAX16816,20181005,57.15,57.15,57.15,57.15,30
INTLDAX17038,20181005,41.49,41.49,39.24,39.24,130
INTLDAX17178,20181005,29.84,29.87,28.00,28.15,1808
INTLDBK15834,20181005,8.17,8.17,8.17,8.17,200
INTLEUD17475,20181005,43.40,44.20,43.40,44.03,327
INTLEUD18150,20181005,13.58,14.37,13.19,14.37,1856
INTLGLD09746,20181005,40.13,42.07,39.93,41.40,2986
INTLGLD11726,20181005,56.70,56.95,56.60,56.95,40
INTLHSC19273,20181005,19.37,19.37,19.37,19.37,40
INTLKGH12203,20181005,36.10,36.28,36.10,36.28,528
INTLNDX10629,20181005,129.50,129.50,129.50,129.50,7
INTLPEO12658,20181005,13.05,13.05,12.31,12.31,1000
INTLPEO22004,20181005,22.04,22.04,22.04,22.04,78
INTLPKN17111,20181005,24.76,24.76,24.76,24.76,150
INTLPKN21683,20181005,17.67,17.67,17.67,17.67,150
INTLPZU21659,20181005,6.76,6.76,6.76,6.76,96
INTLSLV12054,20181005,4.87,5.25,4.87,5.12,11090
INTLSLV21964,20181005,8.80,8.80,8.80,8.80,120
INTLSP520560,20181005,15.51,15.51,15.50,15.50,85
INTLUSD20842,20181005,59.05,59.30,59.05,59.30,48
INTLUSD21261,20181005,24.31,24.31,23.56,23.56,433
INTLUSD21287,20181005,33.41,33.50,33.41,33.50,722
INTLW2021592,20181005,1.79,1.79,1.75,1.75,1325
INTLW2021600,20181005,1.94,1.94,1.94,1.94,257
INTLW2021709,20181005,1.57,1.57,1.46,1.49,5750
INTROL,20181005,3.70,3.74,3.56,3.74,4883
INTSBCO01503,20181005,139.20,139.20,139.20,139.20,8
INTSBCO06700,20181005,33.41,33.80,31.56,33.80,143
INTSCDR21733,20181005,12.24,13.00,12.24,12.30,5270
INTSCDR21808,20181005,10.34,10.61,10.23,10.23,3880
INTSDAX18424,20181005,63.25,63.25,63.25,63.25,199
INTSDAX21303,20181005,48.56,48.56,48.50,48.50,575
INTSDAX21550,20181005,37.13,42.00,37.13,41.04,423
INTSDAX21840,20181005,26.13,30.05,26.13,30.05,3065
INTSESX18648,20181005,14.96,15.10,14.96,15.10,480
INTSESX19877,20181005,23.42,23.42,23.42,23.42,150
INTSEUD21436,20181005,31.09,32.02,29.79,29.79,347
INTSGLD21881,20181005,51.90,51.90,49.84,50.40,1351
INTSKGH21055,20181005,32.09,32.09,31.45,31.45,927
INTSNDX21725,20181005,24.86,25.85,24.86,25.85,200
INTSNDX21857,20181005,40.46,41.00,39.49,41.00,352
INTSPGE21048,20181005,2.93,2.93,2.90,2.90,683
INTSPKN20313,20181005,25.21,26.43,25.21,26.16,799
INTSPKO20693,20181005,12.70,13.10,12.66,12.79,6850
INTSPZU19638,20181005,9.21,9.34,9.10,9.10,911
INTSSP521865,20181005,14.10,14.10,14.05,14.06,612
INTSUSD21949,20181005,13.05,15.18,13.05,15.18,400
INTSW2019893,20181005,7.20,7.20,7.20,7.20,1000
INTSW2020859,20181005,2.60,2.60,2.56,2.56,2800
INTSW2020867,20181005,2.87,2.88,2.87,2.88,2235
INTSW2020982,20181005,1.86,1.99,1.86,1.99,10571
INTSW2020990,20181005,2.17,2.17,2.17,2.17,373
INTSW2021923,20181005,1.64,1.70,1.64,1.70,7276
INVISTA,20181005,0.88,0.88,0.88,0.88,10
INVPEFIZ,20181005,685.00,685.00,685.00,685.00,8
IPOPEMA,20181005,1.35,1.35,1.22,1.26,779
IQP,20181005,0.70,0.70,0.70,0.70,5005
ITMTRADE,20181005,1.19,1.20,1.12,1.13,4958
IZOBLOK,20181005,35.90,35.90,33.10,33.40,1162
IZOLACJA,20181005,1.76,1.76,1.76,1.76,1
JHMDEV,20181005,1.61,1.61,1.61,1.61,1
JSW,20181005,67.08,68.46,66.50,67.20,190873
JWCONSTR,20181005,2.90,2.90,2.90,2.90,1
JWWINVEST,20181005,1.05,1.05,1.05,1.05,55
K2INTERNT,20181005,12.00,12.00,12.00,12.00,2
KANIA,20181005,1.27,1.32,1.24,1.30,153044
KCI,20181005,0.60,0.65,0.60,0.63,51356
KERNEL,20181005,51.60,52.10,51.10,51.60,228778
KETY,20181005,386.00,386.00,380.50,385.00,75
KGHM,20181005,88.62,88.88,86.20,86.88,425365
KGL,20181005,16.40,16.40,16.40,16.40,1
KOGENERA,20181005,58.00,58.00,57.00,58.00,33
KOMPUTRON,20181005,3.50,3.50,3.33,3.48,589
KONSSTALI,20181005,28.20,28.20,27.90,27.90,509
KOPEX,20181005,1.47,1.47,1.43,1.43,14944
KRAKCHEM,20181005,1.40,1.45,1.40,1.45,1227
KREC,20181005,4.74,4.74,4.35,4.74,1807
KREDYTIN,20181005,13.00,13.00,13.00,13.00,1
KREZUS,20181005,1.77,1.81,1.74,1.80,263382
KRUK,20181005,199.70,199.80,192.10,194.30,36039
KRUSZWICA,20181005,42.00,42.70,41.70,42.00,229
KRVITAMIN,20181005,5.66,5.66,5.40,5.50,11953
LABOPRINT,20181005,10.10,10.10,10.10,10.10,13
LARQ,20181005,7.60,7.60,7.60,7.60,2
LCCORP,20181005,2.49,2.50,2.45,2.48,606633
LENA,20181005,2.85,2.85,2.75,2.76,14974
LENTEX,20181005,7.14,7.46,7.06,7.20,13382
LIBET,20181005,1.24,1.24,1.24,1.24,2
LIVECHAT,20181005,26.00,26.35,24.80,26.00,11333
LOTOS,20181005,74.72,76.40,74.72,75.80,345850
LPP,20181005,8635.00,8740.00,8520.00,8740.00,3390
LUBAWA,20181005,0.78,0.79,0.77,0.79,32840
MABION,20181005,109.40,111.80,109.40,111.80,862
MAKARONPL,20181005,4.22,4.22,4.22,4.22,6
MANGATA,20181005,68.60,68.60,66.80,66.80,67
MARVIPOL,20181005,3.65,3.88,3.65,3.88,131
MASTERPHA,20181005,3.85,3.85,3.82,3.85,22
MAXCOM,20181005,16.60,17.00,15.80,16.00,1641
MBANK,20181005,435.80,439.20,427.20,427.20,19052
MBWS,20181005,21.45,21.45,21.45,21.45,2
MCI,20181005,9.60,9.72,9.60,9.70,1848
MDIENERGIA,20181005,3.80,3.80,3.77,3.77,2
MEDIACAP,20181005,2.00,2.00,1.99,1.99,195
MEDICALG,20181005,51.60,53.70,47.00,48.20,9761
MEDYCZNYFIZ,20181005,119.90,119.90,118.60,119.00,361
MENNICA,20181005,19.40,19.60,19.40,19.60,296
MERCATOR,20181005,14.80,14.80,14.80,14.80,367
MERCOR,20181005,9.42,9.66,9.42,9.66,22
MEXPOLSKA,20181005,3.44,3.44,3.22,3.44,3544
MFO,20181005,27.30,27.60,27.30,27.60,5
MILLENNIUM,20181005,9.16,9.40,9.04,9.04,854161
MIRACULUM,20181005,1.59,1.60,1.57,1.57,9066
MIRBUD,20181005,1.03,1.04,1.00,1.02,90504
MLPGROUP,20181005,41.00,41.00,41.00,41.00,10250
MLSYSTEM,20181005,23.50,23.50,22.90,22.90,327
MOBRUK,20181005,38.00,38.00,38.00,38.00,200
MOL,20181005,39.90,39.90,39.12,39.12,200
MONNARI,20181005,5.90,5.90,5.74,5.90,8347
MORIZON,20181005,1.22,1.26,1.22,1.26,165
MOSTALPLC,20181005,5.60,5.60,5.22,5.60,1491
MOSTALWAR,20181005,2.50,2.57,2.50,2.57,458
MWTRADE,20181005,2.76,2.76,2.76,2.76,1140
NETIA,20181005,4.60,4.78,4.60,4.73,27917
NETMEDIA,20181005,9.60,9.60,9.60,9.60,1000
NEUCA,20181005,262.00,262.00,253.00,259.50,640
NEWAG,20181005,16.80,17.65,16.80,16.95,2283
NORTCOAST,20181005,4.70,4.70,4.70,4.70,2
NOWAGALA,20181005,0.75,0.75,0.75,0.75,5850
NTTSYSTEM,20181005,2.60,2.60,2.60,2.60,1
OAT,20181005,20.79,20.79,19.10,19.50,1217
ODLEWNIE,20181005,3.00,3.06,2.98,3.06,2331
OEX,20181005,16.40,16.40,16.40,16.40,1
OPENFIN,20181005,0.46,0.46,0.44,0.46,6688
OPONEO.PL,20181005,24.20,25.80,24.20,25.00,2138
OPTEAM,20181005,6.05,6.20,6.05,6.05,1410
ORANGEPL,20181005,4.45,4.62,4.45,4.59,1159261
ORBIS,20181005,82.60,83.40,82.40,82.40,449
ORCOGROUP,20181005,1.72,1.72,1.72,1.72,20
ORION,20181005,5.70,5.70,5.35,5.70,23
ORZBIALY,20181005,9.68,9.68,9.68,9.68,142
OTLOG,20181005,11.20,11.20,11.20,11.20,1
OTMUCHOW,20181005,1.87,1.87,1.87,1.87,2
OTMUCHOW-PDA,20181005,1.79,1.79,1.79,1.79,2
OVOSTAR,20181005,104.00,104.00,104.00,104.00,8
PAMAPOL,20181005,0.98,1.01,0.97,0.99,31380
PANOVA,20181005,18.00,18.00,18.00,18.00,192
PATENTUS,20181005,1.04,1.07,1.01,1.07,6947
PBKM,20181005,61.60,61.60,59.60,60.00,4231
PCCEXOL,20181005,1.58,1.58,1.56,1.56,1096
PCCROKITA,20181005,86.00,86.00,84.20,84.40,691
PCM,20181005,9.12,9.12,9.12,9.12,20
PEKABEX,20181005,10.60,11.00,10.60,11.00,2665
PEKAO,20181005,105.90,105.90,104.30,104.40,387125
PEMANAGER,20181005,30.90,30.90,30.90,30.90,1
PEP,20181005,22.00,22.00,21.10,21.90,1550
PEPEES,20181005,1.35,1.35,1.35,1.35,1
PFLEIDER,20181005,35.15,35.95,34.95,35.95,1051
PGE,20181005,10.10,10.19,9.93,10.02,2246953
PGNIG,20181005,6.65,6.65,6.43,6.50,6610401
PGO,20181005,3.29,3.29,3.00,3.00,202
PGSSOFT,20181005,9.60,10.00,9.60,10.00,468
PHN,20181005,11.65,11.70,11.55,11.70,1931
PKNORLEN,20181005,99.70,99.70,96.90,97.32,1019892
PKOBP,20181005,42.21,42.74,41.73,42.05,2001952
PKOGS,20181005,94.25,94.26,94.25,94.25,635
PKOSO,20181005,110.21,110.21,110.21,110.21,100
PKPCARGO,20181005,45.80,45.80,44.20,44.55,16239
PLASTBOX,20181005,1.72,1.75,1.69,1.75,1697
PLATYNINW,20181005,0.58,0.58,0.58,0.58,130
PLAY,20181005,19.22,19.22,18.54,18.66,392305
PLAYWAY,20181005,146.00,148.50,143.00,147.00,7085
PMPG,20181005,2.83,2.83,2.83,2.83,1000
POLICE,20181005,16.50,16.50,16.50,16.50,99
POLIMEXMS,20181005,3.07,3.11,3.00,3.09,160504
POLNORD,20181005,9.01,9.03,8.76,8.99,20839
POLWAX,20181005,6.80,6.90,6.14,6.90,44006
POZBUD,20181005,2.77,2.77,2.57,2.69,12859
PRAGMAFA,20181005,17.00,17.00,17.00,17.00,2
PRAGMAINK,20181005,12.25,12.25,12.25,12.25,7
PRAIRIE,20181005,1.23,1.26,1.15,1.26,183371
PROCAD,20181005,1.60,1.60,1.59,1.59,37
PROCHEM,20181005,17.50,17.50,17.50,17.50,2
PROJPRZEM,20181005,20.10,20.10,20.00,20.00,52
PROTEKTOR,20181005,4.90,4.93,4.77,4.93,39528
PULAWY,20181005,88.40,89.00,87.00,88.80,609
PZU,20181005,39.60,40.20,39.35,39.99,2069018
PZUAKORD,20181005,111.01,111.10,111.01,111.10,373
QMULTIFIZ,20181005,911.10,911.10,911.10,911.10,22
QUANTUM,20181005,16.00,16.00,16.00,16.00,1
QUERCUS,20181005,2.93,2.95,2.93,2.95,2500
QUMAK,20181005,0.95,1.00,0.78,0.81,1396805
R22,20181005,17.36,17.80,17.28,17.80,1265
RADPOL,20181005,1.40,1.40,1.35,1.39,5918
RAFAKO,20181005,2.14,2.16,2.10,2.11,277945
RAINBOW,20181005,16.15,16.50,16.15,16.25,13601
RANKPROGR,20181005,1.80,1.83,1.78,1.79,15471
RAWLPLUG,20181005,8.54,8.54,8.52,8.52,2
RCFL2GOLD,20181005,48.13,48.13,48.13,48.13,50
RCFL2SILVE,20181005,17.30,17.50,17.30,17.50,100
RCFL2SUGA,20181005,1.82,1.82,1.82,1.82,2500
RCFL3ALR,20181005,119.90,119.90,119.90,119.90,5
RCFL3BZW,20181005,75.85,75.85,75.85,75.85,40
RCFL3CDPRO1,20181005,33.33,33.33,32.06,33.26,195
RCFL3COCO,20181005,4.43,4.43,4.43,4.43,99
RCFL3COFF,20181005,1.62,1.62,1.62,1.62,3000
RCFL3GOLD,20181005,25.08,25.08,25.08,25.08,208
RCFL3KGH,20181005,4.45,4.60,4.32,4.60,4282
RCFL3OPL,20181005,4.60,4.60,4.60,4.60,119
RCFL3PEO,20181005,16.83,16.83,16.83,16.83,50
RCFL3RWE,20181005,23.48,23.48,23.48,23.48,50
RCFL3SUGA,20181005,0.80,0.80,0.80,0.80,400
RCFL3W20,20181005,76.55,76.55,76.55,76.55,7
RCFL4ESX,20181005,247.10,247.10,247.10,247.10,5
RCFL5COCO1,20181005,1.70,1.70,1.70,1.70,2400
RCFL5FW20,20181005,8.35,8.35,8.35,8.35,30
RCFL5OIL,20181005,51.35,51.35,48.50,48.50,400
RCFL5PLAT1,20181005,5.72,5.72,5.72,5.72,110
RCFL5SILVE,20181005,3.00,3.16,2.98,3.16,1300
RCFL5SUGA1,20181005,5.07,5.30,5.07,5.30,190
RCFS3CCC,20181005,10.91,10.91,10.91,10.91,400
RCFS3CDPRO1,20181005,1.22,1.22,1.11,1.11,17401
RCFS3FDX,20181005,12.85,12.96,12.85,12.96,5900
RCFS3HEIG,20181005,113.10,113.10,113.10,113.10,500
RCFS3HOT,20181005,44.93,44.93,44.93,44.93,250
RCFS3KGH,20181005,5.55,5.55,5.55,5.55,600
RCFS3MBK,20181005,13.75,13.75,13.75,13.75,400
RCFS3OIL,20181005,12.43,12.68,12.43,12.68,5433
RCFS3SIE,20181005,6.19,6.22,6.19,6.22,3000
RCFS3SUGA,20181005,30.77,30.77,30.77,30.77,40
RCFS3W20,20181005,30.18,30.18,29.72,30.07,190
RCFS4LIGH,20181005,0.91,0.91,0.91,0.91,1700
RCFS4OIL,20181005,0.27,0.27,0.27,0.27,2500
RCFS5SUGA1,20181005,9.48,9.48,9.14,9.14,150
RCGETNA1021,20181005,955.50,955.50,955.50,955.50,10
RCGLDAOPEN,20181005,448.00,450.30,448.00,450.30,4
RCGSD3E0822,20181005,987.90,987.90,987.90,987.90,56
RCGSXLV1220,20181005,986.80,986.80,986.80,986.80,10
RCGW2010620,20181005,962.70,962.70,962.70,962.70,10
RCNDXAOPEN,20181005,278.50,278.50,278.50,278.50,20
RCSOJAOPEN,20181005,49.32,49.32,49.32,49.32,35
RCTLCOCO01,20181005,8.10,8.54,7.77,8.33,90000
RCTLCOCO05,20181005,17.25,17.25,17.25,17.25,49
REDAN,20181005,0.89,0.95,0.87,0.95,7806
RELPOL,20181005,6.80,6.80,6.70,6.70,130
REMAK,20181005,7.92,7.92,7.92,7.92,2
RONSON,20181005,1.02,1.03,1.00,1.02,7978
ROPCZYCE,20181005,29.00,29.00,29.00,29.00,30
RUBICON,20181005,1.07,1.07,1.00,1.00,53
SANOK,20181005,26.00,26.10,26.00,26.10,858
SANPL,20181005,364.60,364.60,357.40,358.40,31958
SANPL2,20181005,322.00,332.00,322.00,324.00,40
SANTANDER,20181005,18.96,19.80,18.96,19.73,746
SANWIL,20181005,0.67,0.69,0.67,0.69,1000
SARE,20181005,14.10,14.10,14.10,14.10,5
SEKO,20181005,9.05,9.05,9.05,9.05,850
SELENAFM,20181005,11.00,11.00,11.00,11.00,70
SELVITA,20181005,57.20,57.20,55.10,56.30,442
SERINUS,20181005,0.80,0.85,0.80,0.85,180588
SESCOM,20181005,30.20,30.20,30.00,30.00,97
SETANTA,20181005,1.21,1.22,1.21,1.22,485
SFINKS,20181005,0.80,0.80,0.78,0.80,18414
SIMPLE,20181005,6.15,6.15,6.10,6.10,2
SKARBIEC,20181005,26.10,26.10,25.80,25.90,4506
SKYLINE,20181005,0.68,0.70,0.68,0.70,201
SLEEPZAG,20181005,4.36,4.78,4.26,4.78,2835
SNIEZKA,20181005,75.50,75.50,74.00,74.00,189
SOHODEV,20181005,1.08,1.08,1.06,1.07,36364
SOLAR,20181005,0.61,0.61,0.60,0.60,571
SONEL,20181005,6.40,6.40,6.40,6.40,10
STALEXP,20181005,3.24,3.30,3.24,3.25,18854
STALPROD,20181005,372.00,372.00,366.50,370.50,669
STALPROFI,20181005,11.00,11.00,10.90,10.90,401
STELMET,20181005,8.20,8.20,8.18,8.18,1068
SUNEX,20181005,2.80,2.80,2.80,2.80,16
SUWARY,20181005,14.00,14.00,14.00,14.00,2
SWISSMED,20181005,1.01,1.01,1.01,1.01,609
SYGNITY,20181005,3.14,3.14,3.00,3.00,530
SYNEKTIK,20181005,11.00,11.15,10.55,10.95,179998
TALEX,20181005,16.00,16.00,16.00,16.00,1
TARCZYNSKI,20181005,14.65,15.10,14.65,15.10,1010
TATRY,20181005,134.00,134.00,132.00,132.00,174
TAURONPE,20181005,1.83,1.83,1.79,1.82,4266083
TBULL,20181005,33.00,35.00,32.40,33.00,1279
TBULL-PDA,20181005,35.80,35.80,35.80,35.80,305
TESGAS,20181005,2.12,2.14,2.01,2.14,6566
TIM,20181005,6.90,6.94,6.80,6.80,4065
TORPOL,20181005,4.79,4.79,4.71,4.72,4202
TOWERINVT,20181005,25.60,26.40,25.50,26.40,1196
TOYA,20181005,7.80,7.80,7.80,7.80,24
TRAKCJA,20181005,3.14,3.23,3.06,3.17,277606
TRANSPOL,20181005,2.94,2.94,2.92,2.92,1202
TRIGONPP2,20181005,80.19,80.19,80.19,80.19,100
TRIGONPP6,20181005,75.00,75.00,75.00,75.00,8
TSGAMES,20181005,90.40,98.99,90.40,94.60,17779
TXM,20181005,0.63,0.66,0.63,0.66,1962
ULMA,20181005,70.00,70.00,66.00,69.50,262
UNIBEP,20181005,5.14,5.20,5.02,5.02,1948
UNICREDIT,20181005,53.00,53.15,52.90,52.90,565
UNIMA,20181005,2.34,2.34,2.30,2.30,2142
UNIMOT,20181005,9.22,9.66,9.22,9.66,1739
URSUS,20181005,1.91,1.91,1.86,1.87,74375
VIGOSYS,20181005,298.00,299.00,290.00,290.00,69
VINDEXUS,20181005,8.22,8.24,7.86,7.98,12535
VISTAL,20181005,0.85,0.85,0.71,0.79,124948
VISTULA,20181005,3.95,4.00,3.95,4.00,31189
VIVID,20181005,3.27,3.30,2.95,3.02,222189
VOTUM,20181005,5.20,5.20,4.80,5.00,4081
VOXEL,20181005,25.00,25.50,25.00,25.50,3545
WADEX,20181005,4.60,4.60,4.60,4.60,5
WARIMPEX,20181005,5.44,5.44,5.44,5.44,760
WASKO,20181005,1.66,1.67,1.56,1.58,14699
WAWEL,20181005,808.00,808.00,806.00,806.00,282
WIELTON,20181005,10.80,10.80,10.30,10.50,8732
WIRTUALNA,20181005,51.40,51.60,51.40,51.60,65
WITTCHEN,20181005,16.10,16.10,15.70,16.10,249
WOJAS,20181005,4.40,4.59,4.40,4.59,227
WORKSERV,20181005,0.78,0.90,0.73,0.90,246402
XTB,20181005,4.14,4.24,4.12,4.12,17405
YOLO,20181005,1.99,1.99,1.92,1.99,36
ZASTAL,20181005,0.53,0.53,0.49,0.49,4047
ZEPAK,20181005,7.19,7.19,7.04,7.16,39446
ZPUE,20181005,98.50,108.00,98.50,108.00,101
ZUE,20181005,5.40,5.40,5.00,5.34,1214
INVESTORMS,20181005,3745.50,3751.95,3745.50,3751.95,101121.533
MWIG40,20181005,4145.46,4153.02,4105.70,4113.67,90970.070
MWIG40TR,20181005,5235.59,5244.39,5185.37,5195.43,90970.070
RESPECT,20181005,2727.58,2732.05,2702.26,2705.35,324963.299
SWIG80,20181005,11448.01,11453.18,11389.03,11433.37,13824.783
SWIG80TR,20181005,13724.51,13728.55,13653.80,13706.95,13824.783
WIG,20181005,58711.34,58774.87,58326.09,58415.84,765945.549
WIG-BANKI,20181005,7751.93,7783.80,7664.12,7664.12,178430.803
WIG-BUDOW,20181005,1922.42,1925.19,1904.79,1918.80,3027.089
WIG-CEE,20181005,1115.92,1115.92,1107.12,1107.12,14351.941
WIG-CHEMIA,20181005,9453.03,9505.21,9272.93,9320.17,8263.580
WIG-ENERG,20181005,2314.91,2329.82,2291.99,2305.49,45216.114
WIG-GORNIC,20181005,3438.84,3438.84,3374.26,3385.88,50546.111
WIG-INFO,20181005,2056.96,2066.68,2020.21,2045.56,6314.652
WIG-LEKI,20181005,5812.14,5858.01,5785.51,5858.01,497.694
WIG-MEDIA,20181005,4618.23,4618.23,4574.19,4611.94,111.022
WIG-MOTO,20181005,4157.44,4159.66,4100.10,4106.72,741.603
WIG-NRCHOM,20181005,2047.18,2047.18,2028.85,2039.72,6198.078
WIG-ODZIEZ,20181005,6713.66,6833.53,6687.84,6833.53,53526.848
WIG-PALIWA,20181005,7339.68,7353.78,7184.16,7221.65,169223.023
WIG-POLAND,20181005,59543.68,59678.04,59543.68,59578.65,750929.873
WIG-SPOZYW,20181005,3495.27,3517.10,3485.87,3498.32,12487.438
WIG-TELKOM,20181005,594.12,606.46,588.43,606.46,37681.569
WIG-UKRAIN,20181005,445.12,445.12,443.43,443.43,11914.869
WIG20,20181005,2275.35,2278.81,2256.83,2264.20,651155.119
WIG20LEV,20181005,666.74,668.77,655.88,660.20,651155.119
WIG20SHORT,20181005,3438.86,3466.84,3433.63,3455.71,651155.119
WIG20TR,20181005,4012.98,4019.11,3985.42,3994.62,651155.119
WIG30,20181005,2588.49,2591.27,2568.69,2574.14,719488.881
WIG30TR,20181005,4483.09,4496.93,4483.09,4485.76,719488.881
WIGDIV,20181005,1098.03,1100.87,1093.15,1098.31,292057.701
