11BIT,20181227,240.50,246.50,238.50,239.00,3037
4FUNMEDIA,20181227,11.50,11.50,11.35,11.50,142
ABADONRE,20181227,4.16,4.16,4.10,4.10,3660
ABCDATA,20181227,1.28,1.28,1.26,1.27,2263997
ABMSOLID,20181227,4.28,4.28,3.86,4.00,6476
ABPL,20181227,16.25,16.25,15.50,15.85,7779
ACAUTOGAZ,20181227,43.10,43.20,43.10,43.20,383
ACTION,20181227,2.59,2.76,2.59,2.76,1581
ADIUVO,20181227,7.80,8.10,7.16,7.86,4643
AGORA,20181227,10.05,10.70,10.00,10.00,87219
AGROTON,20181227,3.20,3.51,3.20,3.51,6442
AILLERON,20181227,9.96,10.40,9.96,10.40,3277
AIRWAY,20181227,0.67,0.69,0.67,0.68,35430
ALIOR,20181227,55.10,55.50,53.00,53.10,185357
ALTA,20181227,1.80,1.89,1.76,1.81,7250
ALTUSTFI,20181227,2.24,2.24,2.07,2.13,68918
ALUMETAL,20181227,41.00,42.00,40.20,41.70,9941
AMBRA,20181227,12.65,12.70,12.65,12.70,4039
AMICA,20181227,110.80,113.20,109.20,111.20,2867
AMREST,20181227,38.20,39.75,38.20,39.05,36466
APATOR,20181227,24.80,25.50,23.50,23.50,16427
APLISENS,20181227,10.40,10.60,10.40,10.60,196
APSENERGY,20181227,2.23,2.23,2.23,2.23,2
ARCHICOM,20181227,11.15,11.15,11.15,11.15,689
ARCTIC,20181227,3.11,3.19,3.11,3.13,23548
ARCUS,20181227,1.19,1.19,1.19,1.19,500
ARTERIA,20181227,4.65,4.65,4.46,4.46,2007
ARTIFEX,20181227,3.90,4.20,3.90,3.95,11770
ASBIS,20181227,2.50,2.57,2.48,2.48,196281
ASSECOBS,20181227,27.10,27.10,27.10,27.10,102
ASSECOPOL,20181227,46.12,46.90,46.10,46.12,92668
ASSECOSEE,20181227,11.35,11.60,11.35,11.60,10173
ASTARTA,20181227,23.60,24.70,23.00,24.70,6085
ATAL,20181227,28.70,28.70,27.60,28.00,5353
ATENDE,20181227,3.76,3.76,3.76,3.76,1
ATLANTAPL,20181227,4.82,4.85,4.73,4.85,15993
ATLANTIS,20181227,0.49,0.50,0.49,0.50,5867
ATLASEST,20181227,1.01,1.02,0.97,1.02,8070
ATM,20181227,8.58,8.58,8.02,8.02,2896
ATMGRUPA,20181227,4.52,4.52,4.46,4.50,80
AUTOPARTN,20181227,3.90,3.90,3.87,3.87,968
AWBUD,20181227,1.07,1.15,1.04,1.08,246081
BAHOLDING,20181227,1.61,1.65,1.59,1.63,178150
BALTONA,20181227,8.94,8.96,8.94,8.96,1700
BBIDEV,20181227,0.58,0.58,0.57,0.57,32552
BEDZIN,20181227,21.40,21.40,21.20,21.20,10
BENEFIT,20181227,870.00,880.00,864.00,870.00,5133
BETACOM,20181227,14.30,14.30,14.00,14.30,759
BGZBNPP,20181227,48.00,49.00,48.00,49.00,5060
BIK,20181227,15.55,15.55,15.55,15.55,2
BIOMEDLUB,20181227,1.05,1.06,1.04,1.06,42162
BIOTON,20181227,4.92,5.08,4.92,5.05,27043
BOGDANKA,20181227,52.00,52.50,51.00,51.60,6165
BORYSZEW,20181227,4.67,4.71,4.62,4.70,67903
BOS,20181227,7.26,7.45,7.26,7.35,6179
BOWIM,20181227,3.00,3.00,2.94,2.94,1001
BRASTER,20181227,2.07,2.12,2.02,2.02,80632
BSCDRUK,20181227,29.00,29.00,28.40,28.80,303
BUDIMEX,20181227,112.00,114.60,111.80,113.60,5630
CAPITAL,20181227,2.05,2.09,2.00,2.09,670
CCC,20181227,196.40,196.50,189.50,190.10,53876
CDPROJEKT,20181227,156.00,157.00,146.60,147.50,237923
CDRL,20181227,25.20,25.20,23.80,23.80,2677
CELTIC,20181227,5.40,5.40,5.40,5.40,29
CEZ,20181227,89.90,89.90,89.40,89.40,313
CIECH,20181227,45.44,45.44,43.30,43.44,47961
CIGAMES,20181227,0.81,0.83,0.80,0.80,434970
CITYSERV,20181227,11.90,13.00,11.90,13.00,9933
CLNPHARMA,20181227,31.20,32.00,30.60,31.90,3124
CNT,20181227,11.80,11.90,11.80,11.90,270
COGNOR,20181227,1.62,1.67,1.59,1.60,42216
COMARCH,20181227,150.00,150.00,147.00,149.00,620
COMP,20181227,44.00,46.00,44.00,44.00,11129
CORMAY,20181227,1.12,1.23,1.12,1.16,2032127
CPGROUP,20181227,6.35,6.35,6.10,6.35,25414
CYFRPLSAT,20181227,22.74,22.90,22.28,22.42,189511
DEBICA,20181227,95.80,95.80,90.20,90.20,354
DECORA,20181227,15.00,15.10,15.00,15.00,6376
DEKPOL,20181227,32.40,32.60,32.40,32.60,200
DELKO,20181227,7.56,7.56,7.10,7.10,9522
DGA,20181227,8.70,8.70,8.70,8.70,1001
DINOPL,20181227,99.80,101.50,94.05,94.05,144139
DOMDEV,20181227,62.60,63.60,62.00,63.00,3906
DROZAPOL,20181227,1.35,1.40,1.35,1.40,248
ECHO,20181227,3.27,3.28,3.03,3.07,151778
EDINVEST,20181227,1.85,1.85,1.85,1.85,465
EFEKT,20181227,21.00,21.80,21.00,21.70,786
EKOEXPORT,20181227,2.90,2.92,2.72,2.87,43528
ELBUDOWA,20181227,25.00,26.40,25.00,25.40,719
ELEKTROTI,20181227,4.45,4.69,4.45,4.47,6440
ELEMENTAL,20181227,1.15,1.22,1.14,1.19,1022113
ELKOP,20181227,0.01,0.01,0.01,0.01,188554
ELZAB,20181227,4.48,4.54,4.38,4.38,3415
ENAP,20181227,1.14,1.14,1.06,1.10,1502
ENEA,20181227,9.80,10.15,9.79,9.90,608203
ENERGA,20181227,8.85,8.96,8.46,8.48,1085188
ENERGOINS,20181227,0.70,0.74,0.70,0.72,7548
ENTER,20181227,21.50,21.50,21.00,21.30,464
ERBUD,20181227,9.42,9.44,9.24,9.24,1051
ERG,20181227,35.90,39.00,35.90,39.00,3181
ERGIS,20181227,2.11,2.39,2.11,2.31,75305
ESOTIQ,20181227,17.45,18.20,17.45,17.90,1317
ESSYSTEM,20181227,2.16,2.28,2.16,2.24,16283
ETFDAX,20181227,430.00,435.00,420.65,420.65,1116
ETFSP500,20181227,94.00,98.75,92.46,93.24,3346
ETFW20L,20181227,270.10,276.00,270.10,274.00,715
EUCO,20181227,5.66,5.66,5.30,5.42,3196
EUROCASH,20181227,17.85,18.08,17.46,17.60,242775
EUROTEL,20181227,19.00,19.20,19.00,19.20,926
EVEREST,20181227,0.59,0.59,0.59,0.59,4
FAMUR,20181227,5.38,5.50,5.38,5.46,47203
FASING,20181227,15.90,16.45,15.90,16.45,385
FEERUM,20181227,9.86,9.86,9.86,9.86,10
FERRO,20181227,12.55,13.40,12.55,13.40,2122
FERRUM,20181227,4.16,4.40,4.00,4.27,5305
FORTE,20181227,22.90,22.90,22.30,22.50,3055
GETINOBLE,20181227,0.37,0.40,0.36,0.37,9393484
GINOROSSI,20181227,0.52,0.53,0.52,0.52,41820
GLCOSMED,20181227,1.00,1.00,1.00,1.00,2632
GOBARTO,20181227,7.86,7.98,6.56,7.38,22141
GPRE,20181227,4.95,5.09,4.95,4.95,5456
GPW,20181227,36.60,36.90,35.95,36.25,37525
GROCLIN,20181227,3.10,3.28,3.00,3.00,166417
GRODNO,20181227,3.63,3.77,3.50,3.50,27050
GRUPAAZOTY,20181227,30.90,31.58,30.72,30.86,85756
GTC,20181227,8.10,8.27,8.09,8.26,218269
HANDLOWY,20181227,69.70,69.70,68.00,68.50,11405
HARPER,20181227,0.13,0.14,0.11,0.12,675759
HELIO,20181227,10.00,10.00,8.88,8.88,19941
HERKULES,20181227,2.78,2.80,2.78,2.78,2334
HOLLYWOOD,20181227,0.92,0.92,0.92,0.92,2
HYDROTOR,20181227,34.20,36.60,34.20,35.20,337
IDEABANK,20181227,2.43,2.47,2.37,2.38,61358
IDMSA,20181227,1.06,1.10,1.06,1.06,6004
IFCAPITAL,20181227,0.54,0.54,0.51,0.54,132
IFIRMA,20181227,2.03,2.16,2.03,2.14,3953
IIAAV,20181227,84.10,88.10,84.10,88.00,27
IMCOMPANY,20181227,13.00,13.00,12.75,12.90,723
IMMOBILE,20181227,2.93,3.10,2.93,3.10,4361
IMPEL,20181227,7.80,7.80,6.90,7.10,4998
IMPERA,20181227,0.94,0.98,0.94,0.94,166
IMPEXMET,20181227,3.07,3.07,3.02,3.03,19350
IMS,20181227,3.46,3.46,3.44,3.44,3682
INC,20181227,1.16,1.18,1.16,1.18,60
INDYKPOL,20181227,61.00,61.00,60.00,60.00,265
INGBSK,20181227,188.80,189.80,184.40,188.60,54789
INPRO,20181227,4.50,4.50,4.48,4.48,3
INSTALKRK,20181227,12.60,12.60,12.40,12.60,4521
INTERAOLT,20181227,10.55,10.55,10.35,10.55,377
INTERCARS,20181227,208.00,209.00,208.00,209.00,515
INTERSPPL,20181227,1.85,1.85,1.79,1.80,1101
INTLBCO12542,20181227,100.30,100.30,100.30,100.30,5
INTLBCO12567,20181227,79.75,79.75,78.05,78.05,17
INTLBCO19216,20181227,39.03,39.03,39.00,39.00,210
INTLBCO19356,20181227,31.03,31.81,29.83,30.00,249
INTLCDR22285,20181227,4.80,4.80,4.80,4.80,2100
INTLCDR22392,20181227,3.97,3.97,3.23,3.23,6083
INTLDAX00281,20181227,75.15,75.15,69.85,69.85,80
INTLDAX01800,20181227,52.40,52.40,52.40,52.40,30
INTLDAX12864,20181227,107.00,107.00,100.80,100.80,20
INTLDAX13136,20181227,47.38,47.38,43.13,43.13,90
INTLDAX13169,20181227,132.50,132.50,121.90,122.40,224
INTLDAX13300,20181227,37.50,37.50,27.00,28.28,1737
INTLDAX14829,20181227,29.92,29.94,18.69,19.48,5240
INTLDAX15016,20181227,17.31,18.46,10.43,11.50,10044
INTLDAX15099,20181227,14.78,15.30,12.07,12.07,1848
INTLDOW17806,20181227,140.30,140.30,140.30,140.30,1
INTLESX02097,20181227,18.82,18.82,18.82,18.82,100
INTLEUD16493,20181227,14.26,14.26,14.26,14.26,5
INTLGLD09746,20181227,62.25,64.20,62.00,63.00,2919
INTLGLD11726,20181227,78.15,78.15,78.15,78.15,3
INTLGLD21873,20181227,95.65,96.95,95.65,96.05,36
INTLKGH22095,20181227,15.15,15.15,15.15,15.15,105
INTLNAG20719,20181227,4.39,4.39,4.39,4.39,200
INTLNDX18713,20181227,36.19,36.19,36.19,36.19,25
INTLNDX18879,20181227,26.88,26.88,26.88,26.88,100
INTLNDX20065,20181227,18.33,18.33,16.92,16.92,589
INTLOPL21626,20181227,1.46,1.46,1.46,1.46,5352
INTLPEO16402,20181227,21.18,21.18,21.18,21.18,300
INTLPGE21337,20181227,2.85,2.85,2.85,2.85,180
INTLPGE21352,20181227,2.59,2.59,2.59,2.59,3000
INTLPGE22079,20181227,1.40,1.40,1.40,1.40,300
INTLPGN17376,20181227,2.28,2.28,2.28,2.28,2400
INTLPGN22103,20181227,1.66,1.66,1.66,1.66,85
INTLPKN17111,20181227,31.68,31.78,31.68,31.78,39
INTLPKO17301,20181227,11.22,11.22,11.22,11.22,90
INTLPZU16568,20181227,18.56,18.56,18.56,18.56,388
INTLPZU21493,20181227,11.02,11.02,11.02,11.02,320
INTLPZU21659,20181227,9.49,9.64,9.49,9.64,300
INTLPZU22210,20181227,8.41,8.41,7.92,7.92,555
INTLSLV21956,20181227,8.00,8.80,7.81,8.77,16173
INTLSLV21964,20181227,9.71,10.46,9.71,10.46,1852
INTLSLV22350,20181227,12.16,12.46,12.16,12.46,297
INTLSPX17822,20181227,6.52,6.52,5.35,5.35,3874
INTLSPX17830,20181227,10.57,10.57,10.57,10.57,944
INTLSPX17848,20181227,15.16,15.16,14.71,14.75,1510
INTLUSD21261,20181227,23.14,23.14,23.14,23.14,350
INTLUSD22343,20181227,19.17,19.17,19.17,19.17,138
INTLUSJ16360,20181227,34.09,34.09,34.09,34.09,250
INTLW2012104,20181227,5.63,5.63,5.63,5.63,236
INTLW2017020,20181227,4.31,4.31,4.03,4.03,13500
INTLW2017145,20181227,3.51,3.51,3.51,3.51,562
INTLW2017152,20181227,3.53,3.53,3.53,3.53,699
INTLW2017384,20181227,2.75,2.75,2.75,2.75,1088
INTLW2017392,20181227,2.78,2.78,2.78,2.78,1000
INTLW2017426,20181227,2.59,2.61,2.28,2.28,102892
INTLW2022244,20181227,1.93,1.98,1.68,1.68,3251
INTLW2022301,20181227,1.33,1.33,0.93,0.98,103115
INTLW2022319,20181227,1.50,1.50,1.34,1.34,36777
INTLW2022327,20181227,1.86,1.86,1.54,1.54,15200
INTROL,20181227,3.24,3.25,3.10,3.25,710
INTSBCO22368,20181227,83.90,84.60,83.90,84.60,30
INTSBCO22400,20181227,69.60,69.60,69.60,69.60,6
INTSCDR22111,20181227,5.69,6.31,5.69,6.31,3659
INTSDAX18424,20181227,136.40,136.40,136.40,136.40,5
INTSDAX18952,20181227,142.00,142.00,142.00,142.00,8
INTSDAX20180,20181227,167.70,167.70,167.70,167.70,8
INTSDAX21303,20181227,120.00,120.00,120.00,120.00,46
INTSDAX21550,20181227,106.20,106.20,106.20,106.20,35
INTSDAX21840,20181227,89.80,98.05,89.80,98.05,102
INTSDAX22160,20181227,57.30,64.00,57.30,64.00,27
INTSDAX22178,20181227,81.10,81.10,81.10,81.10,100
INTSDAX22426,20181227,37.96,50.85,37.51,50.55,2660
INTSDAX22434,20181227,53.10,60.50,53.10,60.50,663
INTSDOW20552,20181227,225.80,240.10,225.80,240.10,42
INTSEUD22194,20181227,23.45,23.45,23.45,23.45,42
INTSEUR12534,20181227,38.50,38.53,38.50,38.53,70
INTSGLD20941,20181227,110.50,110.50,109.20,109.20,180
INTSGLD21451,20181227,44.02,44.02,44.02,44.02,10
INTSGLD21881,20181227,23.15,23.15,22.50,22.58,2020
INTSNDX21725,20181227,71.00,74.70,70.75,74.70,171
INTSNDX21857,20181227,88.10,88.10,88.10,88.10,7
INTSPGN19679,20181227,1.20,1.25,1.16,1.16,1728
INTSPKN19828,20181227,38.17,38.17,36.07,36.07,1713
INTSPKO20693,20181227,14.67,14.67,14.67,14.67,20
INTSPZU19638,20181227,5.20,5.93,5.20,5.93,336
INTSSLV15925,20181227,15.85,15.85,15.85,15.85,500
INTSSLV21972,20181227,7.66,7.66,7.19,7.19,1000
INTSSP520776,20181227,24.15,25.75,24.15,25.67,3776
INTSSP521865,20181227,30.83,31.51,30.83,31.51,118
INTSUSD16709,20181227,38.42,38.42,38.42,38.42,4
INTSUSD18176,20181227,14.15,15.17,14.15,15.17,173
INTSUSJ16915,20181227,21.94,21.94,21.94,21.94,8
INTSW2005892,20181227,3.90,4.00,3.80,4.00,2380
INTSW2019430,20181227,4.42,4.74,4.42,4.74,1825
INTSW2019893,20181227,7.15,7.16,7.15,7.16,7001
INTSW2020727,20181227,3.38,3.38,3.38,3.38,900
INTSW2020982,20181227,1.77,2.05,1.75,2.05,125657
INVCEEFIZ,20181227,430.00,430.00,430.00,430.00,2
INVISTA,20181227,0.80,0.85,0.80,0.85,500
INVPEFIZ,20181227,730.02,730.02,730.02,730.02,6
IPOPEMA,20181227,1.10,1.10,1.10,1.10,5
IQP,20181227,0.37,0.37,0.37,0.37,1
ITMTRADE,20181227,1.86,2.24,1.80,2.20,44446
IZOBLOK,20181227,30.00,30.00,30.00,30.00,116
IZOLACJA,20181227,1.73,1.73,1.73,1.73,1
IZOSTAL,20181227,2.95,2.95,2.90,2.94,941
JHMDEV,20181227,1.52,1.52,1.47,1.51,1606
JSW,20181227,67.24,67.30,66.12,66.22,103344
JWCONSTR,20181227,2.37,2.38,2.31,2.31,5277
JWWINVEST,20181227,1.01,1.01,1.01,1.01,10
K2INTERNT,20181227,11.65,11.70,11.60,11.60,111
KANIA,20181227,1.04,1.06,1.04,1.05,151656
KCI,20181227,0.44,0.48,0.44,0.46,19462
KERNEL,20181227,47.30,48.80,47.30,47.90,24029
KETY,20181227,324.00,325.00,317.00,319.00,763
KGHM,20181227,89.40,89.70,88.00,88.50,278387
KGL,20181227,14.10,14.10,13.40,13.40,735
KINOPOL,20181227,11.00,11.00,10.70,10.70,127
KOGENERA,20181227,38.60,42.10,38.50,40.50,360
KOMPAP,20181227,6.45,6.45,6.45,6.45,30
KOMPUTRON,20181227,3.09,3.24,3.09,3.20,4828
KONSSTALI,20181227,28.50,29.70,27.50,29.70,930
KPPD,20181227,21.00,21.00,21.00,21.00,5
KRAKCHEM,20181227,1.05,1.14,1.05,1.14,620
KREC,20181227,4.99,4.99,4.94,4.94,7
KRUK,20181227,161.60,162.60,153.30,154.60,55626
KRUSZWICA,20181227,38.50,38.70,38.20,38.50,413
KRVITAMIN,20181227,7.10,7.98,6.74,7.98,6131
LABOPRINT,20181227,12.80,12.80,12.80,12.80,2
LARQ,20181227,6.24,6.24,6.24,6.24,2
LCCORP,20181227,2.39,2.39,2.32,2.32,79684
LENA,20181227,2.60,2.61,2.58,2.60,18423
LENTEX,20181227,7.38,7.40,7.38,7.40,140
LIBET,20181227,1.12,1.18,1.03,1.07,80182
LIVECHAT,20181227,24.80,25.40,24.30,25.35,18519
LOKUM,20181227,16.10,16.10,15.00,15.20,4134
LOTOS,20181227,88.00,88.00,86.20,86.80,134031
LPP,20181227,7780.00,7800.00,7645.00,7715.00,2472
LSISOFT,20181227,11.30,11.30,11.10,11.30,1830
LUBAWA,20181227,0.60,0.62,0.59,0.61,45191
MABION,20181227,87.00,88.00,86.20,86.60,9988
MAKARONPL,20181227,4.32,4.32,4.32,4.32,204
MANGATA,20181227,63.00,63.00,62.00,62.00,115
MARVIPOL,20181227,3.28,3.30,3.20,3.29,43981
MASTERPHA,20181227,6.00,6.10,6.00,6.10,2251
MAXCOM,20181227,15.20,15.50,15.20,15.50,4265
MBANK,20181227,421.00,425.00,406.20,406.20,19389
MBWS,20181227,14.68,14.68,12.00,12.40,2023
MCI,20181227,9.46,9.48,9.30,9.38,3676
MDIENERGIA,20181227,3.43,3.43,3.28,3.28,17405
MEDIACAP,20181227,1.62,1.62,1.62,1.62,615
MEDICALG,20181227,26.00,28.00,25.00,26.00,53831
MENNICA,20181227,20.00,20.00,18.70,20.00,45750
MERCATOR,20181227,11.40,11.40,11.00,11.00,2358
MERCOR,20181227,8.40,8.40,8.26,8.26,580
MEXPOLSKA,20181227,3.40,3.70,3.08,3.70,4351
MFO,20181227,23.60,23.60,22.20,22.90,2685
MILLENNIUM,20181227,8.70,8.83,8.69,8.82,477516
MIRACULUM,20181227,1.55,1.57,1.51,1.57,22530
MIRBUD,20181227,1.02,1.04,1.02,1.04,81196
MLPGROUP,20181227,47.00,47.00,42.80,45.80,47201
MLSYSTEM,20181227,28.00,28.00,27.50,27.50,305
MOL,20181227,40.42,40.42,40.42,40.42,15
MONNARI,20181227,4.60,4.60,4.24,4.29,36124
MORIZON,20181227,1.09,1.15,1.09,1.15,2035
MOSTALPLC,20181227,3.05,3.05,3.05,3.05,1110
MOSTALWAR,20181227,2.00,2.04,2.00,2.04,10363
MWTRADE,20181227,2.76,2.86,2.76,2.86,3023
NETIA,20181227,4.96,5.04,4.90,5.04,46442
NETMEDIA,20181227,10.70,10.70,10.70,10.70,50
NEUCA,20181227,243.00,248.00,238.00,238.00,438
NEWAG,20181227,14.20,14.45,14.20,14.45,1914
NORTCOAST,20181227,4.22,4.26,4.22,4.26,40
NOVATURAS,20181227,33.20,33.20,33.20,33.20,2
NOVITA,20181227,45.00,48.00,45.00,48.00,360
NOWAGALA,20181227,0.48,0.48,0.48,0.48,9930
NTTSYSTEM,20181227,2.39,2.39,2.38,2.39,608
OAT,20181227,14.40,15.40,13.62,14.01,6540
ODLEWNIE,20181227,2.98,3.20,2.98,3.06,53104
OPENFIN,20181227,0.23,0.25,0.23,0.25,258072
OPONEO.PL,20181227,21.20,21.20,20.10,20.40,1969
OPTEAM,20181227,5.00,5.00,4.90,4.92,12815
ORANGEPL,20181227,4.79,4.88,4.68,4.68,785835
ORBIS,20181227,91.00,91.00,90.20,91.00,1840
ORCOGROUP,20181227,1.45,1.45,1.32,1.45,1651
ORION,20181227,7.75,7.75,7.55,7.65,40
ORZBIALY,20181227,10.00,10.65,10.00,10.65,502
OTLOG,20181227,3.76,3.88,3.60,3.82,11713
OTMUCHOW,20181227,1.63,1.68,1.63,1.68,4563
OVOSTAR,20181227,110.00,113.00,110.00,113.00,71
PAMAPOL,20181227,1.07,1.07,1.07,1.07,3
PANOVA,20181227,15.00,15.00,14.70,14.70,1752
PATENTUS,20181227,0.79,0.80,0.78,0.79,42813
PBKM,20181227,55.60,56.20,55.60,55.80,227
PCCEXOL,20181227,1.54,1.54,1.45,1.47,27776
PCCROKITA,20181227,82.00,82.00,80.80,81.60,526
PCM,20181227,11.65,12.20,11.65,11.75,3311
PEKABEX,20181227,12.40,12.70,12.40,12.70,2090
PEKAO,20181227,109.90,110.00,107.85,108.40,332873
PEMANAGER,20181227,24.90,24.90,24.20,24.50,450
PEP,20181227,20.60,20.60,20.30,20.30,1506
PEPEES,20181227,1.25,1.25,1.22,1.25,62
PFLEIDER,20181227,31.90,31.90,31.00,31.75,1720
PGE,20181227,10.14,10.24,9.91,10.03,1135471
PGNIG,20181227,6.87,6.94,6.78,6.86,3216113
PGO,20181227,2.20,2.20,2.19,2.19,2901
PGSSOFT,20181227,9.04,9.04,9.02,9.04,560
PHN,20181227,8.82,9.00,8.80,8.80,2304
PKNORLEN,20181227,105.60,107.65,104.60,106.30,458182
PKOASZEWZ,20181227,94.10,94.10,93.50,93.50,1502
PKOBL1,20181227,109.00,109.00,109.00,109.00,1
PKOBP,20181227,39.85,40.11,39.34,39.40,1488466
PKOGD,20181227,103.00,103.00,102.50,102.50,430
PKOGS,20181227,98.55,99.00,98.00,98.00,895
PKOSO,20181227,111.50,111.50,109.50,110.00,460
PKPCARGO,20181227,43.00,43.95,42.70,43.00,6024
PLASTBOX,20181227,1.76,1.90,1.69,1.90,17528
PLAY,20181227,21.00,21.00,20.68,20.92,143884
PLAYWAY,20181227,134.00,134.50,130.50,134.50,8505
PLAZACNTR,20181227,2.94,3.38,2.94,3.10,13025
PMPG,20181227,2.96,2.96,2.69,2.79,4731
POLICE,20181227,13.25,13.25,13.15,13.15,63
POLIMEXMS,20181227,2.89,2.89,2.78,2.79,289773
POLNORD,20181227,8.81,9.13,8.80,8.80,12731
POLWAX,20181227,7.00,7.00,6.80,7.00,27371
POZBUD,20181227,2.23,2.23,2.16,2.18,23999
PRAGMAFA,20181227,16.30,16.30,16.30,16.30,343
PRAGMAINK,20181227,9.90,9.90,9.90,9.90,10
PRAIRIE,20181227,1.12,1.14,1.10,1.12,191172
PRIMAMODA,20181227,2.45,2.45,2.45,2.45,80
PRIMETECH,20181227,1.34,1.46,1.34,1.41,72326
PROCAD,20181227,1.52,1.52,1.52,1.52,2000
PROCHEM,20181227,16.95,16.95,16.90,16.90,7
PROJPRZEM,20181227,21.40,22.60,21.40,22.50,1076
PROTEKTOR,20181227,4.23,4.57,4.00,4.57,8036
PROVIDENT,20181227,9.63,9.63,9.63,9.63,1
PULAWY,20181227,69.00,69.00,66.40,67.00,276
PZU,20181227,43.49,44.05,42.88,43.08,800834
PZUAKORD,20181227,109.61,110.00,109.60,110.00,265
QUANTUM,20181227,14.00,14.35,14.00,14.35,599
QUERCUS,20181227,2.30,2.30,2.25,2.28,3408
QUMAK,20181227,0.31,0.32,0.28,0.29,122495
R22,20181227,15.00,15.60,14.90,14.90,2227
RADPOL,20181227,1.12,1.12,1.08,1.08,24769
RAFAKO,20181227,1.71,1.72,1.68,1.70,97893
RAFAMET,20181227,9.40,9.86,9.40,9.86,18
RAINBOW,20181227,20.50,20.90,19.50,19.90,5952
RANKPROGR,20181227,1.52,1.58,1.52,1.53,14953
RAWLPLUG,20181227,8.58,8.76,8.40,8.76,1002
RCCOFFAOPEN1,20181227,3.10,3.10,3.10,3.10,82200
RCFL2LTS,20181227,728.00,728.00,728.00,728.00,1
RCFL2OIL2,20181227,151.00,151.00,151.00,151.00,6
RCFL2SILVE,20181227,17.98,18.36,17.98,18.36,100
RCFL3ALR,20181227,66.30,66.30,66.30,66.30,6
RCFL3BOSS,20181227,5.67,5.67,5.67,5.67,300
RCFL3CCC,20181227,54.70,54.70,49.52,49.52,800
RCFL3CDPRO1,20181227,15.15,15.15,15.15,15.15,2000
RCFL3COCO,20181227,6.26,6.26,6.15,6.15,3705
RCFL3COFF,20181227,1.17,1.17,1.17,1.17,3000
RCFL3COPP,20181227,12.55,12.55,12.45,12.45,75
RCFL3DBK,20181227,0.22,0.22,0.21,0.21,5430
RCFL3ENG,20181227,69.00,69.00,60.80,62.25,85
RCFL3EUH,20181227,3.16,3.16,3.15,3.15,700
RCFL3FDX,20181227,90.60,91.00,89.40,89.40,125
RCFL3GOLD,20181227,28.76,29.27,28.76,29.27,135
RCFL3KGH,20181227,4.43,4.48,4.40,4.40,1013
RCFL3LHA1,20181227,7.10,7.10,7.10,7.10,120
RCFL3LPP,20181227,351.00,351.00,340.80,340.80,40
RCFL3OIL2,20181227,121.20,121.20,113.20,118.00,56
RCFL3OIL3,20181227,9.80,9.80,9.26,9.64,6950
RCFL3OIL4,20181227,3.01,3.01,2.99,2.99,310
RCFL3PALL1,20181227,17.10,17.10,17.10,17.10,50
RCFL3SILVE,20181227,3.80,3.80,3.80,3.80,100
RCFL3SILVE3,20181227,10.40,10.75,10.40,10.75,670
RCFL4COCO,20181227,4.40,4.60,4.40,4.60,20
RCFL4OIL,20181227,4.92,5.14,4.92,5.14,3437
RCFL4PLAT1,20181227,5.41,5.45,5.41,5.45,800
RCFL5COCO1,20181227,2.63,2.71,2.63,2.65,1749
RCFL5FW20,20181227,7.25,7.25,7.25,7.25,144
RCFL5GOLD,20181227,7.94,7.94,7.94,7.94,1
RCFL5OIL,20181227,3.64,3.71,3.40,3.57,16275
RCFL5OIL2,20181227,1.18,1.18,1.14,1.14,37976
RCFL5PLAT1,20181227,4.19,4.19,4.19,4.19,1
RCFL5SILVE,20181227,3.20,3.43,3.20,3.43,8521
RCFS3ALR,20181227,15.40,15.40,15.40,15.40,100
RCFS3BZW,20181227,18.19,18.51,18.19,18.38,3000
RCFS3CCC,20181227,13.00,13.00,13.00,13.00,1000
RCFS3CDPRO1,20181227,1.10,1.30,1.10,1.29,37870
RCFS3DB1,20181227,11.43,11.43,11.43,11.43,70
RCFS3DBK,20181227,77.10,79.30,77.10,79.30,1400
RCFS3ENG,20181227,12.01,12.56,12.01,12.56,3500
RCFS3FDX,20181227,18.87,18.87,18.87,18.87,1000
RCFS3GASO,20181227,4.13,4.13,4.00,4.00,125
RCFS3KGH,20181227,4.71,4.71,4.67,4.67,36090
RCFS3LPP,20181227,2.16,2.28,2.15,2.28,17000
RCFS3MBK,20181227,13.08,13.27,13.07,13.27,5000
RCFS3OIL,20181227,40.47,42.51,40.47,41.08,1682
RCFS3OIL2,20181227,6.43,6.43,6.35,6.35,4038
RCFS3PZU,20181227,2.62,2.62,2.62,2.62,600
RCFS3SUGA,20181227,28.82,28.82,28.82,28.82,70
RCFS3TPE,20181227,31.41,32.83,31.41,32.83,148
RCFS3W20,20181227,27.76,28.60,27.76,28.28,89
RCFS4ESX,20181227,2.36,2.60,2.36,2.60,15265
RCFS4NAG,20181227,1.17,1.17,1.17,1.17,300
RCFS4OIL,20181227,1.17,1.17,1.10,1.10,8600
RCFS5FW20,20181227,6.55,6.55,6.55,6.55,805
RCFS5FW202,20181227,5.34,5.45,5.21,5.45,565
RCFS5LIGH,20181227,48.96,48.96,48.96,48.96,6
RCFS5OIL,20181227,3.84,3.84,3.72,3.80,23780
RCFS5OIL2,20181227,32.16,32.16,32.16,32.16,46
RCGBSH10520,20181227,1123.40,1123.40,1123.40,1123.40,35
RCGBSK0621B,20181227,1017.10,1017.10,1017.10,1017.10,25
RCGBSK0721,20181227,1010.10,1010.10,1010.10,1010.10,20
RCGLDAOPEN,20181227,477.60,480.60,476.20,480.20,520
RCGNS010920,20181227,1079.60,1079.60,1079.60,1079.60,250
RCGSXHC0122,20181227,977.40,977.40,977.40,977.40,15
RCGSXHC0222,20181227,978.20,978.20,978.20,978.20,200
RCGSXLV1220,20181227,988.90,988.90,988.90,988.90,2
RCGTECBSK0221,20181227,951.00,951.00,951.00,951.00,101
RCGXAU0322,20181227,1013.10,1013.10,1013.10,1013.10,58
RCRBSPX0522,20181227,960.70,960.70,960.70,960.70,239
RCSCRAOPEN,20181227,248.20,252.00,248.20,252.00,76
RCSDGP0220,20181227,957.80,957.80,957.80,957.80,300
RCSILAOPEN,20181227,56.55,57.20,56.55,57.20,740
RCTLCOCO04,20181227,31.01,31.01,31.01,31.01,11
RCTLCOCO05,20181227,27.52,28.27,27.52,27.69,308
RCTLGOLD09,20181227,4.30,4.40,4.30,4.40,2157
RCTLPLAT03,20181227,54.85,54.85,54.85,54.85,25
REDAN,20181227,0.56,0.56,0.52,0.56,445
RELPOL,20181227,7.60,7.66,7.52,7.52,949
REMAK,20181227,8.50,8.50,8.50,8.50,2
RONSON,20181227,0.80,0.81,0.80,0.80,4127
ROPCZYCE,20181227,32.00,33.10,32.00,32.90,787
RUBICON,20181227,1.10,1.10,0.92,0.95,205
SANOK,20181227,24.00,25.40,24.00,24.50,9952
SANPL,20181227,365.00,367.80,352.20,352.60,37511
SANPL2,20181227,352.00,360.00,350.00,360.00,152
SANTANDER,20181227,17.00,17.72,16.80,16.80,154
SANWIL,20181227,0.54,0.58,0.54,0.55,1599
SARE,20181227,8.30,8.30,8.30,8.30,1201
SECOGROUP,20181227,15.20,15.20,15.20,15.20,100
SEKO,20181227,9.20,9.20,9.20,9.20,112
SELENAFM,20181227,8.80,8.80,8.05,8.05,487
SELVITA,20181227,49.50,51.50,49.35,51.50,15155
SERINUS,20181227,0.63,0.69,0.61,0.61,552130
SESCOM,20181227,27.00,27.00,27.00,27.00,5
SFINKS,20181227,0.80,0.83,0.80,0.83,6411
SILVANO,20181227,10.40,10.40,10.00,10.30,1953
SIMPLE,20181227,6.25,6.50,6.25,6.50,782
SKARBIEC,20181227,21.70,21.70,21.30,21.30,2341
SKYLINE,20181227,0.71,0.72,0.71,0.72,499
SLEEPZAG,20181227,4.28,4.28,3.92,4.28,85
SNIEZKA,20181227,77.00,77.00,75.50,77.00,211
SOHODEV,20181227,1.03,1.03,1.01,1.03,10955
SOLAR,20181227,0.53,0.53,0.48,0.48,58234
SONEL,20181227,6.20,6.20,6.20,6.20,136
STALEXP,20181227,3.26,3.30,3.25,3.27,137839
STALPROD,20181227,317.00,323.00,317.00,323.00,693
STALPROFI,20181227,9.65,9.65,9.40,9.60,1429
STELMET,20181227,7.70,7.70,7.20,7.24,4907
SUNEX,20181227,3.71,4.02,3.71,4.01,10747
SUWARY,20181227,13.20,15.20,13.20,14.90,2402
SWISSMED,20181227,1.00,1.00,0.99,0.99,80
SYGNITY,20181227,2.88,2.88,2.59,2.59,6647
SYNEKTIK,20181227,9.20,9.20,9.00,9.00,10252
TALEX,20181227,11.50,11.50,11.50,11.50,5
TARCZYNSKI,20181227,17.45,18.00,17.45,18.00,361
TAURONPE,20181227,2.14,2.17,2.10,2.10,4992309
TBULL,20181227,26.60,27.60,26.20,26.80,1169
TERMOREX,20181227,0.50,0.50,0.50,0.50,4501
TESGAS,20181227,2.61,2.61,2.61,2.61,1
TIM,20181227,6.44,6.64,6.34,6.42,3386
TORPOL,20181227,4.38,4.38,4.18,4.30,11043
TOWERINVT,20181227,22.50,22.50,22.20,22.20,1451
TRAKCJA,20181227,3.89,3.89,3.77,3.85,155716
TRANSPOL,20181227,2.80,2.80,2.80,2.80,2
TRITON,20181227,2.20,2.33,2.20,2.28,11868
TSGAMES,20181227,75.50,77.20,75.00,77.20,8424
TXM,20181227,0.25,0.28,0.25,0.28,21713
ULMA,20181227,66.00,66.00,66.00,66.00,101
UNIBEP,20181227,4.50,4.50,4.50,4.50,2412
UNIMA,20181227,2.18,2.18,2.16,2.16,1656
UNIMOT,20181227,8.20,8.20,7.74,7.90,4134
URSUS,20181227,1.49,1.58,1.49,1.51,1030164
VENTUREIN,20181227,1.59,1.59,1.59,1.59,50
VIGOSYS,20181227,264.00,277.00,264.00,277.00,18
VINDEXUS,20181227,6.88,6.88,6.68,6.86,836
VISTAL,20181227,1.10,1.12,1.05,1.12,41104
VISTULA,20181227,3.88,4.08,3.88,4.08,5776
VIVID,20181227,1.30,1.36,1.21,1.28,85927
VOTUM,20181227,4.66,4.70,4.65,4.70,2514
VOXEL,20181227,23.00,23.00,22.60,23.00,732
WADEX,20181227,4.88,4.88,4.88,4.88,19
WARIMPEX,20181227,4.50,4.50,4.50,4.50,224
WASKO,20181227,1.32,1.39,1.30,1.39,29006
WAWEL,20181227,838.00,838.00,830.00,830.00,101
WIELTON,20181227,9.70,9.85,9.60,9.63,7433
WIKANA,20181227,0.70,0.70,0.70,0.70,1000
WIRTUALNA,20181227,52.00,53.60,51.00,53.00,13511
WITTCHEN,20181227,15.95,15.95,15.00,15.50,436
WOJAS,20181227,3.92,3.92,3.61,3.80,2918
WORKSERV,20181227,1.57,1.60,1.47,1.47,277231
XTB,20181227,4.34,4.44,4.30,4.35,6160
YOLO,20181227,2.10,2.10,2.01,2.04,3211
ZAMET,20181227,0.71,0.75,0.71,0.75,7376
ZASTAL,20181227,0.40,0.40,0.39,0.39,11
ZEPAK,20181227,7.17,7.48,7.17,7.36,121924
ZPUE,20181227,63.50,67.50,63.50,67.50,172
ZUE,20181227,4.21,4.32,4.06,4.32,6127
ZYWIEC,20181227,464.00,464.00,460.00,460.00,68
INVESTORMS,20181227,3529.91,3529.91,3522.09,3522.09,99212.688
MWIG40,20181227,3921.93,3940.82,3889.57,3897.19,79229.940
MWIG40TR,20181227,4953.27,4977.13,4917.86,4922.03,79229.940
RESPECT,20181227,2790.14,2798.51,2757.68,2761.96,275898.079
SWIG80,20181227,10479.39,10536.57,10458.68,10509.20,21332.681
SWIG80TR,20181227,12687.49,12756.72,12665.56,12723.59,21332.681
WIG,20181227,57800.92,57954.07,57108.77,57183.28,490997.778
WIG-BANKI,20181227,7544.61,7565.63,7417.79,7424.16,145930.070
WIG-BUDOW,20181227,1883.86,1902.87,1881.22,1895.23,3109.579
WIG-CEE,20181227,1090.23,1091.73,1089.86,1091.73,1515.725
WIG-CHEMIA,20181227,9454.02,9482.25,9210.85,9225.41,5027.293
WIG-ENERG,20181227,2410.46,2437.62,2372.39,2385.65,38389.314
WIG-GORNIC,20181227,3449.06,3449.06,3388.07,3401.70,32108.289
WIG-INFO,20181227,1979.21,1991.88,1969.71,1974.39,5698.502
WIG-LEKI,20181227,5098.65,5167.85,5071.55,5146.37,3548.428
WIG-MEDIA,20181227,4493.66,4561.18,4459.64,4529.60,1655.497
WIG-MOTO,20181227,3560.04,3598.84,3560.04,3564.97,1210.032
WIG-NRCHOM,20181227,1926.28,1929.78,1900.03,1908.12,5694.449
WIG-ODZIEZ,20181227,6010.67,6023.52,5890.09,5927.76,29862.317
WIG-PALIWA,20181227,7859.07,7957.33,7810.98,7881.79,82977.896
WIG-POLAND,20181227,58692.82,58692.82,58366.64,58366.64,488353.024
WIG-SPOZYW,20181227,3321.13,3375.12,3321.03,3352.28,2164.023
WIG-TELKOM,20181227,624.79,626.87,614.90,615.21,11222.281
WIG-UKRAIN,20181227,409.42,417.78,409.42,417.78,1331.105
WIG20,20181227,2279.04,2288.31,2248.23,2251.38,384303.745
WIG20LEV,20181227,659.74,665.07,642.05,643.86,384303.745
WIG20SHORT,20181227,3415.61,3462.56,3401.48,3457.76,384303.745
WIG20TR,20181227,4032.23,4038.25,3973.27,3974.24,384303.745
WIG30,20181227,2594.29,2600.14,2553.94,2557.38,439064.942
WIG30TR,20181227,4490.01,4490.01,4458.87,4458.87,439064.942
WIGDIV,20181227,1063.49,1067.59,1055.15,1058.09,191561.507
