11BIT,20181221,245.00,246.00,237.50,240.00,23378
4FUNMEDIA,20181221,11.95,11.95,11.20,11.25,2149
ABCDATA,20181221,0.85,1.00,0.85,1.00,1880939
ABMSOLID,20181221,6.32,6.32,6.00,6.00,11
ABPL,20181221,15.30,15.90,15.30,15.80,1512
ACAUTOGAZ,20181221,43.00,43.00,42.60,42.60,268
ACTION,20181221,2.59,2.66,2.57,2.66,24580
ADIUVO,20181221,7.86,8.50,7.80,7.80,10859
AGORA,20181221,10.80,10.85,10.30,10.30,16385
AGROTON,20181221,3.27,3.42,3.13,3.35,8242
AILLERON,20181221,10.00,10.40,9.98,9.98,10267
AIRWAY,20181221,0.67,0.68,0.65,0.67,123520
ALCHEMIA,20181221,4.59,4.68,4.45,4.68,2990
ALIOR,20181221,56.00,56.15,54.00,54.50,445192
ALTA,20181221,1.78,1.95,1.78,1.80,16388
ALTUSTFI,20181221,2.13,2.34,2.13,2.23,117824
ALUMETAL,20181221,42.10,42.10,41.50,41.85,8388
AMBRA,20181221,12.40,12.40,12.40,12.40,1350
AMICA,20181221,112.80,113.00,109.00,110.80,3701
AMREST,20181221,38.90,39.70,38.05,38.20,177976
APATOR,20181221,25.00,25.00,24.30,24.40,1114
APLISENS,20181221,10.50,10.60,10.50,10.60,407
APSENERGY,20181221,2.23,2.23,2.23,2.23,1
ARCHICOM,20181221,11.00,11.15,10.80,11.15,648
ARCTIC,20181221,3.12,3.15,3.03,3.05,41929
ARCUS,20181221,1.14,1.19,1.14,1.19,105
ARTERIA,20181221,4.79,4.79,4.50,4.64,3270
ARTIFEX,20181221,4.00,4.11,3.85,3.90,25303
ASBIS,20181221,2.48,2.50,2.41,2.46,209221
ASSECOBS,20181221,27.00,27.00,27.00,27.00,4025
ASSECOPOL,20181221,46.60,47.16,46.10,46.10,104361
ASSECOSEE,20181221,10.85,11.25,10.50,11.25,4948
ASTARTA,20181221,23.30,23.50,23.00,23.50,2277
ATAL,20181221,27.80,28.70,27.50,27.90,52498
ATENDE,20181221,3.71,3.71,3.60,3.68,3816
ATLANTAPL,20181221,4.74,4.82,4.74,4.82,200
ATLANTIS,20181221,0.49,0.50,0.49,0.50,14370
ATLASEST,20181221,0.95,0.99,0.95,0.99,8142
ATM,20181221,8.00,8.24,8.00,8.24,101
ATMGRUPA,20181221,4.52,4.52,4.34,4.52,4135
ATREM,20181221,1.28,1.31,1.28,1.31,6001
AUTOPARTN,20181221,3.93,3.93,3.85,3.85,3839
AWBUD,20181221,0.58,0.62,0.55,0.62,10677
BAHOLDING,20181221,1.62,1.63,1.56,1.59,310780
BALTONA,20181221,8.96,8.96,8.60,8.96,1133
BBIDEV,20181221,0.61,0.61,0.57,0.58,371826
BEDZIN,20181221,21.40,21.40,21.20,21.20,10
BENEFIT,20181221,870.00,870.00,830.00,870.00,2372
BETACOM,20181221,14.10,14.10,14.10,14.10,3
BGZBNPP,20181221,48.50,49.20,47.50,49.00,391
BIK,20181221,15.55,15.55,15.55,15.55,1
BIOMEDLUB,20181221,1.04,1.04,0.97,1.03,124395
BIOTON,20181221,5.00,5.04,4.92,4.93,83796
BNPPSOLE0920,20181221,966.00,966.00,966.00,966.00,150
BOGDANKA,20181221,52.80,53.40,50.60,51.90,16018
BORYSZEW,20181221,4.68,4.68,4.42,4.63,269686
BOS,20181221,7.46,7.46,7.01,7.26,53606
BOWIM,20181221,2.93,2.94,2.93,2.94,1921
BRASTER,20181221,2.12,2.19,2.07,2.07,129649
BSCDRUK,20181221,30.80,30.80,28.20,28.20,1684
BUDIMEX,20181221,116.00,117.40,110.00,111.40,16966
CAPITAL,20181221,2.00,2.16,1.94,2.08,15961
CCC,20181221,197.50,199.00,187.40,193.40,192959
CDPROJEKT,20181221,150.10,156.80,149.00,151.00,649369
CDRL,20181221,24.70,24.80,24.20,24.70,1234
CELTIC,20181221,4.50,5.40,4.50,5.40,17515
CEZ,20181221,90.20,91.60,90.00,90.00,1625
CIECH,20181221,44.80,45.20,44.20,44.78,80558
CIGAMES,20181221,0.81,0.81,0.78,0.80,1584691
CITYSERV,20181221,11.10,11.90,11.00,11.90,11034
CLNPHARMA,20181221,30.90,31.20,30.30,31.10,7993
CNT,20181221,11.80,11.80,11.80,11.80,1747
COGNOR,20181221,1.60,1.64,1.59,1.60,52568
COMARCH,20181221,150.00,152.50,147.50,149.00,1663
COMP,20181221,45.60,46.80,45.00,45.00,8375
CORMAY,20181221,1.13,1.18,1.10,1.10,567461
CPGROUP,20181221,6.30,6.30,6.00,6.30,47816
CYFRPLSAT,20181221,23.46,23.46,22.16,22.64,1084068
DEBICA,20181221,92.80,92.80,90.20,90.20,7687
DECORA,20181221,15.10,15.10,15.00,15.00,10692
DEKPOL,20181221,32.40,32.40,32.40,32.40,250
DELKO,20181221,7.38,7.38,7.18,7.20,65878
DGA,20181221,8.70,8.72,8.60,8.60,500
DINOPL,20181221,97.60,98.95,96.05,98.95,259579
DOMDEV,20181221,64.40,64.40,61.60,61.60,2694
DROZAPOL,20181221,1.37,1.40,1.34,1.34,22434
ECHO,20181221,3.35,3.36,3.22,3.24,126113
EDINVEST,20181221,1.91,1.91,1.91,1.91,1
EFEKT,20181221,21.80,21.80,21.00,21.30,4400
EKOEXPORT,20181221,2.64,2.79,2.61,2.72,75568
ELBUDOWA,20181221,25.80,25.90,24.00,24.60,15778
ELEKTROTI,20181221,4.47,4.47,4.39,4.45,1649
ELEMENTAL,20181221,1.14,1.15,1.12,1.14,360755
ELKOP,20181221,0.01,0.01,0.01,0.01,80000
ELZAB,20181221,4.48,4.72,4.48,4.50,10700
ENAP,20181221,1.20,1.20,1.08,1.14,5456
ENEA,20181221,10.04,10.06,9.58,9.70,953312
ENELMED,20181221,10.70,10.70,10.40,10.40,11
ENERGA,20181221,9.26,9.39,8.62,8.62,1963840
ENERGOINS,20181221,0.74,0.74,0.71,0.73,5444
ENTER,20181221,22.00,22.00,20.10,21.40,6172
ERBUD,20181221,9.78,9.78,9.24,9.30,3249
ERG,20181221,35.10,36.10,34.80,35.80,281
ERGIS,20181221,2.60,2.60,2.35,2.44,39561
ESOTIQ,20181221,17.55,17.55,17.00,17.35,502
ESSYSTEM,20181221,2.16,2.34,2.16,2.24,3754
ETFDAX,20181221,430.30,434.25,427.95,434.25,109
ETFSP500,20181221,94.67,96.10,94.10,95.21,1901
ETFW20L,20181221,279.95,279.95,270.10,274.45,541
EUCO,20181221,5.66,5.70,5.24,5.54,2931
EUROCASH,20181221,17.52,17.81,17.42,17.69,686947
EUROTEL,20181221,18.60,18.85,18.60,18.60,198
FAMUR,20181221,5.48,5.50,5.18,5.32,97313
FASING,20181221,16.00,16.00,15.80,15.80,75
FEERUM,20181221,9.78,9.78,8.84,8.90,516
FERRO,20181221,12.45,12.55,12.35,12.55,5107
FERRUM,20181221,3.82,4.15,3.82,4.15,4368
FORTE,20181221,22.45,22.70,22.45,22.50,24989
GETINOBLE,20181221,0.41,0.41,0.37,0.38,15140467
GINOROSSI,20181221,0.52,0.53,0.52,0.52,415631
GLCOSMED,20181221,1.05,1.15,0.95,1.00,41174
GOBARTO,20181221,8.24,8.44,7.50,7.88,14390
GPRE,20181221,5.12,5.12,4.95,5.00,2238
GPW,20181221,37.05,37.45,36.40,36.60,60517
GRAVITON,20181221,1.61,1.61,1.53,1.61,647
GROCLIN,20181221,2.87,3.10,2.80,3.03,168598
GRODNO,20181221,3.58,3.62,3.48,3.57,15190
GRUPAAZOTY,20181221,30.30,30.78,30.00,30.60,145340
GTC,20181221,8.11,8.28,8.11,8.20,73552
HANDLOWY,20181221,69.00,69.30,68.00,69.30,71657
HARPER,20181221,0.13,0.14,0.12,0.13,483046
HELIO,20181221,10.45,10.45,10.20,10.20,2001
HERKULES,20181221,2.82,2.90,2.76,2.82,25385
HOLLYWOOD,20181221,0.87,0.92,0.87,0.90,2821
HYDROTOR,20181221,34.40,34.40,34.00,34.40,602
IDEABANK,20181221,2.48,2.48,2.36,2.38,169247
IDMSA,20181221,1.06,1.10,1.02,1.06,4668
IFCAPITAL,20181221,0.51,0.54,0.51,0.51,3118
IFIRMA,20181221,2.08,2.15,2.06,2.08,7754
IMCOMPANY,20181221,13.00,13.00,13.00,13.00,1
IMMOBILE,20181221,3.04,3.04,2.94,3.00,5228
IMPEL,20181221,7.00,7.15,6.80,7.00,7658
IMPERA,20181221,0.95,0.98,0.94,0.98,1179
IMPEXMET,20181221,3.06,3.09,3.05,3.05,32619
IMS,20181221,3.44,3.46,3.38,3.44,51355
INC,20181221,1.11,1.16,0.92,1.16,1027
INDYKPOL,20181221,61.00,61.50,60.50,61.50,8
INGBSK,20181221,189.00,189.00,184.80,189.00,43346
INPRO,20181221,4.50,4.50,4.48,4.48,449
INSTALKRK,20181221,12.55,12.95,12.55,12.60,3190
INTERAOLT,20181221,10.35,10.60,10.35,10.55,789
INTERCARS,20181221,208.00,209.00,199.20,208.00,3318
INTERFERI,20181221,3.68,3.70,3.68,3.70,101
INTERSPPL,20181221,1.76,1.83,1.76,1.83,8973
INTLBCO12542,20181221,100.00,100.00,100.00,100.00,4
INTLBCO12674,20181221,67.40,67.40,61.90,64.50,127
INTLBCO13235,20181221,50.35,50.35,45.33,48.27,4220
INTLBCO19356,20181221,35.28,35.43,29.32,30.05,155
INTLBCO19737,20181221,17.18,17.44,10.00,10.00,3942
INTLBCO19745,20181221,24.27,24.27,19.60,22.50,2099
INTLCDR22392,20181221,3.62,3.90,3.50,3.50,2571
INTLDAX00281,20181221,79.75,79.75,79.75,79.75,30
INTLDAX00752,20181221,94.00,95.00,94.00,95.00,100
INTLDAX01800,20181221,61.85,61.85,61.85,61.85,1
INTLDAX12864,20181221,110.00,113.70,110.00,113.70,20
INTLDAX12872,20181221,123.70,123.70,123.70,123.70,30
INTLDAX13136,20181221,47.34,47.34,45.42,45.42,260
INTLDAX13169,20181221,131.70,134.70,130.00,133.60,1435
INTLDAX13300,20181221,37.69,41.96,37.69,40.78,240
INTLDAX14829,20181221,28.67,31.14,27.74,31.12,1740
INTLDAX15016,20181221,21.21,25.00,21.00,25.00,1395
INTLDAX15099,20181221,12.04,16.36,10.90,15.50,3497
INTLDOW20263,20181221,40.16,40.16,40.16,40.16,10
INTLESX15677,20181221,9.64,9.64,8.80,8.80,526
INTLEUD16493,20181221,14.25,14.25,14.25,14.25,4
INTLGLD09746,20181221,59.30,59.30,56.75,57.80,715
INTLKGH22095,20181221,15.00,15.00,14.99,14.99,1000
INTLNAG20719,20181221,5.00,5.00,4.81,4.81,400
INTLNDX18879,20181221,31.51,31.51,31.51,31.51,100
INTLNDX20065,20181221,22.30,22.30,20.20,20.20,811
INTLOPL21626,20181221,1.49,1.49,1.45,1.45,9648
INTLPEO16402,20181221,19.55,19.55,19.55,19.55,300
INTLPEO22004,20181221,23.68,23.68,23.68,23.68,73
INTLPGE21337,20181221,2.82,2.82,2.82,2.82,3000
INTLPGE21352,20181221,2.35,2.35,2.35,2.35,400
INTLPGE22079,20181221,1.26,1.37,1.26,1.37,10000
INTLPGE22202,20181221,0.89,0.89,0.80,0.80,4000
INTLPGN17376,20181221,2.25,2.25,2.25,2.25,3600
INTLPGN22103,20181221,1.44,1.45,1.44,1.45,4085
INTLPKN16758,20181221,38.05,38.05,38.05,38.05,9
INTLPKN17111,20181221,31.00,31.00,30.00,30.00,30
INTLPKO15032,20181221,20.32,20.32,20.32,20.32,144
INTLPKO21675,20181221,5.43,5.43,5.43,5.43,2200
INTLPZU22210,20181221,8.07,8.07,8.07,8.07,605
INTLSLV21964,20181221,8.60,8.60,8.60,8.60,2000
INTLSPX17822,20181221,7.71,7.90,7.24,7.90,3019
INTLSPX17830,20181221,11.90,12.39,11.90,12.39,1660
INTLUSD20602,20181221,42.80,42.80,42.80,42.80,835
INTLUSD20842,20181221,59.30,59.30,59.30,59.30,40
INTLUSD21261,20181221,21.90,21.90,21.87,21.87,600
INTLUSD21287,20181221,30.87,30.87,30.87,30.87,45
INTLUSD22343,20181221,15.33,17.90,15.33,17.90,1380
INTLUSJ16360,20181221,34.91,34.91,34.91,34.91,10
INTLW2012104,20181221,5.97,5.97,5.97,5.97,473
INTLW2012112,20181221,6.87,6.87,6.87,6.87,1000
INTLW2012484,20181221,8.62,8.68,8.29,8.41,17129
INTLW2017020,20181221,4.52,4.52,3.94,3.94,8471
INTLW2017145,20181221,3.54,3.54,3.54,3.54,562
INTLW2017152,20181221,3.90,3.90,3.90,3.90,300
INTLW2017384,20181221,2.78,2.79,2.78,2.79,1488
INTLW2017392,20181221,3.29,3.29,2.80,3.05,4100
INTLW2017400,20181221,3.35,3.35,3.20,3.20,1430
INTLW2017426,20181221,2.94,2.94,2.24,2.50,7705
INTLW2022244,20181221,2.25,2.25,1.74,2.05,14401
INTLW2022251,20181221,2.66,2.66,2.66,2.66,400
INTLW2022301,20181221,1.57,1.63,1.00,1.28,28514
INTLW2022319,20181221,1.71,1.71,1.53,1.53,1254
INTLW2022327,20181221,1.99,2.00,1.75,1.78,5100
INTROL,20181221,3.25,3.25,2.90,3.25,3924
INTSBCO22400,20181221,69.60,71.05,69.60,71.05,18
INTSCDR22038,20181221,11.04,11.04,10.87,10.90,4100
INTSCDR22111,20181221,6.13,6.25,5.57,6.15,10061
INTSDAX18952,20181221,135.90,135.90,135.90,135.90,8
INTSDAX20180,20181221,158.40,158.40,158.40,158.40,8
INTSDAX21303,20181221,111.10,111.10,111.10,111.10,5
INTSDAX21550,20181221,103.80,103.80,103.80,103.80,10
INTSDAX21840,20181221,93.60,93.60,93.60,93.60,20
INTSDAX22160,20181221,61.25,62.00,60.20,60.70,1765
INTSDAX22178,20181221,71.95,71.95,70.15,70.15,318
INTSDAX22426,20181221,40.01,42.00,36.62,37.68,7839
INTSDAX22434,20181221,51.25,52.10,48.15,48.15,352
INTSDOW20552,20181221,221.10,221.10,221.00,221.00,40
INTSEUD03764,20181221,70.15,70.15,70.15,70.15,15
INTSEUD22194,20181221,22.40,22.40,22.40,22.40,250
INTSGLD21451,20181221,47.64,49.56,47.64,49.56,341
INTSNDX21725,20181221,67.60,69.00,67.50,67.50,285
INTSNDX21857,20181221,82.75,82.75,82.75,82.75,1
INTSPGN19679,20181221,1.21,1.41,1.21,1.41,1812
INTSPKN19828,20181221,35.87,37.82,35.87,37.82,607
INTSPKN20024,20181221,47.50,51.00,47.50,51.00,4
INTSPKO20693,20181221,14.74,15.50,14.74,15.50,1457
INTSPZU19638,20181221,5.30,5.99,5.06,5.40,4040
INTSPZU20131,20181221,9.20,9.20,9.20,9.20,200
INTSSP520776,20181221,23.19,23.60,22.80,22.80,1098
INTSSP521865,20181221,29.23,29.43,29.23,29.31,117
INTSUSD17665,20181221,21.16,21.16,21.16,21.16,15
INTSUSD18127,20181221,16.50,16.50,16.50,16.50,20
INTSUSJ17095,20181221,28.32,28.32,28.32,28.32,350
INTSW2005892,20181221,3.62,3.62,3.62,3.62,6000
INTSW2019430,20181221,4.13,4.67,4.13,4.53,3160
INTSW2019588,20181221,5.15,5.15,5.15,5.15,285
INTSW2020727,20181221,3.26,3.33,3.26,3.33,1600
INTSW2020859,20181221,2.25,2.75,2.21,2.75,710
INTSW2020867,20181221,2.51,2.51,2.51,2.51,90
INTSW2020982,20181221,1.50,2.00,1.50,1.83,81560
INTSW2020990,20181221,1.75,2.43,1.75,2.43,25461
INVCEEFIZ,20181221,393.10,393.10,393.10,393.10,2
INVFIZ,20181221,912.11,916.12,912.11,916.12,3
INVISTA,20181221,0.77,0.80,0.77,0.80,710
INVPEFIZ,20181221,733.00,733.00,730.01,730.01,11
IPOPEMA,20181221,1.08,1.08,1.05,1.06,37299
IQP,20181221,0.38,0.38,0.35,0.37,57595
ITMTRADE,20181221,1.40,1.70,1.40,1.70,97809
IZOBLOK,20181221,28.50,29.00,28.50,28.60,631
IZOLACJA,20181221,1.73,1.73,1.63,1.73,170
JHMDEV,20181221,1.53,1.53,1.53,1.53,1
JSW,20181221,66.90,67.32,65.00,66.24,371832
JWCONSTR,20181221,2.32,2.35,2.28,2.35,10236
JWWINVEST,20181221,1.01,1.01,1.01,1.01,10
K2INTERNT,20181221,11.75,11.75,11.35,11.45,10615
KANIA,20181221,1.03,1.05,1.00,1.04,179726
KCI,20181221,0.43,0.48,0.43,0.44,36030
KERNEL,20181221,48.10,48.35,47.10,48.20,43000
KETY,20181221,322.00,325.50,314.00,315.50,3405
KGHM,20181221,89.46,89.56,87.92,88.70,891069
KGL,20181221,15.40,15.40,14.10,14.10,579
KINOPOL,20181221,11.00,11.00,10.75,10.85,892
KOGENERA,20181221,35.10,38.50,35.10,38.50,68978
KOMPAP,20181221,6.15,6.45,6.15,6.45,323
KOMPUTRON,20181221,3.24,3.24,3.01,3.07,18618
KONSSTALI,20181221,28.50,28.50,27.30,28.50,985
KRAKCHEM,20181221,1.10,1.10,1.06,1.06,13304
KREC,20181221,4.97,4.97,4.76,4.76,2145
KREDYTIN,20181221,11.80,11.80,11.80,11.80,111
KREZUS,20181221,0.57,0.59,0.53,0.56,5817209
KRUK,20181221,168.20,168.20,158.10,160.00,111781
KRUSZWICA,20181221,39.00,39.30,38.00,38.00,1724
KRVITAMIN,20181221,6.66,7.00,6.18,7.00,33921
LABOPRINT,20181221,12.80,12.80,12.80,12.80,1
LARQ,20181221,6.14,6.14,6.02,6.14,1251
LCCORP,20181221,2.35,2.38,2.32,2.32,431272
LENA,20181221,2.66,2.66,2.61,2.62,12388
LENTEX,20181221,7.34,7.48,7.12,7.40,22459
LIBET,20181221,1.13,1.13,1.06,1.11,119377
LIVECHAT,20181221,25.25,25.25,23.85,24.30,35030
LOKUM,20181221,15.80,16.00,15.80,16.00,232
LOTOS,20181221,87.10,87.94,85.32,87.80,562695
LPP,20181221,7940.00,8075.00,7705.00,7780.00,7081
LSISOFT,20181221,11.20,11.55,11.05,11.30,1605
LUBAWA,20181221,0.62,0.63,0.57,0.60,578685
MABION,20181221,86.90,87.30,85.00,86.20,12920
MAKARONPL,20181221,4.30,4.50,4.30,4.30,954
MANGATA,20181221,64.80,64.80,63.00,63.00,218
MARVIPOL,20181221,3.29,3.29,3.21,3.21,11680
MASTERPHA,20181221,6.00,6.00,5.92,6.00,8327
MAXCOM,20181221,15.65,15.65,15.15,15.20,4617
MBANK,20181221,425.00,426.60,415.00,421.40,56870
MBWS,20181221,16.50,16.50,15.00,16.50,712
MCI,20181221,9.46,9.46,9.18,9.30,2004
MDIENERGIA,20181221,3.29,3.42,3.29,3.42,1469
MEDIACAP,20181221,1.58,1.62,1.58,1.62,5734
MEDICALG,20181221,25.35,26.00,25.20,25.90,17369
MENNICA,20181221,19.00,19.20,18.80,19.20,20230
MERCATOR,20181221,11.40,11.40,11.15,11.15,2635
MERCOR,20181221,8.32,8.38,8.26,8.26,6868
MEXPOLSKA,20181221,3.42,3.42,3.19,3.40,13279
MFO,20181221,23.60,23.60,23.60,23.60,1
MILLENNIUM,20181221,8.76,8.90,8.56,8.70,1759635
MIRACULUM,20181221,1.52,1.56,1.52,1.55,8933
MIRBUD,20181221,1.04,1.06,1.02,1.02,203641
MLPGROUP,20181221,46.00,46.00,42.00,42.80,63856
MLSYSTEM,20181221,28.00,28.00,27.40,27.70,1388
MOL,20181221,41.00,41.00,41.00,41.00,150
MONNARI,20181221,4.35,4.45,4.31,4.33,55571
MORIZON,20181221,1.15,1.15,1.15,1.15,1
MOSTALPLC,20181221,3.05,3.05,2.95,3.00,5604
MOSTALWAR,20181221,2.00,2.03,2.00,2.01,19101
MUZA,20181221,2.70,2.70,2.66,2.66,193
MWTRADE,20181221,2.86,2.86,2.74,2.80,5586
NETIA,20181221,4.94,5.05,4.70,4.90,369926
NETMEDIA,20181221,10.70,10.80,10.40,10.40,2491
NEUCA,20181221,238.00,243.00,235.50,243.00,1494
NEWAG,20181221,14.50,14.50,14.20,14.45,918
NORTCOAST,20181221,4.49,4.49,4.21,4.21,1534
NOVATURAS,20181221,33.20,33.20,33.20,33.20,59
NOVITA,20181221,42.20,45.00,42.20,45.00,4310
NOWAGALA,20181221,0.50,0.50,0.48,0.49,23674
NTTSYSTEM,20181221,2.38,2.39,2.38,2.39,4275
OAT,20181221,15.90,15.90,14.00,14.00,3660
ODLEWNIE,20181221,2.98,2.98,2.90,2.98,4953
OEX,20181221,15.90,16.50,15.90,16.50,300
OPENFIN,20181221,0.23,0.24,0.23,0.23,131236
OPONEO.PL,20181221,20.60,21.00,20.00,20.50,2950
OPTEAM,20181221,4.92,4.92,4.92,4.92,53
ORANGEPL,20181221,4.80,4.88,4.66,4.75,4216583
ORBIS,20181221,91.20,91.60,90.80,91.00,7437
ORCOGROUP,20181221,1.48,1.50,1.28,1.45,10597
ORION,20181221,7.55,7.75,7.35,7.55,143
ORZBIALY,20181221,10.60,10.60,10.50,10.50,105
OTLOG,20181221,4.06,4.06,3.70,3.70,19480
OTMUCHOW,20181221,1.71,1.71,1.68,1.71,2251
PAMAPOL,20181221,1.04,1.07,1.04,1.07,2488
PANOVA,20181221,15.85,15.85,14.50,15.20,8812
PATENTUS,20181221,0.76,0.79,0.76,0.79,18458
PBKM,20181221,56.00,56.80,54.80,56.80,4264
PCCEXOL,20181221,1.49,1.49,1.45,1.46,15245
PCCROKITA,20181221,80.80,81.00,79.60,80.00,4167
PCM,20181221,11.55,11.60,11.45,11.60,11031
PEKABEX,20181221,12.60,12.60,12.30,12.30,2494
PEKAO,20181221,110.20,110.80,106.95,108.70,1185537
PEMANAGER,20181221,24.30,24.50,24.30,24.30,285
PEP,20181221,20.30,20.70,20.30,20.50,10225
PEPEES,20181221,1.21,1.25,1.21,1.25,5469
PFLEIDER,20181221,30.15,31.35,30.15,31.15,3873
PGE,20181221,10.10,10.20,9.78,10.00,7719101
PGNIG,20181221,6.90,6.94,6.60,6.79,22257170
PGO,20181221,2.57,2.57,2.20,2.20,17993
PGSSOFT,20181221,9.06,9.06,9.00,9.00,1685
PHN,20181221,8.98,8.98,8.78,8.96,3475
PKNORLEN,20181221,107.50,108.60,101.50,104.10,1771716
PKOASZEWZ,20181221,94.15,94.15,94.15,94.15,335
PKOBP,20181221,40.59,40.59,38.95,39.23,5890719
PKOGD,20181221,103.00,103.00,103.00,103.00,100
PKOGS,20181221,99.00,100.40,99.00,100.40,2510
PKOSO,20181221,109.22,111.20,109.22,110.00,456
PKPCARGO,20181221,43.55,44.45,42.10,42.95,25521
PLASTBOX,20181221,1.70,1.81,1.64,1.81,119250
PLATYNINW,20181221,0.51,0.51,0.51,0.51,2
PLAY,20181221,20.70,21.24,20.50,21.00,684092
PLAYWAY,20181221,131.00,133.50,129.00,129.00,19370
PLAZACNTR,20181221,2.26,2.72,2.12,2.72,14649
PMPG,20181221,2.90,2.96,2.83,2.96,3673
POLICE,20181221,13.35,13.65,13.15,13.65,1334
POLIMEXMS,20181221,2.90,2.90,2.81,2.83,588709
POLNORD,20181221,8.88,8.99,8.81,8.82,3700
POLWAX,20181221,6.86,7.00,6.78,7.00,89724
POZBUD,20181221,2.25,2.25,2.17,2.17,75435
PRAGMAFA,20181221,16.30,16.30,16.00,16.30,143
PRAGMAINK,20181221,9.90,9.90,9.90,9.90,10
PRAIRIE,20181221,1.12,1.15,1.09,1.12,300494
PRIMETECH,20181221,1.42,1.48,1.38,1.38,53951
PROCAD,20181221,1.50,1.52,1.48,1.52,1977
PROCHEM,20181221,15.85,16.10,15.55,16.10,363
PROJPRZEM,20181221,22.00,22.60,21.10,22.60,2389
PROTEKTOR,20181221,4.64,4.64,4.33,4.63,2607
PULAWY,20181221,68.40,69.00,67.20,67.20,3033
PZU,20181221,43.74,44.09,42.62,43.45,2905872
PZUAKORD,20181221,110.34,110.34,109.61,109.80,1062
QUANTUM,20181221,14.00,14.35,14.00,14.00,860
QUERCUS,20181221,2.26,2.30,2.25,2.30,52007
QUMAK,20181221,0.29,0.34,0.28,0.31,248477
R22,20181221,15.96,15.96,14.90,14.90,860
RADPOL,20181221,1.11,1.11,1.06,1.08,96458
RAFAKO,20181221,1.74,1.74,1.66,1.68,291906
RAFAMET,20181221,9.84,9.86,9.84,9.86,700
RAINBOW,20181221,21.30,21.30,20.00,20.50,11687
RANKPROGR,20181221,1.55,1.55,1.51,1.54,14940
RAWLPLUG,20181221,8.22,8.56,8.22,8.56,1795
RCCOFFAOPEN1,20181221,3.05,3.05,3.02,3.02,164400
RCESX5E0723,20181221,956.00,956.00,956.00,956.00,15
RCFL2OIL,20181221,9.52,9.52,9.16,9.16,6200
RCFL3ALR,20181221,71.35,71.35,71.35,71.35,10
RCFL3BOSS,20181221,5.64,5.64,5.64,5.64,300
RCFL3CBK,20181221,2.42,2.42,2.42,2.42,200
RCFL3CCC,20181221,54.65,54.80,53.90,53.90,300
RCFL3CDPRO1,20181221,14.15,15.57,13.51,13.51,4421
RCFL3COFF,20181221,1.12,1.12,1.05,1.05,19455
RCFL3DPW1,20181221,5.94,5.94,5.94,5.94,160
RCFL3ENA,20181221,59.30,59.30,59.30,59.30,100
RCFL3ENG,20181221,82.15,82.15,68.55,68.55,60
RCFL3EUH,20181221,3.03,3.03,3.03,3.03,1760
RCFL3FDX,20181221,94.35,97.15,94.35,97.15,360
RCFL3GOLD,20181221,28.20,28.20,27.82,27.84,288
RCFL3KGH,20181221,4.34,4.44,4.27,4.27,22435
RCFL3LHA1,20181221,7.16,7.16,7.16,7.16,150
RCFL3OIL2,20181221,127.00,127.00,115.00,115.00,270
RCFL3OIL3,20181221,10.27,10.28,9.25,9.82,13927
RCFL3OPL,20181221,5.34,5.34,4.95,4.95,5000
RCFL3PEO,20181221,18.05,18.05,18.05,18.05,5258
RCFL3PGE,20181221,3.83,3.83,3.70,3.75,2310
RCFL3PKN,20181221,191.90,191.90,191.90,191.90,23
RCFL3PKO,20181221,28.49,28.49,28.49,28.49,10
RCFL3SILVE,20181221,3.60,3.60,3.43,3.43,20164
RCFL3TPE,20181221,25.13,25.13,25.13,25.13,1000
RCFL3W20,20181221,74.95,74.95,74.95,74.95,16
RCFL3WHT,20181221,4.10,4.10,4.01,4.01,1500
RCFL4COCO,20181221,3.92,3.92,3.57,3.60,10010
RCFL4ESX,20181221,148.60,148.60,148.60,148.60,50
RCFL4LIGH,20181221,4.00,4.00,3.65,3.88,9304
RCFL4OIL,20181221,5.13,5.28,4.91,5.28,507
RCFL5COCO1,20181221,2.04,2.04,2.04,2.04,550
RCFL5COFF,20181221,2.00,2.02,1.98,1.98,2560
RCFL5FW20,20181221,7.99,7.99,7.55,7.55,2350
RCFL5GOLD,20181221,7.40,7.40,7.40,7.40,500
RCFL5OIL,20181221,4.02,4.05,3.35,3.67,92340
RCFL5OIL2,20181221,1.31,1.31,1.10,1.20,112894
RCFL5PALL1,20181221,18.98,18.98,18.98,18.98,7
RCFL5PLAT1,20181221,4.32,4.34,4.15,4.15,1145
RCFL5SILVE,20181221,2.94,3.00,2.87,2.89,12535
RCFL5SUGA,20181221,5.27,5.27,5.27,5.27,150
RCFL5SUGA1,20181221,4.38,4.40,4.26,4.26,4000
RCFODAOPEN,20181221,35.00,35.00,35.00,35.00,113
RCFS3ALR,20181221,14.34,14.34,14.29,14.29,1050
RCFS3BZW,20181221,17.66,18.01,17.66,18.01,1550
RCFS3CCC,20181221,12.51,12.90,12.51,12.59,2910
RCFS3CDPRO1,20181221,1.23,1.25,1.06,1.23,101794
RCFS3ENA,20181221,14.51,14.51,14.45,14.45,3000
RCFS3LPP,20181221,2.16,2.22,2.15,2.22,60434
RCFS3LTS,20181221,0.98,0.98,0.98,0.98,170
RCFS3MBK,20181221,13.07,13.07,13.07,13.07,190
RCFS3OIL,20181221,37.89,42.00,37.89,40.50,5427
RCFS3OIL2,20181221,6.41,6.57,6.41,6.57,5064
RCFS3PGN,20181221,11.80,11.80,11.80,11.80,450
RCFS3PKO,20181221,4.85,4.85,4.85,4.85,196
RCFS3PZU,20181221,2.64,2.73,2.64,2.73,13000
RCFS3SIE,20181221,7.41,7.41,7.41,7.41,5000
RCFS3TPE,20181221,29.59,30.82,29.59,30.82,401
RCFS3W20,20181221,27.50,28.74,27.34,28.23,1032
RCFS4ESX,20181221,2.32,2.33,2.31,2.32,8600
RCFS4OIL,20181221,1.05,1.15,1.05,1.10,20255
RCFS5FW20,20181221,5.93,6.38,5.93,6.38,4256
RCFS5FW202,20181221,5.47,5.47,5.47,5.47,2350
RCFS5OIL,20181221,3.82,3.96,3.63,3.65,6866
RCFS5OIL2,20181221,30.20,32.40,30.20,32.40,60
RCGEEM0520,20181221,1015.80,1015.80,1015.80,1015.80,10
RCGLDAOPEN,20181221,471.80,473.00,471.80,472.50,1327
RCLOILAOPEN,20181221,21.23,21.23,21.00,21.00,3035
RCRBSPX0522,20181221,929.10,930.10,929.10,930.10,279
RCSCEAOPEN,20181221,55.25,55.25,55.25,55.25,30
RCSCRAOPEN,20181221,242.20,250.00,242.20,250.00,70
RCSILAOPEN,20181221,55.10,55.25,55.05,55.25,57
RCTLCOFF004,20181221,1.01,1.01,0.95,0.95,3000
RCTLCOFF005,20181221,0.53,0.53,0.53,0.53,2000
RCTLGOLD09,20181221,3.95,3.95,3.95,3.95,500
RCTLWIG003,20181221,7.12,7.12,7.12,7.12,150
REDAN,20181221,0.56,0.56,0.51,0.54,27418
RELPOL,20181221,7.58,7.60,7.46,7.60,2569
REMAK,20181221,8.50,8.50,8.50,8.50,2
RONSON,20181221,0.80,0.80,0.78,0.78,8669
ROPCZYCE,20181221,31.80,32.80,31.80,31.90,1176
RUBICON,20181221,0.93,1.02,0.92,1.02,14672
SANOK,20181221,26.20,26.20,25.10,25.20,17150
SANPL,20181221,368.00,371.80,358.20,365.00,164333
SANPL2,20181221,360.00,360.00,360.00,360.00,7
SANTANDER,20181221,17.30,17.30,17.00,17.00,308
SANWIL,20181221,0.55,0.57,0.55,0.57,1943
SARE,20181221,7.80,8.30,7.80,8.30,6
SECOGROUP,20181221,15.80,15.80,15.20,15.20,501
SEKO,20181221,9.10,9.40,9.10,9.30,208
SELENAFM,20181221,9.00,9.00,8.80,8.85,1338
SELVITA,20181221,50.20,51.00,49.60,50.00,9723
SERINUS,20181221,0.61,0.63,0.61,0.62,105517
SETANTA,20181221,1.25,1.32,1.20,1.32,8191
SFINKS,20181221,0.77,0.83,0.77,0.79,81216
SILVANO,20181221,9.90,10.25,9.90,10.25,563
SIMPLE,20181221,6.20,6.20,6.20,6.20,9
SKARBIEC,20181221,22.00,22.50,21.50,21.70,5176
SKYLINE,20181221,0.71,0.71,0.71,0.71,4000
SLEEPZAG,20181221,4.28,4.28,3.94,3.94,101
SNIEZKA,20181221,75.50,77.00,75.00,77.00,302
SOHODEV,20181221,1.01,1.03,1.01,1.02,12551
SOLAR,20181221,0.51,0.53,0.47,0.53,13110
SONEL,20181221,6.30,6.30,6.30,6.30,10
SOPHARMA,20181221,8.35,8.35,8.35,8.35,9
STALEXP,20181221,3.21,3.25,3.21,3.25,51619
STALPROD,20181221,315.00,318.00,311.00,317.00,2316
STALPROFI,20181221,9.80,9.80,9.65,9.65,200
STELMET,20181221,7.50,7.60,7.40,7.60,18363
SUNEX,20181221,3.31,3.85,3.31,3.50,22634
SUWARY,20181221,13.20,13.30,13.20,13.30,45
SWISSMED,20181221,0.92,1.00,0.92,1.00,9330
SYGNITY,20181221,2.75,2.90,2.70,2.70,4510
SYNEKTIK,20181221,9.02,9.40,8.96,9.10,49785
TALEX,20181221,11.10,11.45,11.00,11.00,310
TARCZYNSKI,20181221,17.45,18.00,17.45,18.00,1330
TAURONPE,20181221,2.17,2.20,2.09,2.10,16854023
TBULL,20181221,28.20,28.40,26.20,27.00,8860
TERMOREX,20181221,0.54,0.54,0.53,0.54,61
TESGAS,20181221,2.61,2.61,2.45,2.45,16921
TIM,20181221,6.42,6.42,6.26,6.38,10443
TORPOL,20181221,4.49,4.49,4.18,4.30,110160
TOWERINVT,20181221,22.60,22.70,22.50,22.60,1350
TOYA,20181221,7.16,7.16,7.00,7.00,611
TRAKCJA,20181221,3.82,3.88,3.73,3.80,321087
TRANSPOL,20181221,2.80,2.80,2.80,2.80,1
TRIGONPP,20181221,70.17,70.50,70.16,70.50,232
TRIGONPP5,20181221,68.61,68.62,68.61,68.62,185
TRIGONPP7,20181221,67.01,69.80,67.01,67.15,733
TRIGONPP8,20181221,70.00,70.00,70.00,70.00,50
TRITON,20181221,2.21,2.22,2.21,2.21,2809
TSGAMES,20181221,78.35,79.20,73.20,74.20,17354
TXM,20181221,0.28,0.28,0.26,0.26,46864
ULMA,20181221,68.00,69.00,66.00,69.00,112
UNIBEP,20181221,4.55,4.59,4.50,4.50,9425
UNICREDIT,20181221,42.90,42.90,41.57,42.45,100611
UNIMA,20181221,2.09,2.15,2.08,2.15,462
UNIMOT,20181221,7.98,7.98,7.90,7.94,10327
URSUS,20181221,1.52,1.53,1.39,1.45,1367853
VENTUREIN,20181221,1.59,1.59,1.59,1.59,6213
VIGOSYS,20181221,252.00,261.00,250.00,261.00,36
VINDEXUS,20181221,6.90,6.90,6.74,6.88,9792
VISTAL,20181221,1.12,1.12,1.08,1.10,5678
VISTULA,20181221,3.87,3.94,3.87,3.94,80537
VIVID,20181221,1.31,1.38,1.26,1.32,262620
VOTUM,20181221,4.68,4.70,4.50,4.64,8313
VOXEL,20181221,23.40,23.70,23.00,23.10,817
WADEX,20181221,4.75,4.75,4.75,4.75,17
WARIMPEX,20181221,4.50,4.50,4.29,4.29,1004
WASKO,20181221,1.40,1.41,1.26,1.30,133468
WAWEL,20181221,822.00,828.00,822.00,824.00,171
WIELTON,20181221,9.84,9.93,9.60,9.75,15594
WIKANA,20181221,0.70,0.70,0.63,0.70,2000
WIRTUALNA,20181221,51.80,51.80,51.00,51.20,358
WITTCHEN,20181221,15.30,15.30,14.95,14.95,412
WOJAS,20181221,3.97,3.97,3.97,3.97,249
WORKSERV,20181221,1.62,1.72,1.54,1.56,742137
XTB,20181221,4.45,4.45,4.31,4.40,11876
YOLO,20181221,2.05,2.05,2.05,2.05,15
ZAMET,20181221,0.74,0.76,0.71,0.76,17212
ZASTAL,20181221,0.35,0.39,0.35,0.39,12414
ZEPAK,20181221,7.28,7.28,7.10,7.11,52949
ZPUE,20181221,63.00,67.00,61.00,64.50,4092
ZUE,20181221,4.33,4.48,4.12,4.39,9438
ZYWIEC,20181221,464.00,466.00,464.00,464.00,115
INVESTORMS,20181221,3533.71,3533.71,3513.08,3513.08,202966.026
MWIG40,20181221,3932.00,3934.47,3869.38,3901.23,154989.437
MWIG40TR,20181221,4965.98,4967.83,4892.02,4927.13,154989.437
RESPECT,20181221,2797.93,2809.05,2733.27,2772.14,837066.621
SWIG80,20181221,10495.47,10509.32,10414.85,10420.91,28719.801
SWIG80TR,20181221,12706.96,12721.95,12616.08,12616.69,28719.801
WIG,20181221,58188.73,58301.42,56655.36,57331.35,1661426.301
WIG-BANKI,20181221,7623.30,7623.30,7408.84,7480.56,509277.740
WIG-BUDOW,20181221,1908.25,1917.87,1868.61,1877.13,7813.508
WIG-CEE,20181221,1098.19,1098.19,1096.00,1096.66,2438.686
WIG-CHEMIA,20181221,9262.20,9321.83,9202.16,9299.62,8997.063
WIG-ENERG,20181221,2431.06,2451.54,2356.91,2378.06,142832.593
WIG-GORNIC,20181221,3439.70,3441.80,3378.22,3408.39,104849.601
WIG-INFO,20181221,1980.99,1986.77,1964.81,1964.81,6917.793
WIG-LEKI,20181221,5088.65,5100.63,5022.06,5067.31,2596.441
WIG-MEDIA,20181221,4555.95,4555.95,4474.73,4476.19,586.697
WIG-MOTO,20181221,3601.18,3608.23,3510.28,3566.82,2854.678
WIG-NRCHOM,20181221,1923.65,1930.43,1903.16,1904.65,7395.050
WIG-ODZIEZ,20181221,6100.89,6167.55,5890.89,5985.58,93845.718
WIG-PALIWA,20181221,7957.65,8009.74,7599.33,7784.27,384880.806
WIG-POLAND,20181221,58976.91,58992.88,58523.10,58523.10,1653741.888
WIG-SPOZYW,20181221,3345.72,3350.77,3304.58,3344.62,2956.730
WIG-TELKOM,20181221,631.68,633.73,610.39,620.41,60764.780
WIG-UKRAIN,20181221,408.58,411.45,408.58,411.45,2139.898
WIG20,20181221,2303.95,2307.00,2226.52,2259.77,1462317.385
WIG20LEV,20181221,674.70,676.56,629.43,648.79,1462317.385
WIG20SHORT,20181221,3379.14,3492.09,3374.50,3443.78,1462317.385
WIG20TR,20181221,4060.19,4067.53,3931.16,3989.04,1462317.385
WIG30,20181221,2610.36,2617.50,2535.57,2571.27,1565617.490
WIG30TR,20181221,4518.21,4521.28,4483.09,4483.09,1565617.490
WIGDIV,20181221,1074.48,1075.84,1045.17,1056.82,566479.100
