11BIT,20181212,243.00,245.00,238.00,241.50,4783
4FUNMEDIA,20181212,12.15,12.15,11.75,11.95,1714
ABCDATA,20181212,0.80,0.83,0.80,0.81,540838
ABMSOLID,20181212,5.52,6.06,5.52,6.04,1688
ABPL,20181212,16.50,16.50,15.90,15.90,16393
ACAUTOGAZ,20181212,42.80,42.80,42.80,42.80,34
ACTION,20181212,2.75,2.80,2.70,2.80,1996
ADIUVO,20181212,9.34,9.60,9.20,9.40,11939
AGORA,20181212,10.50,11.20,10.50,10.90,61942
AGROTON,20181212,3.44,3.44,3.44,3.44,24
AILLERON,20181212,10.15,10.15,9.90,10.00,923
AIRWAY,20181212,0.70,0.70,0.67,0.70,27304
ALCHEMIA,20181212,4.70,4.74,4.65,4.74,3230
ALIOR,20181212,53.55,54.80,53.20,54.65,218163
ALTA,20181212,1.90,2.00,1.90,2.00,2223
ALTUSTFI,20181212,2.15,2.20,2.14,2.20,21617
ALUMETAL,20181212,42.00,43.95,42.00,43.95,2107
AMBRA,20181212,11.90,12.30,11.90,12.30,11961
AMICA,20181212,112.80,116.20,110.00,116.20,2914
AMREST,20181212,40.50,40.65,39.85,40.50,56097
APATOR,20181212,25.60,25.60,25.50,25.50,690
APLISENS,20181212,10.50,10.50,10.00,10.50,3
APSENERGY,20181212,2.34,2.34,2.34,2.34,2
ARCHICOM,20181212,11.90,11.90,11.90,11.90,2775
ARCTIC,20181212,3.42,3.42,3.35,3.39,18545
ARCUS,20181212,1.17,1.17,1.13,1.13,8076
ARTERIA,20181212,5.54,5.54,5.16,5.16,3529
ARTIFEX,20181212,4.55,4.55,4.16,4.28,3169
ASBIS,20181212,2.71,2.71,2.58,2.63,127535
ASSECOBS,20181212,24.50,24.50,24.50,24.50,1032
ASSECOPOL,20181212,47.00,47.00,45.90,46.26,207820
ASSECOSEE,20181212,11.25,11.25,11.25,11.25,242
ASTARTA,20181212,26.90,26.90,26.70,26.70,5389
ATAL,20181212,29.00,29.20,27.20,28.00,10356
ATENDE,20181212,3.82,3.82,3.79,3.80,16089
ATLANTAPL,20181212,4.54,4.65,4.54,4.62,8355
ATLANTIS,20181212,0.51,0.54,0.51,0.51,64885
ATLASEST,20181212,1.07,1.07,1.07,1.07,111
ATM,20181212,8.50,8.58,8.50,8.58,740
ATMGRUPA,20181212,4.80,4.80,4.72,4.80,78
ATREM,20181212,1.43,1.43,1.36,1.36,9056
AUTOPARTN,20181212,3.60,3.68,3.50,3.68,155213
AWBUD,20181212,0.68,0.70,0.65,0.65,59853
BAHOLDING,20181212,1.82,1.85,1.78,1.85,180698
BALTONA,20181212,8.90,8.90,8.58,8.90,603
BBIDEV,20181212,0.61,0.63,0.61,0.63,50566
BEDZIN,20181212,21.60,21.60,19.60,21.30,34
BENEFIT,20181212,768.00,780.00,760.00,780.00,5298
BETACOM,20181212,14.70,14.80,14.40,14.80,753
BGZBNPP,20181212,45.20,45.20,45.00,45.00,256
BIK,20181212,15.70,15.70,15.50,15.50,942
BIOMEDLUB,20181212,0.98,0.99,0.95,0.98,1584
BIOTON,20181212,5.60,5.65,5.52,5.52,21974
BNPPSX7E0321,20181212,767.30,767.30,767.30,767.30,20
BNPPSX7E0724,20181212,77.05,77.05,77.05,77.05,2000
BOGDANKA,20181212,53.50,55.00,53.50,55.00,3915
BORYSZEW,20181212,4.67,4.67,4.62,4.62,72219
BOS,20181212,7.70,7.83,7.55,7.83,11982
BOWIM,20181212,3.00,3.00,2.95,2.95,1101
BRASTER,20181212,2.11,2.27,1.98,2.21,656489
BSCDRUK,20181212,32.00,32.00,30.80,30.80,6
BUDIMEX,20181212,125.00,127.60,125.00,127.60,11945
CAPITAL,20181212,2.16,2.25,2.11,2.24,29393
CCC,20181212,199.00,203.60,197.40,203.60,62766
CDPROJEKT,20181212,142.70,143.90,140.00,141.80,207650
CDRL,20181212,26.00,26.00,26.00,26.00,2
CEZ,20181212,88.05,88.10,87.60,88.10,11
CIECH,20181212,46.92,47.30,46.00,46.20,175641
CIGAMES,20181212,0.89,0.89,0.85,0.86,543164
CLNPHARMA,20181212,32.35,32.50,31.55,32.50,6913
CNT,20181212,11.95,11.95,11.80,11.80,740
COGNOR,20181212,1.78,1.78,1.70,1.74,24379
COMARCH,20181212,157.00,159.50,154.00,155.00,1242
COMP,20181212,57.00,57.50,54.00,54.00,1474
CORMAY,20181212,1.00,1.00,0.97,0.97,76371
CPGROUP,20181212,4.86,4.86,4.82,4.86,45939
CYFRPLSAT,20181212,22.34,22.66,21.86,22.66,716457
DEBICA,20181212,99.00,99.00,97.60,97.60,167
DECORA,20181212,15.50,15.50,15.15,15.15,2351
DEKPOL,20181212,32.40,32.60,32.40,32.60,150
DELKO,20181212,7.80,7.80,7.12,7.30,9818
DGA,20181212,9.00,9.00,9.00,9.00,2
DINOPL,20181212,99.15,99.20,96.10,98.15,120726
DOMDEV,20181212,65.00,65.00,63.20,64.80,821
DROZAPOL,20181212,1.36,1.36,1.36,1.36,888
ECHO,20181212,3.44,3.47,3.44,3.47,15945
EDINVEST,20181212,1.88,1.91,1.88,1.91,329
EFEKT,20181212,21.80,21.80,21.80,21.80,2
EKOEXPORT,20181212,3.01,3.02,2.94,2.98,27372
ELBUDOWA,20181212,29.00,29.20,28.80,29.20,20262
ELEKTROTI,20181212,3.90,3.90,3.86,3.86,1351
ELEMENTAL,20181212,1.20,1.23,1.15,1.22,327622
ELKOP,20181212,0.01,0.01,0.01,0.01,1301101
ELZAB,20181212,5.90,5.90,5.90,5.90,1
EMCINSMED,20181212,7.15,7.15,6.70,6.70,23
ENAP,20181212,1.04,1.04,0.98,1.04,1200
ENEA,20181212,10.30,10.48,9.92,10.23,1958076
ENELMED,20181212,10.10,10.10,9.90,10.10,2648
ENERGA,20181212,9.03,9.16,8.65,9.09,1913385
ENERGOINS,20181212,0.78,0.78,0.78,0.78,16
ENTER,20181212,19.35,20.90,18.95,20.90,9329
ERBUD,20181212,9.98,9.98,9.68,9.98,39
ERG,20181212,37.50,37.50,35.70,37.50,271
ERGIS,20181212,2.80,2.80,2.68,2.68,25888
ESOTIQ,20181212,17.30,17.30,16.80,17.30,1004
ESSYSTEM,20181212,2.36,2.36,2.36,2.36,10
ETFDAX,20181212,443.65,447.15,443.05,447.15,249
ETFSP500,20181212,102.62,103.32,102.60,102.72,1142
ETFW20L,20181212,271.60,275.25,271.00,274.95,486
EUCO,20181212,6.50,6.60,6.28,6.28,4019
EUROCASH,20181212,17.30,17.39,17.00,17.20,228820
EUROTEL,20181212,18.90,18.90,18.90,18.90,24
FAMUR,20181212,5.62,5.64,5.34,5.46,1132845
FASING,20181212,15.85,16.30,15.85,16.00,1982
FEERUM,20181212,8.10,8.90,7.66,8.90,3074
FERRO,20181212,12.60,12.60,11.90,11.95,8205
FERRUM,20181212,4.18,4.18,4.18,4.18,10
FORTE,20181212,25.50,25.50,24.40,24.80,9005
GETINOBLE,20181212,0.31,0.32,0.30,0.30,5378765
GINOROSSI,20181212,0.52,0.53,0.52,0.52,657652
GLCOSMED,20181212,0.82,0.82,0.82,0.82,2
GOBARTO,20181212,8.70,9.26,8.70,9.20,10403
GPRE,20181212,5.20,5.20,5.20,5.20,368
GPW,20181212,36.90,37.40,36.50,36.90,72486
GRAVITON,20181212,1.60,1.60,1.53,1.60,5302
GROCLIN,20181212,3.72,3.84,3.50,3.53,285284
GRODNO,20181212,3.65,3.76,3.52,3.76,7263
GRUPAAZOTY,20181212,31.88,31.88,30.30,31.50,163363
GTC,20181212,8.60,8.69,8.48,8.69,35534
HANDLOWY,20181212,70.10,70.10,69.10,69.40,21801
HARPER,20181212,0.20,0.22,0.18,0.20,2482811
HELIO,20181212,10.50,10.50,9.72,10.50,297
HERKULES,20181212,2.98,2.98,2.98,2.98,1696
HOLLYWOOD,20181212,0.95,0.95,0.95,0.95,1052
HYDROTOR,20181212,34.40,34.40,34.40,34.40,36
IDEABANK,20181212,2.09,2.13,2.05,2.10,54881
IDMSA,20181212,1.08,1.08,1.08,1.08,790
IFCAPITAL,20181212,0.55,0.55,0.55,0.55,165
IFIRMA,20181212,2.18,2.18,2.11,2.18,496
IMCOMPANY,20181212,13.90,13.90,13.55,13.55,2
IMMOBILE,20181212,3.15,3.15,3.00,3.15,3303
IMPEL,20181212,7.70,7.70,6.95,6.95,4325
IMPERA,20181212,1.09,1.15,1.05,1.05,18989
IMPEXMET,20181212,3.29,3.31,3.23,3.28,19319
IMS,20181212,3.40,3.40,3.38,3.40,2948
INC,20181212,0.93,0.99,0.93,0.99,10800
INDYKPOL,20181212,66.00,66.00,66.00,66.00,1
INGBSK,20181212,180.00,182.00,180.00,182.00,17535
INPRO,20181212,4.50,4.50,4.50,4.50,1
INSTALKRK,20181212,12.10,12.10,11.80,12.00,2117
INTERAOLT,20181212,10.55,10.55,10.40,10.55,454
INTERCARS,20181212,201.00,205.00,201.00,205.00,5642
INTERSPPL,20181212,1.91,1.91,1.83,1.90,4515
INTLADS16832,20181212,32.07,32.07,32.07,32.07,15
INTLBCO19737,20181212,39.10,40.76,39.10,39.27,204
INTLBCO19745,20181212,50.95,50.95,50.95,50.95,155
INTLBCO19992,20181212,29.38,32.00,28.87,28.87,860
INTLCDR22392,20181212,2.80,2.80,2.80,2.80,1000
INTLDAX00752,20181212,104.90,104.90,104.90,104.90,61
INTLDAX01800,20181212,75.60,80.20,75.60,79.40,37
INTLDAX12864,20181212,128.10,128.10,128.10,128.10,20
INTLDAX14829,20181212,45.85,45.85,45.85,45.85,120
INTLDAX15016,20181212,37.80,38.04,37.80,38.04,100
INTLDAX15099,20181212,24.68,29.85,24.68,29.62,3505
INTLESX17053,20181212,8.04,8.38,8.04,8.38,13571
INTLEUD16493,20181212,11.46,13.30,11.46,13.30,5000
INTLEUD17475,20181212,32.55,33.93,32.55,33.93,118
INTLGBU16188,20181212,14.32,14.32,13.95,13.95,200
INTLGBU16196,20181212,31.60,31.60,31.60,31.60,73
INTLGLD09746,20181212,53.85,53.85,53.85,53.85,50
INTLGLD21873,20181212,86.05,86.05,86.05,86.05,17
INTLKGH15024,20181212,21.03,21.03,21.03,21.03,150
INTLKGH22095,20181212,13.80,14.93,13.40,14.93,103
INTLKGH22376,20181212,10.23,11.30,10.23,11.30,330
INTLNDX18879,20181212,52.45,52.45,52.45,52.45,57
INTLNKX17061,20181212,167.50,167.50,167.50,167.50,18
INTLOPL21626,20181212,1.35,1.35,1.35,1.35,3000
INTLPGE21337,20181212,3.23,3.45,3.07,3.45,7136
INTLPGE22202,20181212,1.38,1.50,1.18,1.49,43000
INTLPKN17111,20181212,32.89,36.00,32.81,35.70,306
INTLPKO17889,20181212,7.81,7.81,7.81,7.81,120
INTLPKO21675,20181212,4.56,5.66,4.56,5.66,475
INTLSLV21956,20181212,6.91,6.91,6.91,6.91,100
INTLSLV21964,20181212,8.75,9.00,8.75,9.00,7519
INTLSLV22350,20181212,10.68,10.68,10.68,10.68,185
INTLSPX17822,20181212,15.06,15.06,15.06,15.06,100
INTLUSD21261,20181212,26.60,26.60,26.60,26.60,1300
INTLUSD22343,20181212,20.50,20.50,19.56,19.72,501
INTLW2014639,20181212,5.50,5.50,5.50,5.50,300
INTLW2017020,20181212,4.06,4.06,4.06,4.06,245
INTLW2017384,20181212,2.49,2.52,2.49,2.52,50000
INTLW2017392,20181212,2.70,2.70,2.70,2.70,200
INTLW2017400,20181212,3.25,3.31,3.25,3.31,500
INTLW2017426,20181212,2.21,2.54,2.21,2.54,25600
INTLW2022244,20181212,1.69,2.14,1.69,2.14,19588
INTLW2022251,20181212,2.05,2.05,2.05,2.05,44
INTLW2022301,20181212,0.89,1.31,0.87,1.31,20509
INTLW2022319,20181212,1.26,1.64,1.26,1.64,11850
INTSBCO06700,20181212,119.50,119.50,119.50,119.50,1
INTSBCO22186,20181212,86.40,87.85,86.40,87.85,61
INTSCDR21808,20181212,14.10,14.10,14.10,14.10,70
INTSCDR22111,20181212,7.09,7.20,6.91,6.96,1285
INTSDAX18424,20181212,115.70,115.70,111.80,111.80,25
INTSDAX18952,20181212,124.80,124.80,124.80,124.80,22
INTSDAX20180,20181212,148.00,150.50,147.50,147.70,3324
INTSDAX21303,20181212,103.50,103.50,103.50,103.50,16
INTSDAX21550,20181212,90.30,90.40,90.30,90.40,52
INTSDAX21840,20181212,82.65,82.65,77.35,77.35,1525
INTSDAX22160,20181212,49.88,50.70,45.60,45.60,2492
INTSDAX22178,20181212,60.45,60.45,56.70,56.70,222
INTSDBK19000,20181212,52.00,52.00,52.00,52.00,10
INTSDOW20552,20181212,157.70,157.70,157.70,157.70,1
INTSGLD01057,20181212,76.70,76.70,76.70,76.70,350
INTSGLD21881,20181212,33.97,33.97,33.97,33.97,1500
INTSNAG04085,20181212,10.15,10.15,10.15,10.15,400
INTSNAG07096,20181212,5.39,5.39,5.39,5.39,230
INTSNAG07104,20181212,6.64,7.00,6.60,7.00,1259
INTSNDX21725,20181212,50.25,50.25,48.35,48.35,194
INTSOPL11650,20181212,2.33,2.33,2.33,2.33,140
INTSPEO10025,20181212,49.00,49.00,47.15,47.15,30
INTSPGE10272,20181212,7.23,7.23,7.23,7.23,15
INTSPGN19679,20181212,1.13,1.30,1.10,1.30,8112
INTSPKN20313,20181212,17.12,17.27,12.52,12.52,18704
INTSPKO20693,20181212,15.71,15.71,14.97,14.97,380
INTSSP520776,20181212,16.63,16.78,16.58,16.58,195
INTSSP521865,20181212,22.76,22.76,22.76,22.76,1000
INTSUSD16675,20181212,29.33,31.06,29.33,31.06,35
INTSUSD18176,20181212,13.50,14.55,13.50,14.55,286
INTSW2019307,20181212,4.35,4.35,4.14,4.14,1100
INTSW2019430,20181212,4.83,4.83,4.61,4.61,930
INTSW2019588,20181212,5.00,5.00,4.79,4.79,280
INTSW2019596,20181212,5.12,5.17,5.12,5.17,3500
INTSW2019976,20181212,7.96,7.96,7.96,7.96,10000
INTSW2020727,20181212,3.73,3.73,3.55,3.55,540
INTSW2020859,20181212,2.91,2.91,2.48,2.48,100450
INTSW2020867,20181212,2.79,2.79,2.79,2.79,300
INTSW2020875,20181212,3.45,3.45,3.12,3.12,20325
INTSW2020982,20181212,2.25,2.25,1.79,1.79,4343
INTSW2020990,20181212,2.47,2.47,2.15,2.16,12178
INVISTA,20181212,0.87,0.87,0.87,0.87,10
INVPEFIZ,20181212,780.00,780.00,770.30,770.30,38
IPOPEMA,20181212,1.15,1.15,1.10,1.10,1049
ITMTRADE,20181212,1.07,1.07,1.04,1.05,5222
IZOBLOK,20181212,31.40,31.40,30.50,30.80,7712
IZOLACJA,20181212,1.73,1.73,1.73,1.73,721
IZOSTAL,20181212,3.09,3.09,3.00,3.01,11500
JHMDEV,20181212,1.59,1.59,1.59,1.59,1
JSW,20181212,66.60,67.24,65.64,66.30,424908
JWCONSTR,20181212,2.37,2.37,2.25,2.30,5485
K2INTERNT,20181212,11.60,12.00,11.60,11.80,1745
KANIA,20181212,1.05,1.05,1.01,1.04,188653
KCI,20181212,0.46,0.46,0.45,0.46,80915
KERNEL,20181212,51.00,51.50,51.00,51.40,3238
KETY,20181212,325.50,330.00,325.00,326.50,1861
KGHM,20181212,87.60,88.96,87.10,88.96,428490
KGL,20181212,16.60,16.60,16.50,16.60,145
KINOPOL,20181212,10.70,11.15,10.70,11.15,289
KOGENERA,20181212,44.00,44.00,42.70,43.40,88
KOMPAP,20181212,6.10,6.10,6.10,6.10,8500
KOMPUTRON,20181212,3.34,3.34,3.34,3.34,1
KONSSTALI,20181212,27.90,27.90,27.00,27.40,834
KPPD,20181212,21.40,21.40,21.40,21.40,100
KRAKCHEM,20181212,1.09,1.15,1.08,1.09,26072
KREC,20181212,5.36,5.36,5.00,5.00,2
KREZUS,20181212,0.53,0.58,0.51,0.56,3221621
KRUK,20181212,161.70,165.00,161.00,163.90,239676
KRUSZWICA,20181212,41.00,41.50,40.10,41.50,323
KRVITAMIN,20181212,5.94,5.94,5.60,5.94,1323
LABOPRINT,20181212,13.80,13.80,13.75,13.80,5
LARQ,20181212,6.60,6.60,6.32,6.56,134
LCCORP,20181212,2.42,2.48,2.35,2.48,284022
LENA,20181212,2.69,2.69,2.60,2.65,6742
LENTEX,20181212,7.20,7.40,7.14,7.40,1851
LIBET,20181212,1.17,1.17,1.13,1.16,50735
LIVECHAT,20181212,25.90,26.70,25.80,25.90,9084
LOKUM,20181212,16.90,17.00,15.30,16.00,3724
LOTOS,20181212,84.80,85.34,83.70,83.94,372404
LPP,20181212,7520.00,7800.00,7485.00,7680.00,3195
LSISOFT,20181212,12.10,12.15,12.10,12.15,2306
LUBAWA,20181212,0.65,0.66,0.64,0.65,31326
MABION,20181212,91.50,91.50,89.70,90.20,4037
MAKARONPL,20181212,4.40,4.70,4.30,4.50,5772
MANGATA,20181212,69.20,69.20,67.00,68.00,3093
MARVIPOL,20181212,3.22,3.22,3.14,3.15,45822
MASTERPHA,20181212,5.86,5.94,5.86,5.94,2351
MAXCOM,20181212,15.80,15.80,15.60,15.80,182
MBANK,20181212,399.80,410.00,399.00,410.00,15082
MBWS,20181212,18.60,18.60,17.46,17.46,60
MCI,20181212,9.46,9.46,9.46,9.46,241
MDIENERGIA,20181212,3.47,3.47,3.31,3.45,40825
MEDIACAP,20181212,1.71,1.73,1.69,1.69,35
MEDICALG,20181212,29.15,29.15,27.70,27.70,3685
MENNICA,20181212,18.70,19.60,18.60,18.60,844
MERCATOR,20181212,12.10,12.10,11.20,11.50,4389
MERCOR,20181212,8.50,8.58,8.48,8.50,5230
MEXPOLSKA,20181212,3.60,3.60,3.60,3.60,1
MFO,20181212,21.80,22.80,21.20,22.80,595
MILLENNIUM,20181212,9.05,9.26,8.96,9.17,827173
MIRACULUM,20181212,1.64,1.64,1.61,1.61,5181
MIRBUD,20181212,1.01,1.06,0.99,1.03,533197
MLPGROUP,20181212,44.00,45.00,44.00,45.00,16950
MLSYSTEM,20181212,27.90,27.90,27.90,27.90,250
MOBRUK,20181212,42.60,43.20,42.60,43.20,140
MOJ,20181212,0.59,0.60,0.59,0.60,28000
MOL,20181212,41.96,41.96,41.96,41.96,3
MONNARI,20181212,4.69,4.71,4.67,4.71,42232
MORIZON,20181212,1.20,1.20,1.20,1.20,2
MOSTALPLC,20181212,3.13,3.13,3.00,3.00,737
MOSTALWAR,20181212,2.20,2.22,2.20,2.20,1810
MUZA,20181212,2.80,2.80,2.80,2.80,4058
MWTRADE,20181212,2.66,2.66,2.62,2.62,13345
NETIA,20181212,4.69,4.77,4.69,4.75,29114
NETMEDIA,20181212,10.20,10.50,10.20,10.50,6294
NEUCA,20181212,249.50,249.50,240.00,245.00,2473
NEWAG,20181212,14.70,14.70,14.40,14.65,584
NORTCOAST,20181212,4.48,4.48,4.45,4.45,10035
NOVITA,20181212,43.00,43.40,41.40,42.70,559
NOWAGALA,20181212,0.49,0.49,0.49,0.49,46454
NTTSYSTEM,20181212,2.35,2.45,2.35,2.45,1009
OAT,20181212,18.20,18.20,18.00,18.20,201
ODLEWNIE,20181212,2.96,2.96,2.90,2.92,10400
OPENFIN,20181212,0.22,0.23,0.21,0.23,247047
OPONEO.PL,20181212,23.30,23.30,21.10,21.60,8750
OPTEAM,20181212,5.00,5.00,5.00,5.00,50
ORANGEPL,20181212,4.72,4.77,4.56,4.68,3349580
ORBIS,20181212,93.80,94.40,93.60,94.00,1213
ORCOGROUP,20181212,1.51,1.60,1.51,1.60,2527
ORION,20181212,7.75,7.75,7.75,7.75,7
ORZBIALY,20181212,10.80,10.80,10.80,10.80,2
OTLOG,20181212,5.30,5.30,4.78,4.90,1649
OTMUCHOW,20181212,1.70,1.79,1.70,1.79,565
PANOVA,20181212,15.20,17.00,15.20,17.00,840
PATENTUS,20181212,0.85,0.87,0.81,0.84,28760
PBKM,20181212,59.60,59.60,57.80,58.00,2777
PCCEXOL,20181212,1.55,1.55,1.53,1.53,170
PCCROKITA,20181212,83.20,83.80,83.20,83.80,235
PCM,20181212,12.65,12.65,12.45,12.55,8712
PEKABEX,20181212,12.50,13.10,12.50,13.10,29267
PEKAO,20181212,103.90,107.55,103.65,107.55,683458
PEMANAGER,20181212,25.20,25.20,25.20,25.20,1
PEP,20181212,20.30,20.40,19.75,20.40,14640
PEPEES,20181212,1.25,1.25,1.20,1.24,4573
PFLEIDER,20181212,32.50,32.50,31.35,32.50,1935
PGE,20181212,10.60,10.65,10.16,10.52,6815102
PGNIG,20181212,6.71,6.96,6.58,6.58,5140532
PGO,20181212,2.86,2.86,2.86,2.86,10
PGSSOFT,20181212,9.02,9.02,9.00,9.00,469
PHN,20181212,9.30,9.30,9.04,9.20,355
PKNORLEN,20181212,106.80,111.10,105.90,111.00,1309125
PKOBL1,20181212,110.21,110.21,110.21,110.21,1
PKOBP,20181212,38.65,40.26,38.62,40.05,2201137
PKOGS,20181212,100.50,101.00,100.50,101.00,891
PKOSO,20181212,110.00,110.00,110.00,110.00,100
PKPCARGO,20181212,43.60,44.50,43.60,44.50,23381
PLASTBOX,20181212,1.74,1.74,1.74,1.74,2
PLAY,20181212,19.45,21.02,19.38,21.00,2112701
PLAYWAY,20181212,138.00,138.00,134.50,138.00,6674
PLAZACNTR,20181212,2.69,2.69,2.69,2.69,180
PMPG,20181212,3.10,3.12,3.10,3.12,3363
POLICE,20181212,13.75,14.20,13.75,14.20,310
POLIMEXMS,20181212,2.94,3.07,2.88,2.99,510169
POLNORD,20181212,9.85,9.95,9.85,9.85,13043
POLWAX,20181212,7.02,7.06,6.94,7.06,24912
POZBUD,20181212,2.55,2.55,2.42,2.50,4126
PRAGMAFA,20181212,16.20,16.20,16.20,16.20,2
PRAGMAINK,20181212,9.96,9.96,9.96,9.96,5
PRAIRIE,20181212,1.19,1.21,1.15,1.17,207775
PRIMETECH,20181212,1.47,1.47,1.35,1.41,63544
PROCAD,20181212,1.49,1.57,1.49,1.55,23473
PROCHEM,20181212,16.60,17.20,16.60,17.20,21
PROJPRZEM,20181212,23.00,23.00,22.40,22.90,192
PROTEKTOR,20181212,4.60,4.65,4.60,4.60,10
PULAWY,20181212,72.00,72.00,70.00,71.00,1946
PZU,20181212,42.70,43.45,42.38,43.30,1524925
PZUAKORD,20181212,110.21,110.21,110.21,110.21,328
QUANTUM,20181212,13.80,13.80,13.80,13.80,488
QUERCUS,20181212,2.27,2.27,2.26,2.26,1200
QUMAK,20181212,0.39,0.40,0.33,0.36,643863
R22,20181212,16.20,16.20,15.64,16.20,56
RADPOL,20181212,1.18,1.18,1.09,1.18,302013
RAFAKO,20181212,1.92,1.92,1.84,1.85,117501
RAFAMET,20181212,9.60,9.60,9.60,9.60,44
RAINBOW,20181212,21.40,21.40,20.80,20.80,420
RANKPROGR,20181212,1.65,1.65,1.55,1.64,17416
RAWLPLUG,20181212,9.44,9.44,8.66,8.66,3149
RCCOFFAOPEN1,20181212,3.12,3.12,3.12,3.12,530
RCFL2ENA,20181212,101.80,101.80,101.80,101.80,15
RCFL2WHT,20181212,6.37,6.37,6.37,6.37,220
RCFL3CCC,20181212,58.85,58.85,58.85,58.85,342
RCFL3CDPRO1,20181212,12.08,12.10,11.37,12.10,2538
RCFL3COFF,20181212,1.18,1.18,1.16,1.16,20205
RCFL3EUH,20181212,3.02,3.02,2.86,2.86,1000
RCFL3KGH,20181212,4.32,4.47,4.32,4.47,13055
RCFL3LHA1,20181212,6.83,6.83,6.83,6.83,120
RCFL3OIL3,20181212,14.17,14.88,14.17,14.25,4210
RCFL3OPL,20181212,5.15,5.15,4.79,5.03,10763
RCFL3PEO,20181212,16.00,16.57,16.00,16.57,4565
RCFL3PGE,20181212,4.62,4.64,4.50,4.64,1810
RCFL3PKN,20181212,216.70,216.70,216.70,216.70,110
RCFL3PLAY,20181212,1.45,1.45,1.45,1.45,3000
RCFL3PZU,20181212,70.00,70.00,70.00,70.00,80
RCFL3SAP1,20181212,7.10,7.10,7.10,7.10,1000
RCFL3SILVE,20181212,3.46,3.46,3.46,3.46,100
RCFL3TPE,20181212,27.58,29.28,27.58,29.28,2900
RCFL3W20,20181212,71.15,71.15,71.15,71.15,30
RCFL4COCO,20181212,3.08,3.44,3.08,3.44,600
RCFL5COFF,20181212,2.23,2.24,2.22,2.22,2170
RCFL5FW20,20181212,7.00,7.29,6.97,7.29,490
RCFL5OIL,20181212,7.22,7.50,7.18,7.30,4386
RCFL5OIL2,20181212,2.37,2.37,2.29,2.29,8542
RCFL5SILVE,20181212,2.91,3.06,2.91,3.06,2225
RCFL5SUGA1,20181212,5.34,5.34,5.08,5.10,3500
RCFS2COPP,20181212,5.08,5.08,5.08,5.08,300
RCFS2PZU,20181212,13.41,13.41,13.41,13.41,80
RCFS3ADS1,20181212,13.38,13.40,13.25,13.25,3000
RCFS3CCC,20181212,12.00,12.06,11.70,11.70,3463
RCFS3CDPRO1,20181212,1.53,1.55,1.47,1.47,59104
RCFS3ENA,20181212,13.67,13.69,13.64,13.69,2150
RCFS3ENG,20181212,11.09,11.09,11.09,11.09,1000
RCFS3FDX,20181212,16.78,16.80,16.78,16.79,93700
RCFS3LPP,20181212,2.48,2.48,2.48,2.48,7560
RCFS3OIL,20181212,29.99,30.01,28.98,29.67,1816
RCFS3PALL1,20181212,4.89,4.89,4.89,4.89,1208
RCFS3PGE,20181212,14.54,14.58,14.54,14.58,1650
RCFS3PZU,20181212,2.79,2.80,2.79,2.80,5370
RCFS3TPE,20181212,36.86,36.86,33.36,34.11,3004
RCFS3W20,20181212,29.60,29.60,28.11,28.16,226
RCFS4OIL,20181212,0.70,0.70,0.70,0.70,223
RCFS5FW20,20181212,7.02,7.02,7.02,7.02,2500
RCFS5FW202,20181212,5.63,5.63,5.63,5.63,150
RCFS5OIL,20181212,2.16,2.16,2.16,2.16,114
RCFS5PALL1,20181212,2.46,2.46,2.46,2.46,50
RCGBSK0621A,20181212,1021.90,1021.90,1021.90,1021.90,51
RCGBSK0621B,20181212,1022.30,1022.30,1022.30,1022.30,40
RCGEEM0520,20181212,1016.40,1016.40,1016.40,1016.40,87
RCGLDAOPEN,20181212,472.60,472.60,472.50,472.50,32
RCGSX7E0122,20181212,930.60,930.60,930.60,930.60,650
RCGXAU0322,20181212,1010.50,1010.60,1010.50,1010.60,39
RCRMBK0619,20181212,984.40,984.60,984.40,984.60,160
RCRPEO0119,20181212,1037.20,1037.20,1037.20,1037.20,77
RCSDAXOPEN,20181212,113.00,113.50,113.00,113.50,56
RCSDGP0720,20181212,1001.20,1001.20,1001.20,1001.20,100
RCSILAOPEN,20181212,55.55,55.65,55.50,55.65,295
RCTLCOCO01,20181212,12.42,13.13,12.20,12.81,30500
RCTLCOCO05,20181212,18.82,21.21,18.82,21.21,200
RCTLCOFF004,20181212,1.01,1.01,1.01,1.01,1600
REDAN,20181212,0.57,0.57,0.57,0.57,2118
RELPOL,20181212,7.60,7.60,7.60,7.60,350
REMAK,20181212,9.18,9.18,9.18,9.18,2
RONSON,20181212,0.87,0.88,0.87,0.88,87952
ROPCZYCE,20181212,33.80,34.00,33.00,33.60,1553
RUBICON,20181212,0.96,0.97,0.90,0.97,13986
SANPL,20181212,350.00,357.80,342.00,357.80,46378
SANPL2,20181212,338.00,350.00,336.00,350.00,268
SANTANDER,20181212,17.80,17.80,17.52,17.52,65
SANWIL,20181212,0.59,0.59,0.59,0.59,1000
SARE,20181212,5.45,5.95,5.45,5.95,2430
SEKO,20181212,8.90,8.90,8.90,8.90,180
SELENAFM,20181212,9.05,9.10,9.00,9.00,5186
SELVITA,20181212,50.40,50.50,48.60,50.50,19834
SERINUS,20181212,0.70,0.71,0.68,0.70,43110
SESCOM,20181212,28.20,28.20,28.20,28.20,1
SETANTA,20181212,1.32,1.41,1.29,1.41,8664
SFINKS,20181212,0.93,0.93,0.87,0.87,21509
SILVANO,20181212,10.05,10.05,10.05,10.05,10
SIMPLE,20181212,6.25,6.30,6.00,6.30,6865
SKARBIEC,20181212,23.30,23.30,22.80,22.80,411
SKYLINE,20181212,0.65,0.66,0.63,0.64,24984
SLEEPZAG,20181212,4.38,4.38,4.30,4.30,2
SNIEZKA,20181212,73.50,73.50,73.50,73.50,2
SOHODEV,20181212,0.99,1.03,0.99,1.03,10062
SOLAR,20181212,0.56,0.56,0.48,0.55,7201
SONEL,20181212,6.40,6.42,6.40,6.42,1155
STALEXP,20181212,3.30,3.30,3.27,3.27,62381
STALPROD,20181212,317.00,330.00,317.00,330.00,2322
STALPROFI,20181212,10.40,10.40,10.40,10.40,180
STELMET,20181212,7.80,7.96,7.80,7.90,3112
SUNEX,20181212,3.47,3.65,3.47,3.65,1607
SUWARY,20181212,14.00,14.00,14.00,14.00,2
SWISSMED,20181212,1.06,1.06,1.02,1.02,110
SYGNITY,20181212,2.77,2.90,2.77,2.90,188
SYNEKTIK,20181212,9.36,9.40,9.22,9.26,11336
TALEX,20181212,12.20,12.20,11.00,11.30,3894
TARCZYNSKI,20181212,17.95,17.95,17.00,17.95,243
TAURONPE,20181212,2.11,2.21,2.06,2.19,14152601
TBULL,20181212,32.60,32.60,29.60,31.40,5730
TERMOREX,20181212,0.58,0.58,0.58,0.58,49
TESGAS,20181212,2.86,2.86,2.76,2.84,1638
TIM,20181212,6.50,6.60,6.32,6.58,18893
TORPOL,20181212,4.60,4.85,4.58,4.62,33045
TOWERINVT,20181212,25.00,25.00,24.50,24.50,7335
TOYA,20181212,7.98,7.98,7.90,7.90,102
TRAKCJA,20181212,3.90,4.14,3.81,4.01,842499
TRANSPOL,20181212,2.86,2.95,2.81,2.81,2613
TRIGONPP,20181212,72.80,72.80,72.80,72.80,2
TRIGONPP7,20181212,71.16,71.16,71.16,71.16,71
TRITON,20181212,2.25,2.26,2.25,2.26,1537
TSGAMES,20181212,78.00,78.69,76.76,78.00,4932
TXM,20181212,0.27,0.29,0.26,0.27,18687
ULMA,20181212,72.00,72.00,72.00,72.00,1
UNIBEP,20181212,4.59,4.59,4.41,4.42,116323
UNICREDIT,20181212,44.89,46.78,44.89,46.78,484
UNIMA,20181212,2.08,2.08,2.08,2.08,71
UNIMOT,20181212,8.40,8.40,8.30,8.30,4777
URSUS,20181212,1.68,1.80,1.60,1.62,3503161
VENTUREIN,20181212,1.70,1.70,1.67,1.67,2
VIGOSYS,20181212,268.00,268.00,260.00,265.00,229
VINDEXUS,20181212,7.16,7.16,6.86,6.90,12349
VISTAL,20181212,0.85,0.92,0.83,0.89,113606
VISTULA,20181212,3.78,3.85,3.75,3.85,99942
VIVID,20181212,1.45,1.49,1.38,1.46,92152
VOTUM,20181212,4.60,4.90,4.60,4.60,23321
VOXEL,20181212,24.80,24.80,24.00,24.70,50120
WASKO,20181212,1.34,1.34,1.27,1.28,2637
WAWEL,20181212,858.00,860.00,850.00,850.00,71
WIELTON,20181212,10.30,10.78,10.30,10.56,89316
WIKANA,20181212,0.74,0.77,0.74,0.77,1355
WIRTUALNA,20181212,53.00,53.00,51.20,51.60,5214
WITTCHEN,20181212,16.50,16.50,16.30,16.30,2
WOJAS,20181212,3.61,3.67,3.60,3.67,699
WORKSERV,20181212,1.35,1.62,1.34,1.55,4051911
XTB,20181212,4.60,4.60,4.58,4.60,9736
YOLO,20181212,2.35,2.35,2.31,2.35,152
ZAMET,20181212,0.66,0.74,0.66,0.74,481498
ZASTAL,20181212,0.45,0.48,0.44,0.47,38477
ZEPAK,20181212,7.15,7.49,6.98,7.48,2186296
ZPUE,20181212,76.50,78.00,74.00,74.00,355
ZUE,20181212,4.47,4.47,4.40,4.44,9746
ZYWIEC,20181212,468.00,468.00,468.00,468.00,2
INVESTORMS,20181212,3603.07,3619.79,3603.07,3619.79,223023.094
MWIG40,20181212,3970.82,3995.77,3951.91,3992.34,178025.627
MWIG40TR,20181212,5015.02,5043.30,4992.05,5042.19,178025.627
RESPECT,20181212,2748.20,2773.37,2738.95,2769.49,454506.340
SWIG80,20181212,10783.42,10790.11,10717.14,10788.16,36221.618
SWIG80TR,20181212,13044.10,13050.64,12965.69,13049.84,36221.618
WIG,20181212,57180.67,58036.04,57094.98,58036.04,982912.129
WIG-BANKI,20181212,7298.89,7496.17,7290.34,7494.00,207808.991
WIG-BUDOW,20181212,1996.21,1998.19,1977.62,1998.19,9501.695
WIG-CEE,20181212,1086.44,1097.33,1086.44,1096.81,322.258
WIG-CHEMIA,20181212,9644.53,9672.20,9444.49,9597.87,13465.408
WIG-ENERG,20181212,2486.74,2509.04,2409.75,2491.33,154654.049
WIG-GORNIC,20181212,3379.36,3424.19,3364.86,3424.19,66446.127
WIG-INFO,20181212,2014.47,2015.91,1980.21,1986.04,10422.734
WIG-LEKI,20181212,5304.90,5309.63,5220.36,5263.65,799.669
WIG-MEDIA,20181212,4626.61,4626.61,4539.88,4596.80,1061.143
WIG-MOTO,20181212,3656.63,3675.21,3642.28,3675.05,3086.144
WIG-NRCHOM,20181212,1977.29,2002.14,1967.26,2002.14,3083.805
WIG-ODZIEZ,20181212,5907.28,6072.95,5893.66,6044.19,38369.215
WIG-PALIWA,20181212,7833.55,8019.48,7814.24,7995.25,208815.537
WIG-POLAND,20181212,58490.99,59207.08,58490.99,59207.08,981964.277
WIG-SPOZYW,20181212,3516.77,3533.98,3513.74,3528.18,900.631
WIG-TELKOM,20181212,603.61,617.64,597.57,617.64,73808.468
WIG-UKRAIN,20181212,440.29,440.29,438.39,438.39,310.243
WIG20,20181212,2228.58,2275.19,2227.89,2275.15,754451.487
WIG20LEV,20181212,632.38,658.75,631.99,658.72,754451.487
WIG20SHORT,20181212,3496.87,3497.96,3423.26,3423.33,754451.487
WIG20TR,20181212,3938.91,4016.18,3932.77,4016.18,754451.487
WIG30,20181212,2543.13,2585.83,2538.88,2585.83,894316.462
WIG30TR,20181212,4450.15,4508.48,4450.15,4508.48,894316.462
WIGDIV,20181212,1068.01,1081.20,1066.33,1081.20,341298.096
