11BIT,20181128,271.00,271.50,264.00,266.00,2794
4FUNMEDIA,20181128,14.50,14.50,14.40,14.40,25
ABCDATA,20181128,0.75,0.85,0.75,0.81,2366117
ABMSOLID,20181128,6.40,6.40,5.66,5.66,3074
ABPL,20181128,17.95,17.95,17.30,17.60,11368
ACAUTOGAZ,20181128,41.30,41.60,41.10,41.60,238
ACTION,20181128,2.77,2.99,2.77,2.80,9654
ADIUVO,20181128,9.80,10.60,9.74,10.60,1053
AGORA,20181128,10.05,10.45,10.05,10.25,6319
AGROTON,20181128,3.56,3.73,3.45,3.66,2740
AILLERON,20181128,10.40,10.40,10.15,10.25,4069
AIRWAY,20181128,0.71,0.71,0.69,0.70,18159
ALCHEMIA,20181128,4.57,4.70,4.57,4.70,818
ALIOR,20181128,48.90,51.95,48.90,51.10,815648
ALTA,20181128,2.08,2.08,2.08,2.08,1
ALTUSTFI,20181128,2.55,2.68,2.41,2.51,453470
ALUMETAL,20181128,44.10,44.90,44.10,44.90,7008
AMBRA,20181128,11.15,11.25,11.10,11.25,4090
AMICA,20181128,110.20,111.80,110.20,111.60,3160
AMREST,20181128,36.50,36.80,35.25,36.30,137584
APATOR,20181128,23.90,24.60,23.70,24.60,35417
APLISENS,20181128,10.50,10.50,10.50,10.50,1
ARCHICOM,20181128,12.30,12.60,12.00,12.60,6000
ARCTIC,20181128,3.41,3.49,3.37,3.44,25242
ARTERIA,20181128,6.30,6.30,6.30,6.30,2
ARTIFEX,20181128,4.96,4.96,4.80,4.96,159
ASBIS,20181128,2.82,2.82,2.77,2.78,24448
ASSECOBS,20181128,24.00,24.00,24.00,24.00,4
ASSECOPOL,20181128,47.08,48.58,47.02,48.34,105243
ASSECOSEE,20181128,11.30,11.35,11.30,11.35,218
ASTARTA,20181128,28.70,28.70,26.30,27.20,52224
ATAL,20181128,30.90,32.00,30.80,31.80,1361
ATENDE,20181128,3.82,3.82,3.80,3.82,6224
ATLANTIS,20181128,0.51,0.51,0.50,0.50,23857
ATLASEST,20181128,1.07,1.08,1.07,1.08,2500
ATM,20181128,9.34,9.34,9.34,9.34,266
ATMGRUPA,20181128,4.85,4.98,4.85,4.96,3155
ATREM,20181128,1.69,1.71,1.69,1.69,2018
AUTOPARTN,20181128,3.60,3.70,3.56,3.66,90547
AWBUD,20181128,0.84,0.86,0.80,0.80,24170
BAHOLDING,20181128,1.87,1.95,1.82,1.90,189029
BALTONA,20181128,8.30,9.00,8.30,9.00,4139
BBIDEV,20181128,0.56,0.58,0.56,0.58,131757
BEDZIN,20181128,22.00,22.00,22.00,22.00,4
BENEFIT,20181128,750.00,750.00,746.00,750.00,386
BETACOM,20181128,14.20,14.20,13.70,14.20,1034
BGZBNPP,20181128,46.40,46.40,45.90,45.90,64
BIK,20181128,14.50,14.50,14.50,14.50,97
BIOMEDLUB,20181128,1.06,1.06,1.05,1.06,1643
BIOTON,20181128,5.80,5.80,5.70,5.77,7765
BOGDANKA,20181128,56.00,56.40,53.20,54.00,12311
BORYSZEW,20181128,4.74,4.75,4.68,4.70,412210
BOS,20181128,7.13,7.50,7.13,7.44,5467
BRASTER,20181128,1.78,1.85,1.63,1.64,222966
BSCDRUK,20181128,33.40,33.40,30.60,33.40,42
BUDIMEX,20181128,113.00,115.80,112.20,115.00,4835
BYTOM,20181128,2.66,2.75,2.65,2.75,13825
CAPITAL,20181128,2.27,2.35,2.23,2.34,9101
CCC,20181128,199.00,205.80,197.30,202.00,140707
CDPROJEKT,20181128,136.10,139.50,134.60,138.00,329135
CDRL,20181128,25.90,26.00,25.20,26.00,4052
CELTIC,20181128,7.10,7.15,7.10,7.15,50
CEZ,20181128,91.30,91.65,91.30,91.60,142
CIECH,20181128,40.70,40.94,40.22,40.46,90473
CIGAMES,20181128,0.78,0.82,0.77,0.79,1087840
CITYSERV,20181128,11.00,11.20,11.00,11.20,340
CLNPHARMA,20181128,31.40,31.45,30.35,31.30,8131
CNT,20181128,12.50,12.50,12.50,12.50,10
COGNOR,20181128,1.81,1.85,1.79,1.83,68928
COMARCH,20181128,159.50,160.00,159.50,159.50,414
CORMAY,20181128,0.98,0.98,0.93,0.95,44893
CPGROUP,20181128,4.86,4.86,4.68,4.86,1203
CYFRPLSAT,20181128,22.24,22.56,22.14,22.50,414645
DEBICA,20181128,96.20,96.60,94.60,94.60,415
DECORA,20181128,11.70,11.70,11.70,11.70,309
DEKPOL,20181128,32.00,32.00,32.00,32.00,609
DELKO,20181128,9.22,9.54,9.14,9.14,4838
DGA,20181128,9.20,9.90,9.20,9.90,1777
DINOPL,20181128,86.35,90.50,85.70,90.50,121502
DOMDEV,20181128,67.00,67.00,65.80,66.60,156
DROZAPOL,20181128,1.50,1.51,1.50,1.50,2008
ECHO,20181128,4.02,4.03,3.81,3.83,382870
EDINVEST,20181128,1.91,1.91,1.91,1.91,1
EFEKT,20181128,22.00,22.00,21.90,21.90,2
EKOEXPORT,20181128,3.40,3.43,3.40,3.43,2708
ELBUDOWA,20181128,33.10,33.10,32.50,32.60,1338
ELEKTROTI,20181128,3.94,3.94,3.82,3.82,4070
ELEMENTAL,20181128,1.10,1.16,1.10,1.15,196915
ELKOP,20181128,0.01,0.01,0.01,0.01,1600000
EMCINSMED,20181128,7.20,7.20,6.70,6.70,377
ENAP,20181128,1.06,1.06,1.06,1.06,1
ENEA,20181128,10.50,10.52,10.40,10.50,525886
ENELMED,20181128,8.30,8.30,8.05,8.30,135
ENERGA,20181128,9.13,9.25,9.03,9.16,426638
ENERGOINS,20181128,0.81,0.81,0.73,0.80,155
ENTER,20181128,18.00,18.00,17.70,17.70,66
ERBUD,20181128,10.00,10.00,9.52,9.70,156
ERG,20181128,42.70,42.70,42.70,42.70,1
ERGIS,20181128,2.70,2.85,2.70,2.77,7027
ESOTIQ,20181128,17.70,17.70,16.85,16.85,1590
ESSYSTEM,20181128,2.20,2.20,2.20,2.20,3000
ETFDAX,20181128,464.05,464.05,460.00,461.50,114
ETFSP500,20181128,105.24,105.50,105.18,105.18,151
ETFW20L,20181128,270.00,274.90,270.00,273.65,259
EUCO,20181128,7.58,7.70,7.54,7.70,1252
EUROCASH,20181128,16.85,17.59,16.72,17.00,616411
EUROHOLD,20181128,3.08,3.08,3.08,3.08,145
EUROTEL,20181128,19.20,19.35,18.50,19.00,2652
EVEREST,20181128,0.60,0.61,0.60,0.60,5439
FAMUR,20181128,5.50,5.52,5.46,5.50,117136
FASING,20181128,15.15,15.45,15.00,15.45,1307
FASTFIN,20181128,0.11,0.11,0.08,0.08,315038
FEERUM,20181128,5.42,5.50,5.10,5.48,2414
FERRO,20181128,13.80,13.80,13.20,13.50,1002
FERRUM,20181128,4.50,4.72,4.20,4.50,16789
FORTE,20181128,20.50,22.05,20.05,20.35,250151
GETINOBLE,20181128,0.37,0.39,0.36,0.38,18401189
GINOROSSI,20181128,0.39,0.46,0.39,0.45,3002752
GLCOSMED,20181128,0.89,1.06,0.89,1.06,14783
GOBARTO,20181128,8.00,8.06,7.80,8.06,1144
GPRE,20181128,5.30,5.30,5.30,5.30,1
GPW,20181128,37.00,38.00,37.00,38.00,41806
GRAVITON,20181128,1.53,1.53,1.53,1.53,505
GROCLIN,20181128,2.35,2.51,2.30,2.41,46262
GRODNO,20181128,3.70,3.71,3.34,3.54,52143
GRUPAAZOTY,20181128,30.50,31.30,30.14,31.10,298900
GTC,20181128,8.47,8.49,8.40,8.43,4752
HANDLOWY,20181128,69.50,69.80,68.80,69.80,82090
HARPER,20181128,0.18,0.19,0.16,0.16,490910
HELIO,20181128,10.65,10.65,10.35,10.65,302
HERKULES,20181128,2.75,2.80,2.74,2.80,980
HOLLYWOOD,20181128,1.00,1.00,0.94,1.00,1052
HYDROTOR,20181128,34.00,34.00,34.00,34.00,539
IDEABANK,20181128,2.45,2.67,2.45,2.53,554574
IDMSA,20181128,0.97,0.97,0.97,0.97,10
IFIRMA,20181128,2.24,2.24,2.21,2.21,984
IMCOMPANY,20181128,13.00,13.00,12.65,12.65,7501
IMMOBILE,20181128,3.05,3.05,2.98,3.05,717
IMPEL,20181128,9.25,9.25,8.35,8.50,2802
IMPERA,20181128,1.13,1.14,1.12,1.12,357
IMPEXMET,20181128,3.35,3.50,3.35,3.40,1559686
IMS,20181128,3.52,3.54,3.48,3.54,2881
INC,20181128,1.01,1.01,1.01,1.01,10
INDYKPOL,20181128,66.50,66.50,63.00,66.50,102
INGBSK,20181128,181.00,185.00,181.00,184.20,2696
INPRO,20181128,4.50,4.50,4.50,4.50,1
INSTALKRK,20181128,12.35,12.35,12.00,12.30,664
INTERAOLT,20181128,9.02,9.10,9.00,9.10,2435
INTERCARS,20181128,200.00,203.00,199.00,203.00,408
INTERSPPL,20181128,1.95,1.95,1.76,1.90,31006
INTLBCO12559,20181128,99.00,99.00,98.00,98.00,50
INTLBCO12674,20181128,87.90,87.90,87.90,87.90,12
INTLBCO12963,20181128,84.00,84.00,84.00,84.00,50
INTLBCO19992,20181128,31.00,31.00,26.09,27.72,8135
INTLBCO20164,20181128,21.05,21.05,16.10,16.34,2452
INTLDAX13136,20181128,82.30,82.30,80.00,80.00,73
INTLDAX15081,20181128,38.24,38.24,38.24,38.24,19
INTLDAX15099,20181128,46.10,46.10,46.10,46.10,20
INTLDAX16477,20181128,28.64,28.64,28.37,28.40,306
INTLDBK15982,20181128,5.60,5.60,5.60,5.60,250
INTLEUD16493,20181128,10.99,11.17,10.79,11.17,2394
INTLEUD16683,20181128,21.17,21.17,21.17,21.17,198
INTLEUD17475,20181128,31.84,31.84,31.84,31.84,40
INTLGLD09746,20181128,42.00,42.00,42.00,42.00,120
INTLKGH15024,20181128,22.13,22.13,22.13,22.13,30
INTLKGH16584,20181128,18.28,19.66,18.18,19.66,5805
INTLKGH22095,20181128,14.82,16.18,14.82,16.18,1264
INTLNDX20065,20181128,39.51,39.51,39.51,39.51,40
INTLNDX21204,20181128,28.00,28.94,28.00,28.80,3376
INTLOPL21626,20181128,1.44,1.44,1.44,1.44,4500
INTLPEO16402,20181128,20.00,20.00,20.00,20.00,350
INTLPGE21337,20181128,4.17,4.37,3.88,4.37,15000
INTLPGE21980,20181128,4.70,4.70,4.70,4.70,248
INTLPGE22202,20181128,1.88,2.37,1.88,2.37,3033
INTLPKN16303,20181128,39.28,39.28,39.28,39.28,25
INTLPKN16758,20181128,40.18,40.18,40.18,40.18,45
INTLPKN17111,20181128,32.95,36.25,32.63,36.25,968
INTLPKO17541,20181128,11.10,11.10,11.10,11.10,500
INTLPKO17889,20181128,9.50,9.64,9.50,9.64,460
INTLPKO18812,20181128,8.10,8.10,8.10,8.10,100
INTLPKO21675,20181128,5.90,6.57,5.80,6.48,13780
INTLPZU21493,20181128,9.59,9.59,9.59,9.59,500
INTLPZU22210,20181128,7.00,7.00,7.00,7.00,500
INTLSLV21956,20181128,5.11,5.22,4.85,5.22,967
INTLSP520560,20181128,6.92,7.02,6.92,7.02,619
INTLUSD21261,20181128,28.83,28.83,28.08,28.32,161
INTLW2012112,20181128,6.45,6.45,6.45,6.45,500
INTLW2014621,20181128,5.24,5.24,5.24,5.24,210
INTLW2017145,20181128,3.51,3.61,3.51,3.56,1446
INTLW2017152,20181128,3.90,3.90,3.87,3.87,806
INTLW2017384,20181128,2.71,2.83,2.71,2.83,850
INTLW2017392,20181128,2.77,2.77,2.77,2.77,58
INTLW2017400,20181128,3.18,3.34,3.18,3.34,2200
INTLW2017426,20181128,2.28,2.61,2.27,2.61,69162
INTLW2022244,20181128,1.82,2.16,1.82,2.11,39027
INTLW2022251,20181128,2.07,2.27,2.07,2.27,3000
INTROL,20181128,3.55,3.55,3.55,3.55,100
INTSBCO22186,20181128,92.45,92.75,92.45,92.75,102
INTSCDR21733,20181128,16.71,16.71,16.71,16.71,68
INTSCDR22111,20181128,7.77,7.77,7.40,7.40,3739
INTSDAX19968,20181128,121.00,121.00,121.00,121.00,40
INTSDAX20180,20181128,130.60,131.90,130.60,131.90,19
INTSDAX21303,20181128,85.15,85.15,85.15,85.15,10
INTSDAX21840,20181128,61.15,62.75,61.15,62.75,37
INTSDAX22160,20181128,28.27,31.30,28.27,31.00,1680
INTSDAX22178,20181128,39.12,41.24,39.12,41.24,37
INTSDOW20552,20181128,148.50,148.50,148.50,148.50,10
INTSEUD21246,20181128,51.40,51.40,51.40,51.40,200
INTSEUD22194,20181128,27.82,27.83,27.64,27.83,149
INTSGLD21881,20181128,46.00,46.00,46.00,46.00,9
INTSHSC20537,20181128,40.27,40.27,40.27,40.27,500
INTSKGH17988,20181128,69.40,69.40,67.90,67.90,134
INTSKGH21055,20181128,29.72,29.72,29.24,29.24,1700
INTSNAG04291,20181128,12.20,12.20,12.20,12.20,155
INTSNAG07096,20181128,5.42,5.42,4.69,4.70,5154
INTSNAG07104,20181128,6.23,6.23,6.20,6.20,1280
INTSNDX21725,20181128,53.00,53.00,52.00,52.90,140
INTSNDX21857,20181128,67.90,68.85,67.90,68.85,28
INTSOPL11650,20181128,2.26,2.26,2.26,2.26,500
INTSPGE09381,20181128,8.70,9.01,8.70,9.01,500
INTSPGE19752,20181128,3.48,4.28,3.45,4.07,23718
INTSPKN19828,20181128,34.99,34.99,33.49,33.49,161
INTSPKN20313,20181128,17.46,17.46,13.01,13.56,31754
INTSPKO20693,20181128,13.98,13.98,13.98,13.98,228
INTSPZU19638,20181128,6.99,7.16,6.78,6.78,128
INTSSP521865,20181128,22.00,22.00,22.00,22.00,50
INTSUSD18127,20181128,10.40,10.40,10.40,10.40,10
INTSUSJ16915,20181128,12.79,12.79,12.79,12.79,80
INTSUSJ17095,20181128,20.51,20.51,20.51,20.51,45
INTSW2019307,20181128,4.20,4.24,4.16,4.16,7500
INTSW2019976,20181128,7.89,7.89,7.89,7.89,300
INTSW2020727,20181128,3.65,3.65,3.65,3.65,1000
INTSW2020859,20181128,2.84,2.84,2.53,2.53,15000
INTSW2020867,20181128,3.10,3.10,2.85,2.85,1350
INTSW2020990,20181128,2.29,2.29,2.29,2.29,195
INTSW2021923,20181128,1.95,1.95,1.58,1.58,3393
INTSW2022152,20181128,1.57,1.59,1.28,1.29,39687
INTSW2022269,20181128,1.27,1.33,0.95,0.98,38098
INVGLDFIZ,20181128,1321.20,1321.20,1321.20,1321.20,7
INVISTA,20181128,0.90,0.90,0.90,0.90,10
IPOPEMA,20181128,1.00,1.00,0.98,0.99,10511
ITMTRADE,20181128,1.12,1.12,1.05,1.08,7635
IZOBLOK,20181128,36.00,36.00,34.20,34.20,4875
IZOLACJA,20181128,1.74,1.74,1.74,1.74,1
IZOSTAL,20181128,3.35,3.35,3.35,3.35,1060
JHMDEV,20181128,1.60,1.60,1.60,1.60,1
JSW,20181128,65.50,66.50,64.80,65.78,413662
JWCONSTR,20181128,2.45,2.50,2.45,2.49,5921
JWWINVEST,20181128,1.00,1.00,1.00,1.00,10
K2INTERNT,20181128,11.80,11.80,11.45,11.45,323
KANIA,20181128,1.21,1.26,1.21,1.26,36429
KCI,20181128,0.51,0.51,0.46,0.50,11907
KERNEL,20181128,52.70,52.90,51.40,52.70,55931
KETY,20181128,336.00,337.00,332.50,336.50,278
KGHM,20181128,88.22,90.20,88.08,89.90,461739
KGL,20181128,15.80,16.60,15.80,16.60,94
KINOPOL,20181128,10.75,10.95,10.75,10.95,22
KOGENERA,20181128,48.90,48.90,47.20,48.90,18
KOMPUTRON,20181128,3.35,3.35,3.29,3.29,77
KONSSTALI,20181128,27.40,27.40,27.40,27.40,1
KPPD,20181128,21.60,21.60,21.60,21.60,100
KRAKCHEM,20181128,1.18,1.18,1.18,1.18,49
KREC,20181128,4.30,4.30,4.28,4.28,2
KREDYTIN,20181128,12.00,12.00,12.00,12.00,1
KREZUS,20181128,0.53,0.62,0.52,0.61,3893194
KRUK,20181128,173.30,174.40,171.00,171.90,24478
KRUSZWICA,20181128,42.30,42.50,41.00,42.50,540
KRVITAMIN,20181128,6.26,6.30,6.00,6.28,3313
LABOPRINT,20181128,13.75,13.75,13.75,13.75,2
LARQ,20181128,6.76,6.78,6.76,6.78,2
LCCORP,20181128,2.68,2.73,2.66,2.70,222581
LENA,20181128,2.60,2.65,2.57,2.57,3481
LENTEX,20181128,7.18,7.34,7.08,7.30,22764
LIBET,20181128,1.23,1.23,1.18,1.21,45272
LIVECHAT,20181128,27.40,27.60,26.55,26.55,110153
LOKUM,20181128,17.00,17.30,16.90,17.30,2027
LOTOS,20181128,77.00,78.46,76.18,78.40,412773
LPP,20181128,7650.00,7845.00,7645.00,7800.00,2074
LSISOFT,20181128,12.65,12.65,12.65,12.65,586
LUBAWA,20181128,0.67,0.67,0.65,0.67,35048
MABION,20181128,84.90,85.00,82.70,83.80,1663
MAKARONPL,20181128,3.96,4.00,3.96,4.00,1211
MANGATA,20181128,68.00,68.00,68.00,68.00,1
MARVIPOL,20181128,3.70,3.80,3.65,3.70,6420
MASTERPHA,20181128,5.50,5.60,5.46,5.50,11496
MAXCOM,20181128,15.50,16.45,15.50,16.40,2515
MBANK,20181128,399.00,412.00,396.20,410.40,19899
MBWS,20181128,20.50,20.50,18.88,18.88,829
MCI,20181128,9.46,9.90,9.46,9.84,5984
MDIENERGIA,20181128,3.49,3.49,3.24,3.29,7
MEDIACAP,20181128,1.81,1.81,1.81,1.81,40
MEDICALG,20181128,32.95,33.50,32.00,33.50,646
MENNICA,20181128,18.70,19.40,18.70,19.40,18
MERCATOR,20181128,11.80,12.00,11.65,11.80,13165
MERCOR,20181128,8.44,8.82,8.44,8.82,1007
MEXPOLSKA,20181128,3.89,3.89,3.55,3.88,3600
MFO,20181128,21.30,21.30,21.30,21.30,202
MILLENNIUM,20181128,9.45,9.60,9.34,9.44,1439391
MIRACULUM,20181128,1.69,1.69,1.67,1.67,893
MIRBUD,20181128,1.03,1.04,0.93,1.00,172168
MLSYSTEM,20181128,26.50,26.50,26.00,26.00,190
MOJ,20181128,0.64,0.65,0.64,0.65,11727
MONNARI,20181128,4.91,4.91,4.77,4.90,6758
MORIZON,20181128,1.26,1.26,1.20,1.26,8580
MOSTALPLC,20181128,3.37,3.38,3.21,3.30,6291
MOSTALWAR,20181128,2.10,2.17,2.10,2.14,15055
MUZA,20181128,2.78,2.78,2.78,2.78,45
MWTRADE,20181128,2.84,2.84,2.80,2.80,15865
NETIA,20181128,4.66,4.69,4.62,4.63,73719
NETMEDIA,20181128,9.75,9.95,9.70,9.70,3173
NEUCA,20181128,244.00,250.00,244.00,250.00,1183
NEWAG,20181128,15.35,15.35,14.80,15.30,150
NORTCOAST,20181128,4.51,4.51,4.51,4.51,10
NOVATURAS,20181128,34.00,35.00,34.00,35.00,11
NOVITA,20181128,43.00,43.00,43.00,43.00,40
NOWAGALA,20181128,0.51,0.51,0.50,0.51,30750
NTTSYSTEM,20181128,2.41,2.41,2.33,2.40,747
OAT,20181128,19.50,19.50,18.38,19.29,252
ODLEWNIE,20181128,2.98,2.98,2.98,2.98,827
OEX,20181128,15.40,15.40,14.90,14.90,2937
OPENFIN,20181128,0.32,0.33,0.31,0.32,454050
OPONEO.PL,20181128,22.60,23.00,22.50,22.60,655
OPTEAM,20181128,5.00,5.00,5.00,5.00,2000
ORANGEPL,20181128,4.69,4.78,4.68,4.75,2408601
ORBIS,20181128,90.00,91.40,87.40,87.80,23826
ORCOGROUP,20181128,1.58,1.65,1.58,1.65,493
ORION,20181128,7.70,7.80,7.70,7.80,607
ORZBIALY,20181128,10.20,10.45,10.20,10.45,20
OTLOG,20181128,4.60,5.00,4.40,4.60,4674
OTMUCHOW,20181128,1.79,1.79,1.79,1.79,3
OTMUCHOW-PDA,20181128,1.83,1.83,1.83,1.83,2
PAMAPOL,20181128,1.01,1.05,1.01,1.05,2022
PANOVA,20181128,15.80,15.80,15.25,15.40,1464
PATENTUS,20181128,0.84,0.85,0.84,0.85,13020
PBKM,20181128,57.80,58.80,57.60,58.80,2505
PCCEXOL,20181128,1.55,1.55,1.55,1.55,300
PCCROKITA,20181128,83.20,84.00,83.00,83.60,2106
PCM,20181128,12.50,12.50,12.30,12.45,1102
PEKABEX,20181128,12.70,13.00,12.60,12.70,40897
PEKAO,20181128,107.40,109.20,107.30,108.30,666756
PEMANAGER,20181128,26.00,26.00,26.00,26.00,2
PEP,20181128,20.00,20.50,19.80,20.30,4867
PEPEES,20181128,1.21,1.21,1.21,1.21,1
PFLEIDER,20181128,32.00,34.60,31.75,32.95,51701
PGE,20181128,11.72,12.03,10.93,11.47,4368194
PGNIG,20181128,6.25,6.35,6.24,6.30,3074875
PGO,20181128,2.85,2.85,2.85,2.85,10
PGSSOFT,20181128,9.70,9.70,9.44,9.70,1547
PHN,20181128,8.78,9.60,8.50,9.32,8802
PKNORLEN,20181128,105.35,110.50,105.25,109.90,1015588
PKOBP,20181128,40.07,40.97,40.02,40.85,2145162
PKOGS,20181128,99.35,99.35,99.11,99.11,754
PKOSO,20181128,110.01,110.20,109.00,110.20,10836
PKPCARGO,20181128,40.85,41.80,40.70,41.75,28838
PLASTBOX,20181128,1.74,1.74,1.69,1.73,5897
PLAY,20181128,15.40,15.83,15.30,15.75,1808616
PLAYWAY,20181128,136.00,138.00,135.50,137.00,10715
PLAZACNTR,20181128,2.78,2.78,2.78,2.78,1
POLICE,20181128,13.70,13.70,13.70,13.70,10
POLIMEXMS,20181128,2.82,2.86,2.77,2.79,156702
POLNORD,20181128,10.08,10.10,9.94,10.00,45381
POLWAX,20181128,6.94,7.18,6.94,7.00,37251
POZBUD,20181128,2.52,2.52,2.52,2.52,2
PRAGMAFA,20181128,17.55,17.55,17.00,17.30,520
PRAGMAINK,20181128,10.80,10.80,10.80,10.80,1
PRAIRIE,20181128,1.14,1.16,1.13,1.13,97655
PRIMAMODA,20181128,2.28,2.28,2.28,2.28,650
PRIMETECH,20181128,1.11,1.38,1.11,1.38,363689
PROCAD,20181128,1.53,1.53,1.51,1.52,2686
PROCHEM,20181128,16.50,16.50,16.50,16.50,2
PROJPRZEM,20181128,23.40,24.90,23.00,24.90,922
PROTEKTOR,20181128,4.70,4.73,4.69,4.73,399
PULAWY,20181128,74.80,75.00,70.80,73.00,2255
PZU,20181128,41.62,42.33,41.21,42.10,1903765
PZUAKORD,20181128,111.64,111.85,111.55,111.80,1265
QMULTIFIZ,20181128,938.05,938.05,937.00,937.00,20
QUANTUM,20181128,14.60,14.60,14.50,14.50,12
QUERCUS,20181128,2.23,2.23,2.10,2.23,3190
QUMAK,20181128,0.27,0.29,0.25,0.28,372571
R22,20181128,17.00,17.00,16.00,16.20,604
RADPOL,20181128,1.34,1.34,1.24,1.32,39501
RAFAKO,20181128,1.75,1.75,1.65,1.69,228462
RAFAMET,20181128,10.50,10.50,10.50,10.50,2
RAINBOW,20181128,21.50,23.00,21.50,22.10,5511
RANKPROGR,20181128,1.70,1.70,1.65,1.65,48674
RAWLPLUG,20181128,9.20,9.20,8.82,8.82,7
RCDAXAOPEN,20181128,486.00,486.00,486.00,486.00,1
RCFL2OIL,20181128,12.00,12.00,12.00,12.00,1730
RCFL3CDPRO1,20181128,10.85,11.52,10.85,11.52,920
RCFL3COFF,20181128,1.57,1.57,1.51,1.51,7205
RCFL3KGH,20181128,4.45,4.64,4.45,4.64,2452
RCFL3OIL2,20181128,177.80,177.80,177.80,177.80,45
RCFL3OIL3,20181128,14.00,14.17,13.90,14.17,600
RCFL3PEO,20181128,17.96,17.96,17.85,17.85,700
RCFL3PGE,20181128,5.40,6.05,5.40,6.05,2000
RCFL3PLAY,20181128,0.68,0.69,0.68,0.69,7000
RCFL3SILVE,20181128,3.21,3.21,3.15,3.15,711
RCFL3TPE,20181128,30.81,30.81,30.81,30.81,60
RCFL3W20,20181128,71.70,71.70,71.65,71.65,139
RCFL4OIL,20181128,8.82,8.82,8.82,8.82,194
RCFL4OIL2,20181128,3.21,3.21,3.21,3.21,500
RCFL4SILVE1,20181128,4.37,4.37,4.37,4.37,200
RCFL5COCO1,20181128,1.75,1.75,1.75,1.75,1000
RCFL5GOLD,20181128,6.24,6.24,6.24,6.24,1615
RCFL5OIL,20181128,7.67,7.67,6.80,7.00,7534
RCFL5SILVE,20181128,2.50,2.54,2.50,2.54,1500
RCFL5SUGA1,20181128,4.59,5.33,4.59,5.28,1800
RCFS3ALR,20181128,19.23,19.23,18.69,18.69,550
RCFS3CCC,20181128,13.09,13.09,11.27,12.07,5410
RCFS3CDPRO1,20181128,1.87,1.91,1.74,1.77,13997
RCFS3ENA,20181128,12.87,12.87,12.87,12.87,100
RCFS3ENG,20181128,11.40,11.40,11.25,11.25,1342
RCFS3KGH,20181128,4.92,4.98,4.75,4.75,3125
RCFS3MRC,20181128,9.07,9.07,9.07,9.07,1000
RCFS3OIL,20181128,30.64,32.01,30.50,32.01,1035
RCFS3PEO,20181128,11.32,11.32,11.09,11.09,1500
RCFS3PGE,20181128,11.60,11.60,11.60,11.60,841
RCFS3PKO,20181128,4.71,4.71,4.71,4.71,35
RCFS3PZU,20181128,3.00,3.00,3.00,3.00,55
RCFS3TPE,20181128,34.61,34.61,33.61,34.11,369
RCFS3W20,20181128,29.83,30.18,28.52,28.86,402
RCFS4OIL,20181128,0.78,0.81,0.78,0.81,3209
RCFS5FW20,20181128,7.24,7.24,7.24,7.24,150
RCFS5FW202,20181128,6.27,6.27,5.82,5.82,800
RCFS5GOLD,20181128,13.34,13.34,13.34,13.34,1000
RCGBSH10120,20181128,1005.00,1005.00,1005.00,1005.00,70
RCGCOMB0522,20181128,1017.00,1017.00,1011.40,1011.40,171
RCGGLD11019,20181128,979.80,979.80,979.80,979.80,130
RCGTECBSK0222,20181128,942.60,942.60,942.60,942.60,2
RCSCRAOPEN,20181128,228.40,228.40,228.40,228.40,2
RCSDGP0720,20181128,1001.70,1001.80,1001.70,1001.80,131
RCSILAOPEN,20181128,53.95,53.95,53.95,53.95,1000
RCTLCOCO01,20181128,10.88,11.22,10.51,11.18,31533
REDAN,20181128,0.72,0.74,0.72,0.74,3815
RELPOL,20181128,7.22,7.36,7.12,7.36,1363
REMAK,20181128,8.38,8.38,8.38,8.38,2
RONSON,20181128,0.88,0.88,0.85,0.88,53739
ROPCZYCE,20181128,29.50,30.50,29.10,30.40,4414
RUBICON,20181128,0.73,0.74,0.70,0.73,1291
SANOK,20181128,28.20,28.70,28.10,28.70,8568
SANPL,20181128,350.00,354.80,350.00,352.20,52133
SANPL2,20181128,346.00,350.00,346.00,350.00,104
SANTANDER,20181128,18.72,18.72,18.06,18.06,1695
SANWIL,20181128,0.62,0.62,0.62,0.62,12190
SARE,20181128,8.10,8.10,8.00,8.00,853
SELENAFM,20181128,8.00,8.50,7.75,8.50,41953
SELVITA,20181128,50.50,50.50,48.25,48.25,1501
SERINUS,20181128,0.67,0.68,0.66,0.66,34247
SETANTA,20181128,1.42,1.55,1.42,1.55,283
SFINKS,20181128,0.68,0.80,0.67,0.79,57582
SILVANO,20181128,10.00,10.00,10.00,10.00,171
SIMPLE,20181128,7.30,7.30,6.90,7.20,1502
SKARBIEC,20181128,23.50,24.00,23.50,23.80,7052
SKYLINE,20181128,0.73,0.75,0.73,0.75,1306
SLEEPZAG,20181128,4.32,4.32,4.30,4.30,2
SNIEZKA,20181128,72.00,74.00,71.00,74.00,1722
SOHODEV,20181128,1.03,1.05,1.02,1.05,3308
SONEL,20181128,6.40,6.40,6.40,6.40,5
STALEXP,20181128,3.29,3.29,3.26,3.29,104728
STALPROD,20181128,324.00,326.00,319.50,325.00,643
STALPROFI,20181128,10.50,10.90,10.30,10.60,49147
STELMET,20181128,7.40,7.50,7.38,7.38,4316
SUNEX,20181128,3.12,3.12,2.95,3.07,4398
SUWARY,20181128,14.00,14.00,14.00,14.00,2
SWISSMED,20181128,1.03,1.08,1.03,1.08,2516
SYGNITY,20181128,2.70,2.70,2.65,2.70,2351
SYNEKTIK,20181128,10.90,10.90,10.30,10.35,22966
TALEX,20181128,12.20,12.20,11.80,12.20,14
TAURONPE,20181128,2.18,2.21,2.13,2.21,6072071
TBULL,20181128,30.40,30.40,28.80,29.40,4458
TERMOREX,20181128,0.58,0.58,0.49,0.58,3510
TESGAS,20181128,3.17,3.20,3.04,3.20,6935
TIM,20181128,6.50,6.66,6.50,6.54,25846
TORPOL,20181128,4.19,4.35,4.15,4.35,51540
TRAKCJA,20181128,3.44,3.54,3.36,3.36,467674
TRANSPOL,20181128,2.99,3.27,2.99,3.05,7831
TRIGONPP7,20181128,81.00,81.00,81.00,81.00,50
TRITON,20181128,2.21,2.25,2.20,2.25,9351
TSGAMES,20181128,84.40,86.90,84.40,86.00,9936
TXM,20181128,0.32,0.40,0.32,0.40,91334
ULMA,20181128,69.00,72.00,69.00,72.00,3
UNIBEP,20181128,4.87,4.87,4.78,4.80,3325
UNICREDIT,20181128,49.50,49.65,49.50,49.65,254
UNIMA,20181128,2.10,2.10,2.10,2.10,950
UNIMOT,20181128,8.68,8.88,8.68,8.88,701
URSUS,20181128,1.11,1.14,1.02,1.03,698042
VENTUREIN,20181128,1.85,1.85,1.85,1.85,104
VIGOSYS,20181128,268.00,278.00,267.00,278.00,27
VINDEXUS,20181128,7.00,7.00,6.92,7.00,3511
VISTAL,20181128,0.80,0.80,0.75,0.75,101
VISTULA,20181128,3.86,3.87,3.82,3.87,70227
VIVID,20181128,1.54,1.63,1.50,1.61,189811
VOTUM,20181128,3.80,3.82,3.79,3.79,5174
VOXEL,20181128,24.00,24.00,24.00,24.00,10
WADEX,20181128,4.74,4.74,4.74,4.74,22
WASKO,20181128,1.20,1.23,1.08,1.20,51532
WAWEL,20181128,838.00,838.00,824.00,836.00,29
WIELTON,20181128,8.65,8.69,8.63,8.65,18901
WIKANA,20181128,0.80,0.80,0.77,0.80,668
WIRTUALNA,20181128,50.00,50.00,49.70,50.00,3952
WITTCHEN,20181128,12.50,13.60,12.50,13.60,1778
WOJAS,20181128,4.19,4.19,4.05,4.19,224
WORKSERV,20181128,1.18,1.25,1.14,1.20,308060
XTB,20181128,4.83,4.84,4.83,4.84,901
YOLO,20181128,2.16,2.16,2.16,2.16,422
ZASTAL,20181128,0.34,0.38,0.34,0.38,14006
ZEPAK,20181128,7.25,7.40,7.25,7.35,5187
ZPUE,20181128,96.00,96.00,94.50,94.50,101
ZUE,20181128,4.90,4.90,4.56,4.70,3860
ZYWIEC,20181128,470.00,470.00,462.00,462.00,8
INVESTORMS,20181128,3606.89,3619.57,3606.89,3619.57,132252.401
MWIG40,20181128,3887.54,3917.41,3886.39,3917.41,125814.420
MWIG40TR,20181128,4909.84,4947.57,4909.84,4947.57,125814.420
RESPECT,20181128,2738.29,2767.40,2738.07,2759.06,416870.262
SWIG80,20181128,10894.01,10924.68,10865.17,10924.68,25200.709
SWIG80TR,20181128,13081.54,13118.37,13047.32,13118.37,25200.709
WIG,20181128,56890.90,57641.66,56890.90,57633.26,884350.166
WIG-BANKI,20181128,7442.41,7562.31,7438.54,7541.71,255787.644
WIG-BUDOW,20181128,1903.06,1913.43,1888.38,1913.43,5015.409
WIG-CEE,20181128,1101.66,1104.69,1099.68,1104.69,4568.924
WIG-CHEMIA,20181128,8993.25,9107.44,8942.94,9073.60,13315.992
WIG-ENERG,20181128,2652.95,2696.26,2558.51,2629.05,72941.599
WIG-GORNIC,20181128,3398.26,3452.49,3390.61,3442.87,69214.624
WIG-INFO,20181128,2040.52,2068.80,2040.52,2063.83,8277.869
WIG-LEKI,20181128,5114.83,5117.44,5014.96,5071.85,545.399
WIG-MEDIA,20181128,4478.17,4516.94,4475.04,4494.93,308.914
WIG-MOTO,20181128,3560.00,3602.38,3547.94,3599.30,1179.353
WIG-NRCHOM,20181128,2038.18,2043.58,2014.04,2031.30,3113.550
WIG-ODZIEZ,20181128,5979.82,6134.58,5979.82,6085.22,46712.085
WIG-PALIWA,20181128,7567.05,7808.13,7547.93,7794.83,161375.294
WIG-POLAND,20181128,58338.62,58767.98,58338.62,58767.98,879530.086
WIG-SPOZYW,20181128,3566.02,3567.36,3501.67,3555.31,4717.659
WIG-TELKOM,20181128,578.91,587.11,578.64,586.43,49247.249
WIG-UKRAIN,20181128,445.23,445.23,434.92,441.72,4518.228
WIG20,20181128,2222.61,2268.14,2222.61,2264.51,725651.228
WIG20LEV,20181128,630.62,656.46,630.62,654.40,725651.228
WIG20SHORT,20181128,3510.32,3510.32,3438.43,3444.16,725651.228
WIG20TR,20181128,3934.75,4000.45,3934.75,3997.40,725651.228
WIG30,20181128,2530.64,2570.68,2530.64,2568.97,806822.281
WIG30TR,20181128,4446.73,4479.08,4446.73,4479.08,806822.281
WIGDIV,20181128,1062.96,1078.92,1062.96,1077.05,338609.529
