11BIT,20181116,274.00,280.00,228.00,247.00,84411
4FUNMEDIA,20181116,13.00,13.00,12.90,13.00,798
ABCDATA,20181116,0.88,0.88,0.81,0.83,288562
ABMSOLID,20181116,8.36,8.36,7.54,8.36,651
ABPL,20181116,17.55,17.80,17.50,17.80,613
ACAUTOGAZ,20181116,42.00,42.00,41.00,41.00,348
ACTION,20181116,3.08,3.08,2.90,2.95,1131
ADIUVO,20181116,9.90,9.90,9.50,9.50,1203
AGORA,20181116,9.60,9.70,9.54,9.60,120265
AGROTON,20181116,4.14,4.19,4.00,4.16,9529
AILLERON,20181116,10.80,11.00,10.40,10.50,6230
AIRWAY,20181116,0.67,0.67,0.63,0.66,58614
ALCHEMIA,20181116,4.43,4.65,4.43,4.43,507
ALIOR,20181116,53.85,54.30,49.80,50.65,708094
ALTA,20181116,2.10,2.10,2.00,2.08,208
ALTUSTFI,20181116,2.04,2.05,1.99,2.00,148560
ALUMETAL,20181116,42.40,42.40,41.60,42.30,505
AMBRA,20181116,11.00,11.00,10.90,11.00,18150
AMICA,20181116,101.20,102.00,99.80,101.00,4482
AMREST,20181116,40.95,41.75,38.70,39.05,88400
APATOR,20181116,23.90,24.00,23.10,23.10,304831
APLISENS,20181116,10.20,10.20,10.00,10.20,724
APSENERGY,20181116,2.25,2.25,2.21,2.21,601
ARCHICOM,20181116,11.90,11.90,11.90,11.90,139615
ARCTIC,20181116,3.67,3.78,3.60,3.60,19606
ARTIFEX,20181116,5.86,5.88,5.62,5.88,510
ASBIS,20181116,2.92,2.93,2.86,2.86,124834
ASSECOPOL,20181116,45.40,46.48,45.26,45.58,90156
ASSECOSEE,20181116,11.00,11.00,11.00,11.00,135
ASTARTA,20181116,29.00,29.00,29.00,29.00,162016
ATAL,20181116,30.80,30.80,29.60,30.00,1169
ATENDE,20181116,3.37,3.37,3.30,3.33,1205
ATLANTAPL,20181116,3.72,3.72,3.70,3.70,735
ATLANTIS,20181116,0.50,0.55,0.47,0.53,39007
ATM,20181116,8.80,9.24,8.80,8.82,12
ATMGRUPA,20181116,5.10,5.10,5.00,5.06,473
ATREM,20181116,1.85,1.85,1.85,1.85,1
AUTOPARTN,20181116,3.69,3.69,3.59,3.69,26565
AWBUD,20181116,0.95,0.95,0.95,0.95,3601
BAHOLDING,20181116,1.68,1.70,1.64,1.67,46812
BALTONA,20181116,9.10,9.10,8.80,9.10,996
BBIDEV,20181116,0.53,0.55,0.53,0.55,2185
BEDZIN,20181116,24.00,24.00,24.00,24.00,5
BENEFIT,20181116,778.00,778.00,750.00,750.00,78
BEST,20181116,25.00,26.20,25.00,26.20,151
BETACOM,20181116,14.20,14.30,14.10,14.20,1366
BGZBNPP,20181116,49.30,49.30,46.60,46.60,137
BIK,20181116,15.65,15.65,15.65,15.65,1
BIOMEDLUB,20181116,1.09,1.10,1.03,1.09,20539
BIOTON,20181116,5.88,6.12,5.80,5.80,37717
BOGDANKA,20181116,57.00,57.00,56.50,57.00,10096
BORYSZEW,20181116,4.72,4.75,4.66,4.70,141757
BOS,20181116,7.06,7.06,6.88,6.88,11665
BOWIM,20181116,3.31,3.31,2.99,3.18,29557
BRASTER,20181116,0.87,0.90,0.82,0.84,44014
BSCDRUK,20181116,35.60,35.60,32.60,32.80,931
BUDIMEX,20181116,115.20,118.80,111.20,113.60,7777
BYTOM,20181116,2.70,2.71,2.62,2.71,4745
CAPITAL,20181116,2.34,2.39,2.24,2.38,5265
CCC,20181116,184.40,184.40,176.90,180.80,48521
CDPROJEKT,20181116,141.20,145.00,128.90,132.40,724443
CDRL,20181116,24.00,24.00,23.70,23.80,171
CELTIC,20181116,7.20,7.20,7.20,7.20,1000
CEZ,20181116,92.30,93.15,92.20,92.40,297
CIECH,20181116,42.66,42.70,40.04,41.28,110071
CIGAMES,20181116,0.83,0.83,0.80,0.81,729765
CITYSERV,20181116,11.80,11.80,11.80,11.80,100
CLNPHARMA,20181116,30.75,30.75,29.05,29.95,3935
CNT,20181116,12.30,12.30,12.30,12.30,10
COGNOR,20181116,1.88,1.88,1.83,1.86,26815
COMARCH,20181116,171.00,171.00,166.00,168.50,2562
COMP,20181116,65.00,66.50,65.00,65.00,817
CORMAY,20181116,0.96,1.01,0.95,0.95,39930
CPGROUP,20181116,4.90,4.90,4.88,4.88,3
CYFRPLSAT,20181116,22.80,22.80,22.06,22.10,337071
DEBICA,20181116,100.00,100.00,100.00,100.00,110
DECORA,20181116,11.40,11.90,11.40,11.50,9525
DEKPOL,20181116,33.80,33.80,31.00,32.00,7069
DELKO,20181116,9.30,9.30,8.90,9.20,601
DGA,20181116,9.80,9.80,9.00,9.28,1814
DINOPL,20181116,90.00,90.75,85.50,85.65,276729
DOMDEV,20181116,67.60,67.60,66.60,67.60,3159
DROZAPOL,20181116,1.57,1.57,1.57,1.57,2
ECHO,20181116,4.04,4.06,4.03,4.04,62359
EDINVEST,20181116,1.91,1.91,1.91,1.91,348
EFEKT,20181116,22.00,22.30,21.40,22.30,343
EKOEXPORT,20181116,3.85,3.86,3.60,3.64,20626
ELBUDOWA,20181116,29.40,30.00,29.40,29.90,2052
ELEKTROTI,20181116,4.18,4.20,4.08,4.08,1673
ELEMENTAL,20181116,1.17,1.18,1.14,1.17,287750
ELKOP,20181116,0.01,0.01,0.01,0.01,67420
ELZAB,20181116,6.95,6.95,6.95,6.95,80
EMCINSMED,20181116,6.80,7.20,6.80,7.20,21
ENAP,20181116,1.06,1.06,1.06,1.06,1
ENEA,20181116,9.89,10.06,9.73,10.00,1157200
ENERGA,20181116,8.81,8.99,8.56,8.81,982537
ENERGOINS,20181116,0.78,0.78,0.71,0.71,559
ENTER,20181116,18.00,18.00,18.00,18.00,1
ERBUD,20181116,10.40,10.45,10.20,10.20,820
ERG,20181116,42.90,42.90,42.90,42.90,1
ERGIS,20181116,2.89,2.94,2.89,2.94,5576
ESOTIQ,20181116,17.80,17.80,16.20,17.60,2886
ESSYSTEM,20181116,2.20,2.20,2.08,2.14,36683
ETFDAX,20181116,466.75,466.80,462.50,462.50,19
ETFSP500,20181116,105.12,106.30,105.12,105.20,159
ETFW20L,20181116,269.45,269.70,259.45,262.40,10352
EUCO,20181116,7.90,7.90,7.60,7.90,2030
EUROCASH,20181116,19.12,19.27,17.70,18.03,746008
EUROTEL,20181116,17.00,17.00,16.70,17.00,1476
EVEREST,20181116,0.58,0.58,0.58,0.58,20
FAMUR,20181116,5.70,5.70,5.50,5.50,70067
FASING,20181116,14.50,14.55,13.90,14.15,4091
FEERUM,20181116,5.44,5.44,5.44,5.44,10
FERRO,20181116,12.90,12.90,12.75,12.75,10934
FERRUM,20181116,4.69,4.69,4.65,4.65,10
FORTE,20181116,22.90,23.05,21.30,21.50,24828
GETINOBLE,20181116,0.41,0.41,0.33,0.33,14346234
GINOROSSI,20181116,0.47,0.50,0.46,0.48,787733
GLCOSMED,20181116,0.72,0.72,0.72,0.72,1
GPRE,20181116,5.24,5.24,5.11,5.24,3438
GPW,20181116,35.80,36.20,34.85,35.10,74649
GRAVITON,20181116,1.50,1.50,1.40,1.43,3598
GROCLIN,20181116,1.91,2.10,1.89,2.04,141475
GRODNO,20181116,2.31,2.31,2.19,2.20,47845
GRUPAAZOTY,20181116,26.00,26.02,24.82,25.00,309118
GTC,20181116,8.34,8.46,8.08,8.46,8918
HANDLOWY,20181116,70.00,70.90,67.90,69.10,78213
HARPER,20181116,0.16,0.16,0.12,0.14,326509
HELIO,20181116,11.10,11.10,11.10,11.10,1
HERKULES,20181116,2.76,2.76,2.70,2.70,12100
HOLLYWOOD,20181116,1.04,1.04,0.95,1.03,16
HYDROTOR,20181116,35.40,35.40,34.80,34.80,202
IDEABANK,20181116,2.70,2.70,2.19,2.19,377160
IDMSA,20181116,1.00,1.03,0.98,1.03,12694
IFCAPITAL,20181116,0.52,0.57,0.51,0.56,5905
IFIRMA,20181116,2.27,2.27,2.14,2.20,3684
IMCOMPANY,20181116,13.40,14.40,13.35,14.40,241446
IMMOBILE,20181116,3.29,3.29,3.22,3.22,81
IMPEL,20181116,9.40,9.40,8.85,8.85,24
IMPERA,20181116,0.85,0.85,0.85,0.85,22
IMPEXMET,20181116,3.40,3.41,3.35,3.35,2258
IMS,20181116,3.44,3.44,3.32,3.42,333
INDYKPOL,20181116,66.50,66.50,66.50,66.50,1
INGBSK,20181116,180.00,181.80,167.80,177.80,13065
INPRO,20181116,4.50,4.50,4.36,4.50,4434
INSTALKRK,20181116,11.90,12.20,11.85,12.10,61720
INTERAOLT,20181116,7.58,7.66,7.58,7.66,3103
INTERCARS,20181116,205.00,220.00,192.00,192.00,3909
INTERSPPL,20181116,2.13,2.13,2.02,2.09,10378
INTLADS17996,20181116,26.86,26.86,26.86,26.86,90
INTLADS19117,20181116,21.47,21.47,21.47,21.47,80
INTLBCO13243,20181116,108.40,108.40,108.40,108.40,1
INTLBCO19745,20181116,75.60,75.60,75.60,75.60,10
INTLBCO19992,20181116,57.40,57.40,57.40,57.40,36
INTLBCO20164,20181116,46.40,46.40,46.00,46.00,26
INTLBCO20651,20181116,33.00,36.36,32.78,36.36,1869
INTLCDR22053,20181116,3.48,3.69,2.26,2.57,20380
INTLCDR22236,20181116,2.93,2.98,2.04,2.10,2245
INTLDAX01800,20181116,98.45,100.00,98.45,100.00,30
INTLDAX13136,20181116,79.70,79.70,77.65,77.65,40
INTLDAX16477,20181116,27.15,31.91,27.15,31.91,50
INTLDAX16816,20181116,24.54,24.60,16.36,19.81,2464
INTLEUD16493,20181116,15.78,16.09,15.78,16.09,240
INTLEUD16683,20181116,24.54,24.54,24.54,24.54,6
INTLEUD17475,20181116,37.04,37.04,37.04,37.04,50
INTLEUR20339,20181116,16.01,16.05,16.01,16.05,96
INTLGLD09746,20181116,45.27,47.62,45.01,47.15,340
INTLGLD11726,20181116,61.00,64.65,61.00,63.30,1325
INTLKGH22095,20181116,18.50,18.50,16.96,17.30,700
INTLNAG20719,20181116,6.82,7.71,6.82,7.71,47
INTLNAG21071,20181116,8.29,8.29,8.29,8.29,334
INTLNDX18879,20181116,54.60,54.60,52.85,52.85,59
INTLNDX21311,20181116,21.88,21.94,21.22,21.54,531
INTLPEO16402,20181116,16.93,16.93,10.23,13.99,3884
INTLPEO22004,20181116,17.04,18.39,14.50,18.39,9874
INTLPGE21337,20181116,4.79,4.79,4.79,4.79,1500
INTLPGE22079,20181116,3.55,3.55,3.55,3.55,35
INTLPGE22087,20181116,4.15,4.15,3.95,3.95,518
INTLPKN16758,20181116,27.13,27.13,27.13,27.13,100
INTLPKN17111,20181116,24.55,25.73,23.54,25.73,500
INTLPKO16956,20181116,12.24,12.24,12.24,12.24,300
INTLPKO17541,20181116,8.60,8.60,8.59,8.59,600
INTLPKO17889,20181116,8.03,8.11,6.55,6.65,10400
INTLPKO18812,20181116,5.99,5.99,5.35,5.55,1656
INTLPKO21675,20181116,6.21,6.35,3.32,3.75,8020
INTLPZU21493,20181116,7.50,7.50,7.50,7.50,500
INTLPZU21659,20181116,6.97,6.97,5.79,5.79,2100
INTLSLV21956,20181116,5.60,6.00,5.60,6.00,1068
INTLSLV21964,20181116,7.44,7.94,7.44,7.94,3386
INTLSP520560,20181116,8.65,8.65,8.65,8.65,300
INTLSPX17822,20181116,17.47,17.70,17.47,17.70,127
INTLUSD21170,20181116,43.33,43.33,43.33,43.33,200
INTLUSD21261,20181116,25.23,28.93,25.03,25.15,1801
INTLUSD21279,20181116,30.39,33.09,30.12,33.09,953
INTLW2012484,20181116,7.27,7.52,7.27,7.52,811
INTLW2016766,20181116,4.20,4.20,3.70,3.70,1300
INTLW2017012,20181116,2.91,2.91,2.91,2.91,35
INTLW2017145,20181116,3.00,3.00,2.40,2.50,2000
INTLW2017152,20181116,2.90,2.90,2.65,2.65,1000
INTLW2017384,20181116,2.19,2.19,1.67,1.73,3120
INTLW2017400,20181116,2.43,2.43,2.25,2.25,1412
INTLW2017426,20181116,1.92,1.92,1.44,1.55,16893
INTLW2022244,20181116,1.62,1.62,0.93,1.08,26689
INTLW2022251,20181116,1.36,1.36,1.30,1.30,766
INTROL,20181116,3.70,3.70,3.70,3.70,10
INTSBCO06700,20181116,96.00,96.00,93.60,94.50,336
INTSBCO22186,20181116,61.50,61.50,59.50,59.50,120
INTSCDR21733,20181116,16.34,17.25,16.34,17.25,250
INTSCDR22038,20181116,12.14,13.41,12.14,13.29,285
INTSCDR22111,20181116,6.99,8.23,6.83,7.90,15704
INTSDAX20180,20181116,127.90,132.50,127.90,132.50,61
INTSDAX21303,20181116,88.00,88.00,86.55,86.55,43
INTSDAX21550,20181116,69.85,77.15,69.85,77.15,40
INTSDAX21840,20181116,62.00,66.20,61.85,65.35,458
INTSDAX22160,20181116,25.43,33.70,25.09,27.74,2511
INTSDAX22178,20181116,35.95,44.05,35.95,38.52,966
INTSDOW20552,20181116,138.30,138.30,138.30,138.30,30
INTSEUD02683,20181116,60.45,60.45,59.45,59.45,115
INTSEUD21246,20181116,47.12,47.12,47.12,47.12,200
INTSEUD21436,20181116,34.93,34.93,34.75,34.75,2002
INTSEUR12534,20181116,35.86,36.92,35.86,36.81,105
INTSEUR22061,20181116,16.25,17.07,16.25,17.07,600
INTSGBU20107,20181116,79.65,79.65,79.65,79.65,88
INTSGBU21030,20181116,95.15,95.15,95.15,95.15,38
INTSGLD21451,20181116,65.65,65.90,65.65,65.90,30
INTSHSC20537,20181116,41.93,41.93,41.93,41.93,28
INTSKGH17988,20181116,67.50,67.50,67.50,67.50,62
INTSKGH21055,20181116,26.97,28.89,26.69,27.80,3680
INTSNAG04085,20181116,10.82,10.82,10.78,10.78,260
INTSNAG07096,20181116,5.85,6.11,4.92,5.04,8450
INTSNAG07104,20181116,8.00,8.00,8.00,8.00,200
INTSNDX21725,20181116,47.34,49.07,46.28,46.28,594
INTSNDX21857,20181116,63.00,63.00,61.65,61.65,57
INTSPEO10025,20181116,54.65,55.90,54.65,55.90,13
INTSPGE09381,20181116,8.05,8.05,8.05,8.05,500
INTSPGE19752,20181116,3.60,3.64,3.34,3.63,20600
INTSPKN20313,20181116,27.09,27.09,24.67,24.67,433
INTSPKO20693,20181116,15.35,17.15,15.35,17.15,8051
INTSPZU19638,20181116,8.06,9.61,8.06,9.61,4012
INTSPZU20131,20181116,12.07,13.38,12.07,13.38,3225
INTSSP520776,20181116,14.85,14.99,14.10,14.10,1699
INTSSP521865,20181116,20.43,20.43,20.12,20.12,1197
INTSUSD18127,20181116,14.95,14.95,11.55,14.18,1820
INTSW2005892,20181116,4.82,5.10,4.82,4.89,1341
INTSW2019430,20181116,5.70,5.70,5.70,5.70,125
INTSW2019893,20181116,8.10,8.10,8.09,8.09,700
INTSW2019976,20181116,8.79,8.79,8.79,8.79,410
INTSW2020727,20181116,4.55,4.55,4.55,4.55,1000
INTSW2020859,20181116,3.51,3.69,3.48,3.69,3733
INTSW2020867,20181116,3.68,3.80,3.68,3.80,600
INTSW2020982,20181116,2.40,3.04,2.40,3.04,4300
INTSW2020990,20181116,3.20,3.20,3.15,3.15,6200
INTSW2021923,20181116,2.10,2.82,2.09,2.64,16274
INTSW2022152,20181116,1.78,2.51,1.78,2.32,44660
INTSW2022269,20181116,1.94,2.20,1.94,2.01,2443
INVGLDFIZ,20181116,1327.00,1327.00,1327.00,1327.00,15
INVISTA,20181116,0.87,0.87,0.87,0.87,10
IPOPEMA,20181116,1.16,1.16,1.16,1.16,30
IQP,20181116,0.72,0.72,0.72,0.72,1
ITMTRADE,20181116,1.13,1.13,1.13,1.13,769
IZOBLOK,20181116,31.20,32.80,31.10,32.80,1526
IZOLACJA,20181116,1.74,1.74,1.74,1.74,1
JHMDEV,20181116,1.60,1.65,1.52,1.65,2500
JSW,20181116,76.48,78.44,75.32,77.34,185661
JWCONSTR,20181116,2.64,2.64,2.54,2.60,1370
JWWINVEST,20181116,1.00,1.00,1.00,1.00,10
K2INTERNT,20181116,11.10,11.10,10.80,10.95,6024
KANIA,20181116,1.30,1.30,1.25,1.29,12120
KCI,20181116,0.46,0.49,0.46,0.49,7872
KERNEL,20181116,53.30,53.50,51.90,53.20,58013
KETY,20181116,340.00,340.00,326.00,326.00,981
KGHM,20181116,90.80,92.28,90.00,91.20,547579
KGL,20181116,16.50,16.50,15.50,15.60,401
KINOPOL,20181116,11.10,11.10,10.65,10.85,808
KOGENERA,20181116,50.80,50.80,50.80,50.80,1
KOMPUTRON,20181116,2.95,2.95,2.91,2.95,1079
KONSSTALI,20181116,25.90,25.90,25.90,25.90,1
KPPD,20181116,23.80,23.80,23.00,23.80,876
KRAKCHEM,20181116,1.04,1.04,1.04,1.04,2736
KREC,20181116,4.05,4.05,4.05,4.05,1
KREDYTIN,20181116,11.80,11.80,11.80,11.80,77
KREZUS,20181116,0.63,0.69,0.59,0.60,5510453
KRUK,20181116,181.70,184.80,176.20,177.00,18503
KRUSZWICA,20181116,40.80,40.80,40.10,40.10,61
KRVITAMIN,20181116,5.70,5.98,5.70,5.98,1603
LABOPRINT,20181116,13.90,13.90,13.90,13.90,1
LARQ,20181116,6.76,6.76,6.68,6.68,2
LCCORP,20181116,2.64,2.66,2.59,2.62,503820
LENA,20181116,2.80,2.82,2.67,2.70,12081
LENTEX,20181116,7.06,7.10,6.52,7.06,17898
LIBET,20181116,1.29,1.29,1.23,1.29,64478
LIVECHAT,20181116,29.90,29.90,28.50,29.00,79309
LOKUM,20181116,17.40,17.40,17.00,17.40,15121
LOTOS,20181116,74.84,74.86,73.22,73.28,177904
LPP,20181116,7555.00,7690.00,7435.00,7620.00,2924
LSISOFT,20181116,12.10,12.35,12.10,12.35,853
LUBAWA,20181116,0.68,0.69,0.66,0.69,45078
MABION,20181116,90.90,90.90,82.00,90.00,6535
MAKARONPL,20181116,4.14,4.14,4.00,4.10,5777
MANGATA,20181116,69.40,69.40,68.00,68.00,11
MARVIPOL,20181116,3.55,3.63,3.55,3.63,350
MASTERPHA,20181116,4.48,4.50,4.40,4.50,7538
MAXCOM,20181116,14.90,15.10,14.70,15.00,2065
MBANK,20181116,400.20,403.60,391.80,398.20,28593
MBWS,20181116,19.50,19.50,19.00,19.00,68
MCI,20181116,9.64,9.66,9.34,9.66,1768
MDIENERGIA,20181116,3.50,3.50,3.20,3.20,11
MEDIACAP,20181116,1.90,1.90,1.90,1.90,30
MEDICALG,20181116,38.00,39.00,35.75,37.00,404
MENNICA,20181116,19.20,19.70,19.20,19.70,155
MERCATOR,20181116,13.90,14.00,13.20,13.55,6400
MERCOR,20181116,9.18,9.18,8.80,9.18,521
MEXPOLSKA,20181116,3.90,3.90,3.60,3.60,2189
MFO,20181116,22.70,25.30,22.70,25.30,249
MILLENNIUM,20181116,9.50,9.60,8.95,9.12,1358636
MIRACULUM,20181116,1.88,1.89,1.80,1.89,23735
MIRBUD,20181116,0.95,0.96,0.95,0.96,20000
MLSYSTEM,20181116,26.90,26.90,25.90,26.50,399
MOBRUK,20181116,45.60,45.60,45.60,45.60,45
MOJ,20181116,0.58,0.69,0.58,0.69,25500
MOL,20181116,40.80,40.80,40.80,40.80,15
MONNARI,20181116,4.83,4.83,4.70,4.78,1842
MORIZON,20181116,1.30,1.30,1.30,1.30,1
MOSTALPLC,20181116,3.40,3.91,3.37,3.37,3029
MOSTALWAR,20181116,1.73,1.98,1.72,1.85,46950
MWTRADE,20181116,3.30,3.60,3.02,3.02,9970
NETIA,20181116,4.64,4.65,4.55,4.60,18940
NETMEDIA,20181116,9.95,9.95,9.95,9.95,10
NEUCA,20181116,235.00,238.00,230.50,230.50,160
NEWAG,20181116,15.70,15.70,15.25,15.25,672
NORTCOAST,20181116,5.00,5.20,4.70,4.70,4010
NOVATURAS,20181116,37.00,37.15,37.00,37.00,364
NOWAGALA,20181116,0.56,0.59,0.55,0.59,19069
NTTSYSTEM,20181116,2.49,2.49,2.49,2.49,10
OAT,20181116,19.50,19.50,19.00,19.50,3062
ODLEWNIE,20181116,3.00,3.02,2.96,3.02,1773
OEX,20181116,15.30,15.70,15.00,15.00,1349
OPENFIN,20181116,0.28,0.29,0.22,0.23,1066591
OPERA3GR,20181116,345.05,345.05,345.00,345.00,79
OPONEO.PL,20181116,21.50,21.50,21.30,21.40,13430
OPTEAM,20181116,5.05,5.05,4.96,4.96,867
ORANGEPL,20181116,4.73,4.82,4.54,4.58,1324321
ORBIS,20181116,66.20,66.40,63.80,64.20,8672
ORCOGROUP,20181116,1.60,1.62,1.50,1.50,2569
ORION,20181116,7.50,8.25,7.45,8.25,2435
ORZBIALY,20181116,10.20,10.50,9.78,10.50,7569
OTLOG,20181116,3.40,3.40,3.08,3.40,6973
OTMUCHOW,20181116,1.87,1.87,1.73,1.83,10623
OVOSTAR,20181116,114.00,114.00,114.00,114.00,21160
PAMAPOL,20181116,1.13,1.14,1.13,1.14,2400
PANOVA,20181116,16.50,16.50,16.20,16.20,4270
PBKM,20181116,57.40,57.40,55.00,57.00,36834
PCCEXOL,20181116,1.58,1.60,1.58,1.58,2557
PCCROKITA,20181116,83.00,83.40,78.20,81.80,2476
PCM,20181116,13.20,13.45,12.65,13.00,9847
PEKABEX,20181116,11.00,11.20,11.00,11.20,5047
PEKAO,20181116,105.25,106.50,97.30,101.00,2542082
PEMANAGER,20181116,27.50,27.50,27.50,27.50,1
PEP,20181116,19.50,20.80,19.40,20.20,5370
PEPEES,20181116,1.26,1.26,1.18,1.24,1180
PFLEIDER,20181116,31.50,31.70,30.25,31.70,1264
PGE,20181116,11.90,12.25,11.72,12.18,5593297
PGNIG,20181116,6.19,6.32,6.19,6.25,3308678
PGO,20181116,2.90,2.90,2.90,2.90,21
PGSSOFT,20181116,8.40,8.40,8.20,8.20,592
PHN,20181116,8.06,8.06,7.90,7.98,87944
PKNORLEN,20181116,97.62,99.24,96.52,99.00,851773
PKOBP,20181116,40.50,40.63,37.39,37.90,9741558
PKOGS,20181116,100.40,100.40,100.40,100.40,500
PKPCARGO,20181116,41.00,41.20,39.00,39.85,15398
PLASTBOX,20181116,1.90,1.90,1.72,1.72,64391
PLATYNINW,20181116,0.53,0.53,0.53,0.53,221
PLAY,20181116,15.01,15.71,15.01,15.62,1342870
PLAYWAY,20181116,131.00,134.00,122.00,133.50,22609
PLAZACNTR,20181116,2.78,3.04,2.78,2.90,5393
PMPG,20181116,3.13,3.13,3.12,3.12,2733
POLICE,20181116,13.30,13.30,13.20,13.20,110
POLIMEXMS,20181116,2.93,2.96,2.81,2.87,292543
POLNORD,20181116,9.55,9.65,9.34,9.65,45810
POLWAX,20181116,6.92,6.94,6.78,6.94,30100
POZBUD,20181116,2.48,2.48,2.38,2.48,53
PRAGMAFA,20181116,17.50,17.50,17.50,17.50,5
PRAIRIE,20181116,1.13,1.13,1.11,1.12,57315
PRIMETECH,20181116,0.95,1.03,0.94,0.97,42950
PROCAD,20181116,1.54,1.54,1.53,1.53,59
PROCHEM,20181116,16.90,16.90,16.25,16.85,12
PROJPRZEM,20181116,23.90,24.90,23.90,23.90,1387
PROTEKTOR,20181116,4.75,4.75,4.75,4.75,5
PULAWY,20181116,78.00,80.60,75.40,77.00,350
PZU,20181116,41.09,41.54,39.15,39.71,4502719
QMULTIFIZ,20181116,949.90,949.90,949.90,949.90,3
QUANTUM,20181116,13.50,13.70,13.50,13.70,47
QUERCUS,20181116,2.30,2.35,2.16,2.21,2194
QUMAK,20181116,0.36,0.38,0.25,0.25,576260
R22,20181116,17.20,17.20,17.20,17.20,1
RADPOL,20181116,1.34,1.34,1.30,1.30,19389
RAFAKO,20181116,1.45,1.47,1.41,1.42,102600
RAFAMET,20181116,11.00,11.00,10.90,10.90,700
RAINBOW,20181116,18.95,19.80,18.95,19.45,3061
RANKPROGR,20181116,1.52,1.57,1.51,1.57,5928
RAWLPLUG,20181116,9.20,9.20,8.84,8.84,1196
RCBSX5E0921,20181116,1005.90,1005.90,1005.90,1005.90,500
RCCORAOPEN,20181116,7.23,7.23,7.23,7.23,800
RCFL2GOLD,20181116,49.81,49.81,49.73,49.81,90
RCFL2SILVE,20181116,16.77,16.77,16.77,16.77,100
RCFL3ALR,20181116,62.15,62.15,56.60,58.90,207
RCFL3CDPRO1,20181116,13.04,13.04,9.56,10.30,26891
RCFL3COFF,20181116,1.61,1.61,1.61,1.61,500
RCFL3COPP,20181116,14.02,14.02,14.02,14.02,300
RCFL3ENA,20181116,66.65,66.65,66.65,66.65,28
RCFL3ENG,20181116,71.70,74.25,71.70,73.00,836
RCFL3KGH,20181116,5.00,5.00,5.00,5.00,100
RCFL3OIL2,20181116,259.10,259.10,259.10,259.10,10
RCFL3OIL3,20181116,21.13,21.50,20.83,21.10,17045
RCFL3PEO,20181116,16.85,16.85,13.07,14.87,39910
RCFL3PGE,20181116,7.62,7.62,7.00,7.00,629
RCFL3PKO,20181116,31.50,31.50,25.37,26.18,2695
RCFL3PLAY,20181116,0.68,0.68,0.68,0.68,8957
RCFL3PZU,20181116,55.00,55.00,55.00,55.00,100
RCFL3SILVE2,20181116,5.97,5.97,5.97,5.97,600
RCFL3TPE,20181116,24.84,25.95,23.40,23.40,632
RCFL3W20,20181116,63.85,65.55,63.85,64.90,431
RCFL4ESX,20181116,195.90,197.50,195.90,197.50,12
RCFL4FW202,20181116,8.88,8.88,8.88,8.88,25
RCFL4OIL,20181116,15.39,15.39,15.23,15.23,270
RCFL5FW20,20181116,6.40,6.40,5.95,6.36,5233
RCFL5OIL,20181116,14.74,15.16,14.11,14.91,3977
RCFL5PALL1,20181116,17.88,18.98,17.88,18.98,502
RCFL5SILVE,20181116,2.65,2.75,2.65,2.75,10745
RCFS2CDPRO1,20181116,3.51,3.51,3.51,3.51,400
RCFS2W20,20181116,57.05,57.05,57.05,57.05,400
RCFS3ADS1,20181116,12.07,12.97,12.07,12.97,5023
RCFS3ALV,20181116,30.68,30.69,30.68,30.69,1000
RCFS3BZW,20181116,20.24,20.24,20.17,20.17,3000
RCFS3CDPRO1,20181116,1.72,2.21,1.68,2.06,490103
RCFS3KGH,20181116,4.60,4.60,4.50,4.54,1822
RCFS3LPP,20181116,2.61,2.61,2.61,2.61,400
RCFS3MUV,20181116,37.58,39.40,37.58,39.40,1008
RCFS3OIL,20181116,22.73,23.02,22.50,22.50,13229
RCFS3PEO,20181116,12.95,12.95,12.95,12.95,1900
RCFS3PGE,20181116,10.74,10.91,10.54,10.91,1700
RCFS3PKO,20181116,5.50,5.71,5.50,5.71,9496
RCFS3PZU,20181116,3.55,3.65,3.55,3.64,7137
RCFS3SIE,20181116,6.70,7.00,6.70,6.80,27500
RCFS3SOY,20181116,11.81,11.81,11.81,11.81,130
RCFS3W20,20181116,32.61,33.93,32.57,33.21,1435
RCFS4LIGH,20181116,2.06,2.06,2.06,2.06,150
RCFS4OIL,20181116,0.53,0.53,0.53,0.53,100
RCFS5FW202,20181116,7.15,7.15,7.15,7.15,255
RCFS5OIL2,20181116,13.02,13.02,13.02,13.02,200
RCFS5PALL1,20181116,3.17,3.17,3.17,3.17,50
RCGBSK0621B,20181116,1024.30,1024.30,1024.30,1024.30,70
RCGBSK0721,20181116,1016.60,1016.90,1015.90,1015.90,139
RCGLDAOPEN,20181116,459.90,462.50,459.90,462.50,58
RCGNS010920,20181116,1103.20,1103.20,1103.20,1103.20,50
RCGOIL1122,20181116,930.90,930.90,930.90,930.90,20
RCGSXHC0122,20181116,996.90,996.90,996.90,996.90,34
RCGTECBSK0222,20181116,943.80,943.80,943.80,943.80,2
RCGZEBSH0417,20181116,981.40,981.40,981.40,981.40,30
RCLNAGOPEN,20181116,4.79,4.79,4.79,4.79,1500
RCLOILAOPEN,20181116,26.74,26.74,26.74,26.74,190
RCRMBK0619,20181116,946.70,946.70,946.70,946.70,315
RCRPEO0119,20181116,964.40,969.30,927.30,927.30,520
RCSDAXOPEN,20181116,110.20,110.20,110.20,110.20,8
RCSDGP0720,20181116,998.70,998.70,998.70,998.70,5
RCSILAOPEN,20181116,54.10,54.30,54.10,54.30,1025
RCTLCOCO01,20181116,14.02,15.41,14.02,15.41,200
RCTLCOFF004,20181116,1.45,1.46,1.45,1.46,2700
RCTLSILV07,20181116,1.28,1.28,1.28,1.28,220600
RCWHTAOPEN1,20181116,13.89,13.89,13.89,13.89,72
REDAN,20181116,0.79,0.79,0.76,0.76,1376
RELPOL,20181116,7.32,7.32,7.16,7.32,1719
REMAK,20181116,8.38,8.38,8.38,8.38,1
RONSON,20181116,0.77,0.79,0.77,0.79,17605
ROPCZYCE,20181116,30.90,30.90,30.20,30.70,1679
RUBICON,20181116,0.79,0.79,0.70,0.79,12333
SANOK,20181116,27.00,27.30,26.50,27.30,10458
SANPL,20181116,359.60,361.80,340.00,346.00,109814
SANPL2,20181116,330.00,348.00,330.00,348.00,602
SANWIL,20181116,0.63,0.63,0.63,0.63,372
SARE,20181116,9.50,10.00,9.00,10.00,62
SECOGROUP,20181116,15.50,16.40,15.50,16.00,1262
SEKO,20181116,8.15,8.15,8.15,8.15,2459
SELENAFM,20181116,8.80,8.85,8.70,8.85,5747
SELVITA,20181116,53.00,53.00,52.20,52.50,605
SERINUS,20181116,0.79,0.79,0.72,0.72,120024
SESCOM,20181116,28.00,28.00,28.00,28.00,184
SETANTA,20181116,1.27,1.27,1.27,1.27,10
SFINKS,20181116,0.70,0.70,0.63,0.68,7475
SILVANO,20181116,10.45,10.70,10.30,10.70,604
SIMPLE,20181116,7.20,7.20,7.20,7.20,2
SKARBIEC,20181116,24.00,24.20,23.00,23.70,3597
SKYLINE,20181116,0.68,0.68,0.68,0.68,1000
SLEEPZAG,20181116,4.32,4.48,4.32,4.48,902
SNIEZKA,20181116,71.00,73.00,71.00,73.00,34
SOHODEV,20181116,1.11,1.11,1.05,1.05,88534
SOLAR,20181116,0.59,0.62,0.59,0.62,1011
STALEXP,20181116,3.30,3.30,3.27,3.29,40855
STALPROD,20181116,340.00,340.00,334.00,338.00,6260
STELMET,20181116,7.34,7.34,7.30,7.30,11521
SUNEX,20181116,2.58,2.58,2.45,2.58,16
SUWARY,20181116,14.00,14.00,13.10,13.10,1601
SWISSMED,20181116,1.01,1.01,1.01,1.01,349
SYGNITY,20181116,2.84,2.99,2.84,2.98,5417
SYNEKTIK,20181116,12.20,12.50,11.10,11.50,4001
TALEX,20181116,13.00,13.00,11.90,11.90,132
TARCZYNSKI,20181116,15.90,15.90,15.50,15.90,193299
TAURONPE,20181116,2.03,2.08,1.98,2.06,7903686
TBULL,20181116,30.40,31.40,28.20,29.80,6059
TERMOREX,20181116,0.59,0.59,0.58,0.58,274
TESGAS,20181116,2.55,2.67,2.47,2.67,17539
TIM,20181116,6.60,6.76,6.50,6.66,31362
TORPOL,20181116,3.31,3.57,3.24,3.24,234707
TOWERINVT,20181116,26.90,28.10,26.90,28.00,1179
TOYA,20181116,7.58,7.58,7.58,7.58,200
TRAKCJA,20181116,3.18,3.28,3.05,3.15,561526
TRANSPOL,20181116,2.89,2.89,2.62,2.89,7683
TRIGONPP7,20181116,77.26,77.26,77.15,77.15,179
TRITON,20181116,2.51,2.51,2.51,2.51,517
TSGAMES,20181116,86.30,87.50,81.26,82.50,11480
TXM,20181116,0.33,0.33,0.33,0.33,53693
ULMA,20181116,69.00,73.50,69.00,73.50,3
UNIBEP,20181116,4.95,4.95,4.70,4.88,12433
UNIMA,20181116,2.25,2.25,2.18,2.18,1690
UNIMOT,20181116,7.88,7.88,7.64,7.68,11900
URSUS,20181116,0.99,0.99,0.92,0.95,420514
VENTUREIN,20181116,1.85,1.85,1.85,1.85,2
VIGOSYS,20181116,293.00,296.00,275.00,287.00,4144
VINDEXUS,20181116,7.30,7.34,7.30,7.34,3165
VISTAL,20181116,0.68,0.73,0.66,0.67,9634
VISTULA,20181116,3.88,3.98,3.73,3.98,246233
VIVID,20181116,1.99,2.00,1.93,2.00,91846
VOTUM,20181116,3.70,3.83,3.70,3.70,1862
VOXEL,20181116,23.80,23.80,23.70,23.70,20
WADEX,20181116,4.88,4.88,4.88,4.88,15
WARIMPEX,20181116,4.50,4.50,4.50,4.50,880
WASKO,20181116,1.42,1.42,1.23,1.29,86613
WAWEL,20181116,830.00,832.00,814.00,830.00,133
WIELTON,20181116,9.80,9.80,9.57,9.64,8063
WIKANA,20181116,0.81,0.81,0.79,0.81,305
WIRTUALNA,20181116,53.00,53.00,51.60,52.00,4950
WITTCHEN,20181116,10.70,12.00,10.50,11.80,47355
WOJAS,20181116,4.00,4.00,3.95,3.95,694
WORKSERV,20181116,1.08,1.24,1.04,1.19,569361
XTB,20181116,4.87,4.89,4.80,4.88,17321
YOLO,20181116,2.27,2.27,2.16,2.24,10
ZAMET,20181116,0.71,0.71,0.71,0.71,100
ZASTAL,20181116,0.23,0.24,0.23,0.24,41843
ZEPAK,20181116,7.36,7.58,7.03,7.10,47618
ZPUE,20181116,95.50,95.50,95.50,95.50,1
ZUE,20181116,5.00,5.00,5.00,5.00,148
ZYWIEC,20181116,468.00,468.00,460.00,466.00,118
INVESTORMS,20181116,3558.62,3558.62,3526.66,3526.66,175382.006
MWIG40,20181116,3880.08,3900.60,3775.30,3802.11,149520.395
MWIG40TR,20181116,4900.42,4923.12,4775.34,4801.94,149520.395
RESPECT,20181116,2739.80,2756.26,2669.49,2702.84,723789.958
SWIG80,20181116,10897.90,10902.71,10773.36,10794.85,34766.726
SWIG80TR,20181116,13086.22,13092.00,12937.32,12962.47,34766.726
WIG,20181116,56590.38,56754.88,54866.97,55442.10,1525651.281
WIG-BANKI,20181116,7487.85,7502.95,7040.86,7161.54,743698.894
WIG-BUDOW,20181116,1882.99,1906.49,1855.04,1873.05,6581.004
WIG-CEE,20181116,1100.59,1107.91,1099.23,1107.91,13787.566
WIG-CHEMIA,20181116,8498.41,8498.41,8133.95,8235.88,12727.485
WIG-ENERG,20181116,2621.21,2672.16,2591.34,2665.67,104240.543
WIG-GORNIC,20181116,3612.18,3650.67,3570.11,3615.47,64786.503
WIG-INFO,20181116,2021.76,2044.15,2001.65,2015.18,7176.471
WIG-LEKI,20181116,5207.71,5228.60,5020.57,5153.83,1016.152
WIG-MEDIA,20181116,4577.70,4585.06,4509.21,4530.46,1512.652
WIG-MOTO,20181116,3577.91,3714.79,3462.70,3463.73,1542.757
WIG-NRCHOM,20181116,2019.72,2021.52,1986.92,2019.27,5180.133
WIG-ODZIEZ,20181116,5773.67,5817.76,5662.69,5787.77,32991.726
WIG-PALIWA,20181116,7173.60,7233.82,7077.56,7204.41,117393.188
WIG-POLAND,20181116,56695.16,56695.16,56366.92,56481.31,1511342.078
WIG-SPOZYW,20181116,3593.81,3608.56,3534.48,3597.76,17102.675
WIG-TELKOM,20181116,583.74,588.47,573.63,574.30,34595.912
WIG-UKRAIN,20181116,462.31,462.31,462.31,462.31,13699.105
WIG20,20181116,2208.77,2221.69,2137.46,2165.46,1325862.736
WIG20LEV,20181116,623.91,631.19,583.73,599.51,1325862.736
WIG20SHORT,20181116,3534.65,3649.36,3513.86,3604.32,1325862.736
WIG20TR,20181116,3909.15,3917.74,3773.15,3820.42,1325862.736
WIG30,20181116,2518.60,2527.53,2436.50,2466.08,1416184.099
WIG30TR,20181116,4307.21,4307.21,4288.23,4297.45,1416184.099
WIGDIV,20181116,1028.50,1035.07,1003.69,1014.78,589544.242
