11BIT,20180806,453.00,453.00,438.00,441.00,3508
4FUNMEDIA,20180806,14.55,14.95,14.20,14.95,680
ABCDATA,20180806,1.51,1.53,1.50,1.52,63029
ABMSOLID,20180806,10.00,10.95,10.00,10.95,35
ABPL,20180806,18.50,20.00,18.50,19.80,3216
ACAUTOGAZ,20180806,42.20,42.20,42.00,42.20,325
ACTION,20180806,3.77,3.77,3.50,3.64,9159
ADIUVO,20180806,9.76,9.76,9.30,9.50,243
AGORA,20180806,10.20,10.20,9.52,9.52,22091
AGROTON,20180806,3.45,3.52,3.42,3.52,12510
AILLERON,20180806,14.50,14.80,14.30,14.80,6460
AIRWAY,20180806,0.82,0.84,0.82,0.84,15358
ALCHEMIA,20180806,4.07,4.15,4.03,4.15,3151
ALIOR,20180806,71.00,71.95,70.30,71.90,90047
ALTA,20180806,3.36,3.36,3.20,3.30,1532
ALTUSTFI,20180806,7.98,8.12,7.90,7.92,40057
ALUMETAL,20180806,48.50,48.50,48.10,48.50,233
AMBRA,20180806,12.60,12.80,12.60,12.65,1088
AMICA,20180806,123.60,124.20,122.80,123.80,913
AMREST,20180806,452.00,453.00,447.00,447.00,7365
APATOR,20180806,27.50,28.00,27.00,27.10,3133
APLISENS,20180806,12.50,12.50,12.50,12.50,2
APSENERGY,20180806,2.88,2.88,2.88,2.88,1
ARCHICOM,20180806,14.50,14.50,14.50,14.50,100
ARCTIC,20180806,4.13,4.13,4.05,4.12,3052
ARTERIA,20180806,6.48,6.48,6.48,6.48,2
ARTIFEX,20180806,8.80,8.84,8.52,8.82,4984
ASBIS,20180806,3.37,3.37,3.24,3.32,9874
ASSECOBS,20180806,26.80,26.80,26.80,26.80,60
ASSECOPOL,20180806,46.26,46.26,45.34,45.90,418181
ASSECOSEE,20180806,11.75,11.75,11.75,11.75,10
ASTARTA,20180806,33.00,35.30,33.00,34.80,2747
ATAL,20180806,33.90,33.90,33.90,33.90,1067
ATENDE,20180806,3.84,3.84,3.83,3.84,204
ATM,20180806,10.75,10.90,10.75,10.90,1694
ATMGRUPA,20180806,7.20,7.20,6.80,6.84,28072
ATREM,20180806,2.50,2.50,2.50,2.50,110
AUTOPARTN,20180806,4.32,4.32,4.29,4.29,2062
AVIASG,20180806,15.15,15.15,15.15,15.15,47
AWBUD,20180806,1.18,1.18,1.18,1.18,865
BAHOLDING,20180806,2.98,2.98,2.43,2.50,3343246
BALTONA,20180806,4.51,4.51,4.51,4.51,84
BBIDEV,20180806,0.58,0.58,0.56,0.57,86065
BEDZIN,20180806,24.80,24.80,24.00,24.80,416
BENEFIT,20180806,948.00,948.00,944.00,946.00,48
BEST,20180806,29.20,29.20,29.20,29.20,260
BETACOM,20180806,14.70,14.70,14.20,14.20,459
BGZBNPP,20180806,52.80,52.80,50.40,52.40,287
BIK,20180806,15.70,15.70,15.70,15.70,1
BIOMEDLUB,20180806,1.25,1.25,1.20,1.20,40976
BIOTON,20180806,6.35,6.40,6.20,6.21,48863
BNPPBSK10521,20180806,936.70,937.70,936.70,937.70,300
BOGDANKA,20180806,59.00,60.40,59.00,60.00,14555
BORYSZEW,20180806,6.69,6.79,6.69,6.75,73319
BOS,20180806,8.57,8.57,8.29,8.50,20762
BOWIM,20180806,3.42,3.42,3.42,3.42,4138
BRASTER,20180806,3.90,3.97,3.78,3.93,18603
BSCDRUK,20180806,40.00,40.00,39.40,39.40,117
BUDIMEX,20180806,116.20,119.20,116.00,118.00,2235
BYTOM,20180806,2.73,2.78,2.71,2.78,8751
BZWBK,20180806,370.80,373.20,366.60,371.00,59147
CAPITAL,20180806,3.47,3.47,3.47,3.47,1
CCC,20180806,217.00,220.60,213.60,215.00,72550
CDPROJEKT,20180806,199.80,201.00,197.30,198.70,63915
CDRL,20180806,23.90,23.90,22.70,23.20,1477
CEZ,20180806,96.60,96.85,96.10,96.50,579
CIECH,20180806,55.80,55.80,54.95,55.05,19804
CIGAMES,20180806,0.86,0.87,0.85,0.87,178610
CITYSERV,20180806,10.70,10.70,10.70,10.70,150
CLNPHARMA,20180806,32.70,33.90,32.60,33.50,22916
CNT,20180806,9.20,9.20,9.20,9.20,10
COGNOR,20180806,1.89,1.92,1.86,1.89,45259
COMARCH,20180806,172.00,173.00,169.00,171.00,476
COMP,20180806,63.00,63.00,61.50,61.50,23
CORMAY,20180806,1.04,1.04,1.00,1.03,47558
CPGROUP,20180806,5.40,5.40,5.40,5.40,1
CYFRPLSAT,20180806,23.56,23.76,23.08,23.70,181575
DEBICA,20180806,148.00,148.50,148.00,148.50,203
DECORA,20180806,10.60,10.60,10.30,10.40,991
DEKPOL,20180806,41.80,41.80,40.40,41.80,400
DELKO,20180806,7.80,7.94,7.80,7.94,25
DGA,20180806,9.40,9.60,9.22,9.60,1007
DINOPL,20180806,98.00,99.95,97.80,99.90,136261
DOMDEV,20180806,74.00,74.00,70.60,71.00,3570
DROZAPOL,20180806,1.78,1.79,1.78,1.79,1017
ECHO,20180806,4.37,4.40,4.35,4.37,136382
EFEKT,20180806,21.70,21.80,21.70,21.80,72
EKOEXPORT,20180806,4.98,5.35,4.79,5.18,223829
ELBUDOWA,20180806,50.20,50.20,47.60,48.20,14634
ELEKTROTI,20180806,5.30,5.48,5.30,5.48,822
ELEMENTAL,20180806,1.55,1.56,1.45,1.55,1110865
EMCINSMED,20180806,8.10,8.10,8.10,8.10,1
ENAP,20180806,1.15,1.15,1.15,1.15,4
ENEA,20180806,9.22,9.36,9.13,9.30,385329
ENERGA,20180806,8.98,9.08,8.87,9.02,237574
ENERGOINS,20180806,0.93,0.93,0.90,0.90,210
ENTER,20180806,21.30,21.30,20.60,20.60,512
ERBUD,20180806,13.95,14.00,13.55,14.00,1097
ERG,20180806,50.40,50.40,48.90,48.90,178
ERGIS,20180806,4.03,4.03,3.94,4.02,12355
ESOTIQ,20180806,20.80,20.80,20.30,20.30,102
ESSYSTEM,20180806,2.32,2.32,2.28,2.28,1000
ETFDAX,20180806,512.90,514.80,510.00,513.00,15
ETFSP500,20180806,106.50,107.40,106.34,107.20,484
ETFW20L,20180806,275.90,276.00,274.00,274.25,233
EUCO,20180806,7.62,7.62,7.08,7.62,1855
EUROCASH,20180806,18.88,18.88,18.51,18.75,119033
EUROHOLD,20180806,3.68,4.02,3.68,4.02,72
EUROTEL,20180806,19.65,19.85,19.65,19.65,168
EVEREST,20180806,0.60,0.60,0.60,0.60,20
FAMUR,20180806,5.38,5.48,5.30,5.40,786209
FASING,20180806,16.20,16.70,16.20,16.55,4223
FASTFIN,20180806,0.80,0.82,0.80,0.82,14005
FEERUM,20180806,8.98,8.98,8.10,8.46,309
FERRO,20180806,13.60,13.60,13.50,13.60,72
FERRUM,20180806,4.36,4.36,4.24,4.36,3058
FORTE,20180806,46.00,47.00,45.65,46.40,9574
GETIN,20180806,0.57,0.59,0.56,0.58,686223
GETINOBLE,20180806,0.98,0.99,0.98,0.98,53424
GINOROSSI,20180806,0.54,0.57,0.53,0.57,142376
GLCOSMED,20180806,1.53,1.53,1.53,1.53,2
GOBARTO,20180806,10.20,10.20,9.76,9.80,4310
GORENJE,20180806,51.00,51.00,49.70,49.70,13
GPRE,20180806,5.63,5.65,5.63,5.65,18170
GPW,20180806,40.55,41.50,40.30,40.30,14838
GRAVITON,20180806,1.61,1.62,1.61,1.62,13403
GROCLIN,20180806,4.14,4.20,3.73,3.74,64278
GRODNO,20180806,9.00,9.00,8.80,9.00,1702
GRUPAAZOTY,20180806,42.46,42.68,41.90,42.50,16176
GTC,20180806,9.19,9.20,9.18,9.19,5258
HANDLOWY,20180806,76.70,76.70,74.10,75.20,19404
HARPER,20180806,0.57,0.57,0.54,0.56,15675
HELIO,20180806,10.30,10.30,10.30,10.30,1
HERKULES,20180806,3.07,3.07,3.07,3.07,1000
HOLLYWOOD,20180806,1.04,1.05,0.97,1.05,7404
HYDROTOR,20180806,43.80,43.80,43.60,43.80,31
I2DEV,20180806,16.50,16.50,16.20,16.20,1000
IDEABANK,20180806,7.06,7.06,6.80,7.06,17992
IFCAPITAL,20180806,0.67,0.69,0.67,0.69,7864
IFIRMA,20180806,3.31,3.31,3.26,3.26,1339
IMCOMPANY,20180806,11.95,11.95,11.75,11.90,215
IMMOBILE,20180806,3.56,3.56,3.48,3.54,1922
IMPEL,20180806,16.00,16.00,15.30,15.30,9
IMPERA,20180806,1.23,1.23,1.23,1.23,3
IMPEXMET,20180806,4.12,4.16,4.12,4.12,1805
IMS,20180806,3.44,3.44,3.40,3.44,1482
INC,20180806,1.12,1.12,1.07,1.07,2270
INDYKPOL,20180806,72.50,72.50,72.50,72.50,1
INGBSK,20180806,180.00,180.80,176.20,176.40,15656
INPRO,20180806,5.80,5.80,5.80,5.80,1
INTERAOLT,20180806,9.28,9.28,9.04,9.04,22959
INTERCARS,20180806,274.00,274.50,265.50,272.50,264
INTERSPPL,20180806,1.95,1.95,1.95,1.95,6
INTLBCO20651,20180806,57.80,57.80,57.80,57.80,40
INTLBCO21238,20180806,23.50,23.50,23.50,23.50,27
INTLBMW16600,20180806,5.65,5.73,5.65,5.71,19706
INTLDAX17418,20180806,38.99,45.80,38.99,40.10,460
INTLDAX21196,20180806,29.95,29.95,29.95,29.95,33
INTLDAX21618,20180806,20.34,25.30,18.92,19.60,1964
INTLEUD16493,20180806,28.00,28.59,27.69,28.59,225
INTLEUD18150,20180806,18.60,19.53,18.60,19.53,210
INTLEUD19133,20180806,8.89,8.89,8.26,8.26,586
INTLEUR21162,20180806,31.10,31.10,31.10,31.10,330
INTLEUR21253,20180806,12.28,13.36,12.17,12.17,3207
INTLGBU17673,20180806,20.00,20.00,20.00,20.00,80
INTLGLD09621,20180806,31.97,32.06,30.48,30.70,455
INTLGLD09746,20180806,47.87,47.95,47.87,47.95,60
INTLKGH12203,20180806,41.76,41.76,41.76,41.76,50
INTLNDX10629,20180806,126.90,126.90,126.90,126.90,39
INTLPGN04200,20180806,2.00,2.00,2.00,2.00,248
INTLPKN13060,20180806,39.68,39.68,39.68,39.68,100
INTLPKN17111,20180806,20.90,20.90,19.88,20.14,400
INTLPKO18812,20180806,8.66,8.68,8.66,8.68,1495
INTLPZU15610,20180806,20.05,20.05,20.05,20.05,20
INTLSLV12054,20180806,8.25,8.30,8.25,8.30,310
INTLSP520560,20180806,13.48,13.48,13.48,13.48,150
INTLUSD21261,20180806,21.47,21.47,19.57,19.57,48
INTLUSD21279,20180806,25.06,26.35,24.58,24.58,265
INTLUSD21360,20180806,14.67,15.70,14.45,14.45,698
INTLUSJ16360,20180806,34.94,34.94,34.94,34.94,15
INTLVOW19653,20180806,11.55,11.65,11.55,11.65,7609
INTLW2017384,20180806,3.03,3.03,3.03,3.03,350
INTLW2021600,20180806,2.03,2.20,2.03,2.20,8150
INTLW2021691,20180806,1.29,1.49,1.29,1.39,11200
INTROL,20180806,4.12,4.15,4.00,4.15,4146
INTSCDR21733,20180806,10.79,10.79,10.79,10.79,100
INTSDAX18424,20180806,44.60,47.33,43.50,47.33,180
INTSDAX18952,20180806,60.60,60.60,60.60,60.60,10
INTSDAX19968,20180806,71.60,72.00,71.60,71.60,830
INTSDAX20180,20180806,80.95,80.95,80.95,80.95,65
INTSDAX21303,20180806,37.60,37.60,37.60,37.60,31
INTSDAX21550,20180806,25.61,27.00,19.99,24.53,990
INTSDOW20271,20180806,85.20,85.20,85.20,85.20,50
INTSEUR12500,20180806,29.86,29.86,29.86,29.86,60
INTSGLD21451,20180806,68.10,68.10,68.10,68.10,501
INTSKGH21055,20180806,27.58,27.84,27.58,27.84,160
INTSNDX20768,20180806,14.04,14.25,14.04,14.25,630
INTSPKN19828,20180806,51.30,51.30,51.10,51.10,216
INTSPKO20693,20180806,14.58,14.58,14.06,14.06,1353
INTSPZU19638,20180806,10.90,10.90,10.13,10.13,104
INTSSP520578,20180806,5.35,5.50,5.35,5.50,2635
INTSSP520776,20180806,11.22,11.24,11.03,11.03,5393
INTSUSD18531,20180806,21.39,21.39,19.52,19.52,231
INTSW2020867,20180806,3.02,3.03,3.02,3.03,2250
INTSW2020958,20180806,1.24,1.35,1.00,1.00,47862
INTSW2020966,20180806,1.55,1.55,1.42,1.42,2575
INTSW2020974,20180806,1.71,1.71,1.71,1.71,3700
INVISTA,20180806,0.90,0.90,0.90,0.90,270
INVPEFIZ,20180806,700.00,700.00,696.00,696.00,4
IPOPEMA,20180806,1.24,1.28,1.24,1.24,64118
IQP,20180806,0.69,0.69,0.67,0.68,22789
ITMTRADE,20180806,2.30,2.31,2.18,2.25,15922
IZOBLOK,20180806,43.40,43.40,42.50,43.10,1268
IZOLACJA,20180806,1.72,1.72,1.72,1.72,54
JHMDEV,20180806,1.58,1.58,1.48,1.53,9826
JSW,20180806,77.34,78.92,76.48,78.92,74881
JWCONSTR,20180806,3.36,3.36,3.35,3.35,2350
JWWINVEST,20180806,1.15,1.15,1.15,1.15,10
K2INTERNT,20180806,14.00,14.05,13.95,13.95,4097
KANIA,20180806,1.01,1.14,1.00,1.07,2776871
KCI,20180806,0.77,0.80,0.77,0.80,11
KDMSHIPNG,20180806,2.00,2.00,2.00,2.00,1000
KERNEL,20180806,51.80,52.30,50.90,52.00,12666
KETY,20180806,332.00,334.50,328.00,334.00,372
KGHM,20180806,92.74,92.84,91.52,92.48,179876
KGL,20180806,15.50,16.50,15.10,16.50,3428
KINOPOL,20180806,12.00,12.00,11.25,11.50,1643
KOGENERA,20180806,67.40,67.80,67.00,67.80,72
KOMPUTRON,20180806,4.45,4.45,4.38,4.40,3228
KONSSTALI,20180806,24.40,25.50,24.30,25.50,1857
KOPEX,20180806,1.69,1.71,1.52,1.54,554655
KREC,20180806,5.82,5.82,5.82,5.82,1
KREZUS,20180806,2.39,2.61,2.29,2.33,2587240
KRUK,20180806,217.00,218.00,210.00,210.00,30667
KRUSZWICA,20180806,63.20,63.20,62.00,62.00,132
KRVITAMIN,20180806,6.10,6.44,5.96,6.44,2579
KSGAGRO,20180806,1.15,1.16,1.15,1.16,2350
LABOPRINT,20180806,13.10,13.10,12.80,13.10,202
LARQ,20180806,10.00,10.00,9.68,10.00,210
LCCORP,20180806,2.35,2.35,2.28,2.29,485238
LENA,20180806,3.00,3.04,2.85,2.88,45751
LENTEX,20180806,7.80,7.80,7.80,7.80,130
LIBET,20180806,1.27,1.27,1.27,1.27,2
LIVECHAT,20180806,32.50,32.50,30.40,30.80,36666
LMDSFIZ,20180806,1146.00,1146.00,1146.00,1146.00,10
LOKUM,20180806,17.20,17.20,17.20,17.20,50
LOTOS,20180806,67.06,67.06,64.88,65.50,270338
LPP,20180806,9065.00,9065.00,8920.00,8925.00,1032
LSISOFT,20180806,11.05,11.10,10.80,11.00,1590
LUBAWA,20180806,0.88,0.89,0.85,0.89,76866
MABION,20180806,111.40,113.20,110.20,113.00,4444
MAKARONPL,20180806,4.96,4.96,4.74,4.74,3583
MANGATA,20180806,91.00,91.00,90.00,90.00,21
MARVIPOL,20180806,4.40,4.40,3.99,4.02,20453
MASTERPHA,20180806,3.85,4.00,3.85,3.97,9131
MAXCOM,20180806,17.00,17.05,16.50,17.05,729
MBANK,20180806,420.60,421.60,412.20,412.20,16245
MBWS,20180806,32.40,32.40,32.00,32.00,121
MCI,20180806,10.15,10.15,10.10,10.10,42666
MDIENERGIA,20180806,3.09,3.09,2.90,3.09,452
MEDICALG,20180806,104.20,108.60,99.50,99.50,7244
MEDYCZNYFIZ,20180806,115.50,115.50,115.50,115.50,5
MERCATOR,20180806,17.25,17.50,17.20,17.45,1750
MERCOR,20180806,9.80,9.90,9.60,9.70,830
MEXPOLSKA,20180806,3.90,3.90,3.70,3.70,3984
MFO,20180806,26.50,26.50,26.50,26.50,2
MILLENNIUM,20180806,9.09,9.23,9.06,9.23,317348
MIRACULUM,20180806,1.51,1.51,1.44,1.44,4391
MIRBUD,20180806,1.10,1.12,1.09,1.10,25317
MLSYSTEM,20180806,32.00,32.19,31.80,32.09,330
MOL,20180806,37.34,37.34,37.34,37.34,20
MONNARI,20180806,7.30,7.45,7.30,7.43,2710
MORIZON,20180806,1.99,1.99,1.98,1.98,175
MOSTALPLC,20180806,7.36,7.36,7.36,7.36,1
MOSTALWAR,20180806,3.05,3.05,2.95,3.03,41859
MWTRADE,20180806,4.50,4.58,4.50,4.58,680
NETIA,20180806,4.83,4.89,4.83,4.84,1675
NETMEDIA,20180806,9.45,10.20,9.45,10.20,280
NEUCA,20180806,259.00,259.00,252.50,257.50,100
NEWAG,20180806,17.80,17.95,17.80,17.95,70
NORTCOAST,20180806,4.76,4.76,4.76,4.76,16
NOVATURAS,20180806,49.00,50.00,48.50,50.00,544
NOVITA,20180806,43.10,45.60,43.10,45.60,458
NOWAGALA,20180806,0.96,0.96,0.96,0.96,491
NTTSYSTEM,20180806,2.70,2.77,2.70,2.77,285
OAT,20180806,28.31,28.31,28.31,28.31,101
ODLEWNIE,20180806,3.50,3.50,3.42,3.42,220
OEX,20180806,18.50,18.50,18.50,18.50,5
OPENFIN,20180806,0.68,0.69,0.65,0.67,25625
OPONEO.PL,20180806,34.10,34.90,34.00,34.00,566
OPTEAM,20180806,6.55,6.70,6.55,6.55,250
ORANGEPL,20180806,4.94,5.05,4.94,5.01,1112455
ORBIS,20180806,87.00,87.20,86.60,86.60,3401
ORCOGROUP,20180806,1.73,1.73,1.73,1.73,670
ORION,20180806,6.85,6.85,6.45,6.85,801
ORZBIALY,20180806,12.85,13.10,12.85,13.10,1141
OTLOG,20180806,16.10,16.10,16.10,16.10,1
OTMUCHOW,20180806,1.93,1.93,1.93,1.93,2
OTMUCHOW-PDA,20180806,1.95,1.95,1.95,1.95,1
PAMAPOL,20180806,1.04,1.10,1.04,1.10,59878
PANOVA,20180806,18.15,18.15,18.15,18.15,1100
PBKM,20180806,72.00,74.00,72.00,74.00,530
PCCEXOL,20180806,1.64,1.64,1.64,1.64,20
PCCROKITA,20180806,98.00,98.00,97.00,97.80,696
PCM,20180806,11.95,11.95,11.60,11.75,1923
PEKAO,20180806,111.50,111.50,109.75,111.50,362806
PEMANAGER,20180806,27.50,29.30,27.50,28.80,4412
PEP,20180806,18.00,18.00,17.65,17.90,2230
PEPEES,20180806,1.36,1.36,1.35,1.36,6285
PFLEIDER,20180806,37.10,38.30,36.70,37.00,7969
PGE,20180806,9.81,9.85,9.67,9.82,514275
PGNIG,20180806,5.55,5.61,5.50,5.52,1659062
PGO,20180806,3.81,3.81,3.81,3.81,14
PGSSOFT,20180806,10.90,10.90,10.75,10.75,50642
PHN,20180806,11.55,11.55,11.50,11.50,75
PKNORLEN,20180806,93.66,93.78,92.08,93.30,286676
PKOBP,20180806,41.50,42.12,40.91,42.12,1009162
PKOSO,20180806,109.70,109.70,109.70,109.70,100
PKPCARGO,20180806,46.65,47.90,46.30,46.60,23283
PLASTBOX,20180806,1.99,2.00,1.96,2.00,74073
PLAY,20180806,21.60,21.60,21.30,21.40,451638
PLAYWAY,20180806,159.00,167.00,159.00,165.00,21442
PLAZACNTR,20180806,3.15,3.15,2.84,2.84,165
POLICE,20180806,16.45,17.20,16.45,17.20,905
POLIMEXMS,20180806,4.22,4.25,4.12,4.15,251195
POLMED,20180806,2.88,2.90,2.86,2.90,8357
POLNORD,20180806,9.00,9.07,9.00,9.00,15795
POLWAX,20180806,7.30,7.30,7.14,7.30,17531
POZBUD,20180806,3.75,3.75,3.62,3.63,220
PRAGMAFA,20180806,14.90,15.00,14.90,15.00,245
PRAIRIE,20180806,1.33,1.34,1.26,1.32,188440
PROCAD,20180806,1.52,1.61,1.52,1.61,193
PROCHEM,20180806,12.65,13.10,12.15,12.80,3182
PROJPRZEM,20180806,19.40,19.40,19.00,19.30,143
PROTEKTOR,20180806,4.05,4.05,3.92,4.05,4176
PULAWY,20180806,113.00,113.50,112.00,113.00,46
PZU,20180806,41.12,41.89,40.75,41.82,721728
PZUAKORD,20180806,111.20,111.20,111.20,111.20,130
QMULTIFIZ,20180806,1021.10,1023.00,1011.10,1023.00,50
QUANTUM,20180806,21.40,22.10,21.40,22.10,3403
QUERCUS,20180806,3.58,3.60,3.46,3.50,92846
QUMAK,20180806,1.70,1.74,1.54,1.59,722936
R22,20180806,19.40,19.40,19.00,19.00,2
RADPOL,20180806,1.60,1.60,1.56,1.59,2180
RAFAKO,20180806,3.64,3.67,3.52,3.52,55556
RAFAMET,20180806,12.90,12.90,12.80,12.80,198
RAINBOW,20180806,27.60,28.30,26.70,27.20,5383
RANKPROGR,20180806,1.93,1.93,1.86,1.90,6504
RAWLPLUG,20180806,8.92,8.96,8.50,8.96,20871
RCESX7E0621,20180806,921.40,921.40,921.40,921.40,108
RCFL2GOLD,20180806,47.98,47.98,47.98,47.98,40
RCFL2SUGA,20180806,1.70,1.70,1.70,1.70,25
RCFL3CDPRO1,20180806,47.94,48.41,47.94,48.41,120
RCFL3COPP,20180806,14.19,14.19,14.19,14.19,250
RCFL3FDX,20180806,171.00,171.00,171.00,171.00,30
RCFL3GOLD,20180806,25.35,25.35,25.35,25.35,80
RCFL3KGH,20180806,5.76,5.80,5.76,5.80,1400
RCFL3OIL2,20180806,339.40,339.40,339.40,339.40,19
RCFL3OPL,20180806,6.40,6.40,6.40,6.40,1000
RCFL3SILVE,20180806,4.10,4.18,4.10,4.11,12266
RCFL3TPE,20180806,37.52,37.52,37.52,37.52,400
RCFL5COCO1,20180806,2.20,2.20,2.20,2.20,750
RCFL5OIL,20180806,26.02,27.11,26.02,27.00,245
RCFL5PLAT1,20180806,6.03,6.03,6.03,6.03,1000
RCFL5SILVE,20180806,4.35,4.35,4.30,4.30,606
RCFODAOPEN,20180806,35.29,35.29,35.29,35.29,15
RCFS3ADS1,20180806,18.70,18.70,18.70,18.70,500
RCFS3CCC,20180806,15.51,16.46,15.51,16.46,668
RCFS3CDPRO1,20180806,1.05,1.05,1.05,1.05,960
RCFS3COPP,20180806,3.50,3.50,3.50,3.50,150
RCFS3KGH,20180806,5.29,5.29,5.16,5.16,1475
RCFS3OIL,20180806,19.80,19.80,19.80,19.80,100
RCFS3PZU,20180806,4.14,4.14,4.14,4.14,5000
RCFS3TPE,20180806,42.26,42.26,42.26,42.26,300
RCFS4ESX,20180806,1.50,1.50,1.50,1.50,150
RCFS4LIGH,20180806,1.36,1.36,1.36,1.36,100
RCFS5WHT1,20180806,4.48,4.48,4.18,4.18,1247
RCGCOMB0522,20180806,1015.90,1015.90,1015.90,1015.90,40
RCGLDAOPEN,20180806,448.60,448.60,447.70,447.70,16
RCGSLV290920,20180806,1040.00,1040.00,1040.00,1040.00,101
RCGSXHC0222,20180806,997.80,997.80,997.80,997.80,39
RCLLCOOPEN,20180806,14.68,14.68,14.68,14.68,70
RCLOILAOPEN,20180806,28.22,28.22,28.22,28.22,100
RCRBSPX0522,20180806,706.20,706.20,706.20,706.20,141
RCRPEO0119,20180806,991.80,991.80,991.80,991.80,291
RCSDGP0720,20180806,999.40,999.40,999.40,999.40,10
RCSILAOPEN,20180806,56.75,56.75,56.75,56.75,65
RCWHTAOPEN,20180806,5.40,5.40,5.40,5.40,1000
RCWHTAOPEN1,20180806,15.35,15.53,15.35,15.53,300
REDAN,20180806,0.95,0.95,0.95,0.95,777
RELPOL,20180806,7.58,7.58,7.30,7.30,1200
REMAK,20180806,9.98,10.00,9.26,10.00,1907
RONSON,20180806,1.16,1.16,1.13,1.16,9751
ROPCZYCE,20180806,26.50,26.50,26.50,26.50,1409
RUBICON,20180806,1.13,1.13,1.12,1.12,3
SANOK,20180806,32.30,32.80,32.30,32.30,1963
SANWIL,20180806,0.61,0.61,0.61,0.61,375
SELENAFM,20180806,12.80,12.80,12.80,12.80,100
SELVITA,20180806,57.50,57.50,57.00,57.50,1772
SERINUS,20180806,0.82,0.86,0.81,0.82,254439
SESCOM,20180806,20.80,20.80,20.80,20.80,50
SETANTA,20180806,1.60,1.70,1.50,1.60,43500
SFINKS,20180806,0.95,0.96,0.94,0.96,14654
SIMPLE,20180806,6.20,6.20,6.20,6.20,2
SKARBIEC,20180806,27.00,27.30,27.00,27.10,603
SKYLINE,20180806,0.92,0.92,0.92,0.92,1435
SNIEZKA,20180806,69.50,69.50,69.50,69.50,4
SOHODEV,20180806,1.36,1.40,1.29,1.37,27814
SOLAR,20180806,0.71,0.75,0.71,0.75,14601
SONEL,20180806,6.40,6.40,6.40,6.40,10
STALEXP,20180806,3.59,3.59,3.40,3.43,379358
STALPROD,20180806,469.50,490.00,468.00,475.00,2041
STELMET,20180806,12.50,12.50,12.50,12.50,24
SUNEX,20180806,2.90,2.90,2.78,2.89,1053
SUWARY,20180806,14.50,14.50,14.50,14.50,1
SWISSMED,20180806,1.23,1.27,1.23,1.27,1856
SYGNITY,20180806,3.72,3.80,3.54,3.54,28630
SYNEKTIK,20180806,15.40,15.40,14.50,15.40,1408
TALEX,20180806,16.00,16.00,15.40,15.40,51
TATRY,20180806,126.00,126.00,126.00,126.00,10
TAURONPE,20180806,2.24,2.24,2.21,2.22,1372787
TERMOREX,20180806,0.92,0.92,0.92,0.92,26
TESGAS,20180806,2.10,2.16,2.10,2.16,3485
TIM,20180806,7.88,8.44,7.70,8.44,19918
TORPOL,20180806,5.46,6.00,5.40,6.00,161023
TOWERINVT,20180806,27.10,27.90,25.30,27.90,328
TOYA,20180806,13.40,13.40,13.40,13.40,5
TRAKCJA,20180806,4.14,4.71,4.14,4.71,2207242
TRANSPOL,20180806,4.00,4.00,4.00,4.00,1
TRIGONPP,20180806,98.05,99.29,88.41,91.00,1090
TRIGONPP2,20180806,102.00,102.00,102.00,102.00,9
TRIGONPP3,20180806,98.50,98.50,98.00,98.00,89
TRIGONPP4,20180806,96.70,96.70,96.70,96.70,52
TRIGONPP7,20180806,95.10,95.80,93.00,93.00,370
TRIGONPP8,20180806,97.00,97.20,97.00,97.20,155
TRITON,20180806,2.54,2.62,2.52,2.62,3750
TSGAMES,20180806,103.00,103.48,97.52,99.50,16852
TXM,20180806,1.53,1.53,1.53,1.53,2272
UCEXIBEX0421,20180806,103.40,103.40,103.40,103.40,150
ULMA,20180806,68.50,71.00,67.50,71.00,847
UNIBEP,20180806,5.66,5.78,5.66,5.78,18791
UNICREDIT,20180806,61.43,61.43,61.43,61.43,18000
UNIMA,20180806,2.61,2.61,2.61,2.61,150
UNIMOT,20180806,10.00,10.00,9.52,10.00,3068
URSUS,20180806,2.45,2.45,2.29,2.38,543810
VENTUREIN,20180806,2.60,2.60,2.60,2.60,1
VIGOSYS,20180806,334.00,334.00,333.00,334.00,93
VINDEXUS,20180806,8.42,8.50,8.38,8.40,1918
VISTAL,20180806,0.70,0.80,0.70,0.80,15435
VISTULA,20180806,4.22,4.23,4.19,4.20,128892
VIVID,20180806,4.08,4.08,3.81,3.95,68466
VOTUM,20180806,6.92,6.92,6.52,6.60,8604
VOXEL,20180806,27.30,27.50,27.10,27.50,130
WADEX,20180806,4.82,4.82,4.54,4.70,3276
WASKO,20180806,1.95,1.95,1.90,1.91,2213
WAWEL,20180806,862.00,880.00,862.00,872.00,118
WIELTON,20180806,11.92,11.92,11.68,11.70,7727
WIKANA,20180806,0.53,0.53,0.51,0.51,3538
WIRTUALNA,20180806,48.30,48.30,48.00,48.00,18605
WITTCHEN,20180806,18.15,18.15,17.20,17.70,601
WOJAS,20180806,5.04,5.16,5.00,5.16,2321
WORKSERV,20180806,1.36,1.36,1.30,1.34,92074
XTB,20180806,6.38,6.40,6.20,6.30,102198
YOLO,20180806,2.30,2.30,2.22,2.29,12
ZEPAK,20180806,9.20,9.21,9.00,9.00,9842
ZPUE,20180806,117.00,117.00,115.00,115.00,393
ZUE,20180806,5.94,6.10,5.94,6.00,2973
ZYWIEC,20180806,464.00,464.00,464.00,464.00,3
INVESTORMS,20180806,4067.85,4069.73,4067.85,4069.73,113895.070
MWIG40,20180806,4316.16,4319.96,4291.71,4301.74,82822.459
MWIG40TR,20180806,5431.43,5431.43,5429.32,5431.38,82822.459
RESPECT,20180806,2735.09,2738.35,2716.76,2736.35,184972.512
SWIG80,20180806,13031.21,13031.21,12912.75,12929.94,44703.332
SWIG80TR,20180806,15475.48,15475.48,15448.88,15457.84,44703.332
WIG,20180806,59656.62,59707.80,59257.38,59707.80,421410.178
WIG-BANKI,20180806,7855.56,7889.54,7779.35,7889.54,125995.419
WIG-BUDOW,20180806,2147.52,2161.70,2137.55,2155.61,13504.785
WIG-CEE,20180806,1122.15,1123.42,1122.15,1123.00,1100.801
WIG-CHEMIA,20180806,12163.61,12163.61,12016.35,12100.64,1988.547
WIG-ENERG,20180806,2397.55,2417.78,2383.31,2408.88,14224.196
WIG-GORNIC,20180806,3648.02,3686.61,3626.77,3677.50,23533.727
WIG-INFO,20180806,2086.34,2086.37,2060.65,2076.63,22576.800
WIG-LEKI,20180806,5927.00,6049.06,5921.14,6017.22,1697.154
WIG-MEDIA,20180806,4746.70,4750.37,4630.08,4630.08,1402.389
WIG-MOTO,20180806,4657.25,4666.64,4523.09,4548.17,8914.408
WIG-NRCHOM,20180806,2120.20,2121.87,2098.62,2100.86,2452.003
WIG-ODZIEZ,20180806,6838.57,6838.57,6752.44,6761.16,25811.341
WIG-PALIWA,20180806,6669.59,6680.54,6573.32,6633.88,53862.022
WIG-POLAND,20180806,60485.84,60889.44,60485.84,60889.44,418630.530
WIG-SPOZYW,20180806,3616.07,3649.72,3578.29,3633.05,4045.217
WIG-TELKOM,20180806,639.37,647.53,635.13,645.88,19493.739
WIG-UKRAIN,20180806,449.74,454.11,449.74,452.70,801.103
WIG20,20180806,2290.10,2295.82,2267.30,2295.82,282889.396
WIG20LEV,20180806,680.57,683.96,667.05,683.96,282889.396
WIG20SHORT,20180806,3419.17,3453.25,3410.60,3410.60,282889.396
WIG20TR,20180806,3972.75,4010.75,3972.75,4010.75,282889.396
WIG30,20180806,2621.25,2626.60,2600.06,2626.60,343546.519
WIG30TR,20180806,4504.23,4538.64,4504.23,4538.64,343546.519
WIGDIV,20180806,1102.47,1102.47,1093.81,1100.60,150511.799
