11BIT,20181023,298.00,302.00,288.00,293.50,16949
4FUNMEDIA,20181023,13.80,13.80,13.20,13.75,717
ABCDATA,20181023,0.89,0.89,0.84,0.85,339004
ABMSOLID,20181023,9.50,9.90,9.50,9.90,418
ABPL,20181023,20.10,20.30,19.55,19.75,277
ACAUTOGAZ,20181023,42.10,42.10,42.10,42.10,10
ACTION,20181023,3.47,3.70,3.47,3.48,4879
AGORA,20181023,9.06,9.10,9.04,9.04,3052
AGROTON,20181023,3.50,3.50,3.17,3.27,6964
AILLERON,20181023,11.50,11.50,11.05,11.05,2531
AIRWAY,20181023,0.73,0.73,0.67,0.68,30351
ALCHEMIA,20181023,4.44,4.57,4.44,4.57,2742
ALIOR,20181023,60.00,60.00,58.65,59.00,314076
ALTA,20181023,1.81,1.85,1.79,1.85,25700
ALTUSTFI,20181023,2.00,2.04,1.96,2.00,73929
ALUMETAL,20181023,43.20,44.70,43.00,44.70,2818
AMBRA,20181023,11.15,11.15,10.40,11.00,34130
AMICA,20181023,110.40,111.60,108.80,111.00,2521
AMREST,20181023,40.20,40.85,39.90,40.00,211638
APATOR,20181023,24.70,24.90,24.70,24.70,834
APLISENS,20181023,10.40,10.40,10.40,10.40,30
ARCHICOM,20181023,11.70,11.70,11.60,11.60,300
ARCTIC,20181023,3.73,3.73,3.66,3.66,2189
ARTERIA,20181023,6.14,6.14,6.14,6.14,2
ARTIFEX,20181023,7.10,7.10,6.60,7.00,1399
ASBIS,20181023,2.64,2.70,2.53,2.56,85989
ASSECOBS,20181023,24.40,24.40,24.40,24.40,40
ASSECOPOL,20181023,45.46,47.34,45.44,45.86,118338
ASSECOSEE,20181023,11.60,11.60,11.60,11.60,10
ASTARTA,20181023,31.40,31.40,29.80,29.80,3005
ATAL,20181023,31.00,31.20,30.50,31.00,249
ATLANTAPL,20181023,3.36,3.37,3.36,3.37,305
ATLANTIS,20181023,0.45,0.48,0.44,0.48,19017
ATM,20181023,9.84,9.84,9.80,9.82,132
ATMGRUPA,20181023,5.42,5.42,5.10,5.38,1002
ATREM,20181023,2.01,2.01,1.96,1.96,4199
AUTOPARTN,20181023,3.88,3.88,3.75,3.75,40683
BAHOLDING,20181023,1.86,1.87,1.68,1.72,281936
BALTONA,20181023,9.92,9.92,9.32,9.80,8611
BBIDEV,20181023,0.58,0.58,0.57,0.58,141243
BEDZIN,20181023,23.60,23.60,23.60,23.60,10
BENEFIT,20181023,920.00,920.00,902.00,904.00,185
BETACOM,20181023,15.00,15.00,15.00,15.00,2
BGZBNPP,20181023,48.00,48.00,46.20,46.30,898
BIK,20181023,15.45,15.45,15.45,15.45,2
BIOMEDLUB,20181023,1.14,1.15,1.12,1.15,17010
BIOTON,20181023,6.18,6.35,6.09,6.10,32706
BOGDANKA,20181023,57.00,58.60,55.60,56.70,9866
BORYSZEW,20181023,4.95,4.95,4.76,4.80,336770
BOS,20181023,6.46,6.50,6.44,6.50,1445
BRASTER,20181023,1.26,1.29,1.16,1.27,359820
BSCDRUK,20181023,37.00,37.00,37.00,37.00,2
BUDIMEX,20181023,110.00,111.00,107.40,107.40,3061
BYTOM,20181023,2.58,2.58,2.46,2.50,12392
CAPITAL,20181023,2.28,2.28,2.28,2.28,1000
CCC,20181023,209.20,209.60,204.00,204.00,30932
CDPROJEKT,20181023,154.60,154.60,142.20,144.30,901334
CDRL,20181023,24.00,24.00,21.60,22.40,1328
CELTIC,20181023,6.60,6.60,6.60,6.60,37
CEZ,20181023,90.00,90.00,90.00,90.00,694
CIECH,20181023,43.50,43.50,42.32,42.38,38661
CIGAMES,20181023,0.88,0.89,0.87,0.89,223903
CITYSERV,20181023,12.00,12.00,11.00,12.00,4300
CLNPHARMA,20181023,30.00,31.00,29.70,30.00,7021
CNT,20181023,12.00,12.05,12.00,12.00,935
COGNOR,20181023,1.84,1.84,1.76,1.84,1416
COMARCH,20181023,165.50,170.00,161.50,169.00,457
COMP,20181023,64.50,64.50,64.50,64.50,5
CORMAY,20181023,1.01,1.02,0.99,1.01,68606
CPGROUP,20181023,5.20,5.20,5.20,5.20,2
CYFRPLSAT,20181023,23.44,23.60,22.90,23.12,227332
DEBICA,20181023,108.50,109.50,106.00,106.00,201
DECORA,20181023,11.00,11.00,10.90,10.95,965
DEKPOL,20181023,37.40,37.40,35.00,37.40,1977
DGA,20181023,8.34,8.34,8.10,8.30,643
DINOPL,20181023,86.90,89.50,86.15,89.00,211144
DOMDEV,20181023,66.80,67.80,65.80,67.80,7363
DROZAPOL,20181023,1.61,1.61,1.53,1.61,380
ECHO,20181023,4.02,4.02,3.90,3.93,50646
EDINVEST,20181023,1.95,1.95,1.94,1.94,259
EFEKT,20181023,21.70,21.70,20.80,21.60,302
EKOEXPORT,20181023,3.07,3.11,3.03,3.07,11138
ELBUDOWA,20181023,38.00,38.00,36.50,36.90,490
ELEKTROTI,20181023,4.02,4.02,3.90,3.90,822
ELEMENTAL,20181023,1.47,1.47,1.36,1.38,176698
ELKOP,20181023,0.45,0.48,0.45,0.48,10431
EMCINSMED,20181023,7.20,7.20,7.20,7.20,1
ENAP,20181023,1.07,1.07,1.03,1.07,5002
ENEA,20181023,8.28,8.29,8.00,8.00,918658
ENERGA,20181023,8.30,8.39,8.20,8.22,361167
ENERGOINS,20181023,0.90,0.90,0.88,0.88,13803
ENTER,20181023,18.00,18.00,17.65,17.85,446
ERBUD,20181023,11.80,11.80,11.20,11.20,702
ERG,20181023,48.10,48.10,46.00,46.00,151
ERGIS,20181023,3.49,3.76,3.40,3.50,8993
ESOTIQ,20181023,17.85,17.85,17.05,17.35,3132
ETFDAX,20181023,464.25,464.50,458.50,458.50,194
ETFSP500,20181023,104.70,106.70,103.76,103.76,550
ETFW20L,20181023,262.95,263.65,260.10,262.75,1581
EUCO,20181023,8.90,8.90,8.00,8.00,21
EUROCASH,20181023,21.83,21.90,21.59,21.70,395474
EUROHOLD,20181023,2.80,2.80,2.80,2.80,97
EUROTEL,20181023,17.25,17.25,17.00,17.00,585
EVEREST,20181023,0.62,0.62,0.62,0.62,30
FAMUR,20181023,5.68,5.72,5.48,5.48,35624
FASING,20181023,16.50,16.80,16.30,16.30,969
FEERUM,20181023,5.78,5.80,5.78,5.80,321
FERRO,20181023,12.60,12.60,12.35,12.60,1493
FERRUM,20181023,4.46,4.60,4.44,4.59,2216
FORTE,20181023,37.00,37.00,35.40,35.40,2225
GETINOBLE,20181023,0.54,0.55,0.52,0.52,1820454
GINOROSSI,20181023,0.54,0.56,0.51,0.51,686492
GLCOSMED,20181023,0.70,0.70,0.63,0.63,2758
GOBARTO,20181023,8.86,8.88,8.54,8.88,163
GORENJE,20181023,53.00,53.00,53.00,53.00,1
GPRE,20181023,5.35,5.35,5.25,5.34,702
GPW,20181023,42.30,43.25,42.30,42.35,350086
GRAVITON,20181023,1.50,1.50,1.50,1.50,1
GROCLIN,20181023,3.35,3.44,3.21,3.32,11596
GRODNO,20181023,4.01,4.01,3.90,4.00,989
GRUPAAZOTY,20181023,25.12,25.40,24.04,24.06,218284
GTC,20181023,8.03,8.10,7.99,8.05,57867
HANDLOWY,20181023,70.70,70.70,69.40,70.00,19549
HARPER,20181023,0.19,0.19,0.19,0.19,1001
HELIO,20181023,10.90,10.90,10.90,10.90,1
HERKULES,20181023,2.37,2.49,2.32,2.49,44606
HOLLYWOOD,20181023,1.03,1.03,0.99,0.99,101
HYDROTOR,20181023,36.60,36.60,36.00,36.00,40
IDEABANK,20181023,3.58,3.58,3.41,3.50,10816
IDMSA,20181023,0.70,0.70,0.70,0.70,129
IFCAPITAL,20181023,0.61,0.61,0.61,0.61,34
IFIRMA,20181023,2.25,2.27,2.17,2.20,8902
IIAAV,20181023,87.85,87.85,87.85,87.85,1
IMCOMPANY,20181023,12.80,12.80,12.50,12.80,4
IMMOBILE,20181023,3.27,3.35,3.27,3.35,301
IMPEL,20181023,11.10,11.10,10.30,10.70,5
IMPERA,20181023,0.95,0.97,0.93,0.96,1615
IMPEXMET,20181023,3.24,3.30,3.23,3.25,21606
IMS,20181023,3.76,3.76,3.60,3.64,8162
INC,20181023,1.03,1.07,1.03,1.07,540
INDYKPOL,20181023,67.50,67.50,64.50,64.50,17
INGBSK,20181023,169.00,171.40,169.00,169.60,2114
INPRO,20181023,4.48,4.48,4.48,4.48,1
INSTALKRK,20181023,13.10,13.10,13.05,13.10,12878
INTERAOLT,20181023,6.32,6.32,6.04,6.32,3855
INTERCARS,20181023,259.00,261.50,254.00,254.00,447
INTERFERI,20181023,3.68,3.68,3.68,3.68,10
INTERSPPL,20181023,2.01,2.01,2.01,2.01,4993
INTLADS17350,20181023,28.81,28.81,27.50,27.50,60
INTLBCO19745,20181023,113.70,113.70,113.70,113.70,6
INTLBCO19992,20181023,94.90,94.90,94.90,94.90,11
INTLBCO20651,20181023,73.70,73.70,72.70,72.70,20
INTLBCO21121,20181023,55.75,55.75,51.25,51.25,38
INTLBCO21899,20181023,41.90,41.90,37.39,37.39,123
INTLBMW11031,20181023,9.63,9.63,9.63,9.63,60
INTLCDR22046,20181023,2.72,2.82,1.94,1.95,14181
INTLCDR22053,20181023,4.31,4.31,3.54,3.56,18797
INTLDAX00281,20181023,114.00,115.00,109.40,109.40,1261
INTLDAX12872,20181023,155.00,155.00,155.00,155.00,6
INTLDAX13169,20181023,163.50,163.50,163.50,163.50,5
INTLDAX15016,20181023,57.80,57.80,55.20,55.20,18
INTLDAX15081,20181023,40.50,41.40,40.50,41.40,447
INTLDAX15099,20181023,49.83,49.86,44.50,45.76,570
INTLDAX16477,20181023,32.44,33.06,27.71,30.75,4263
INTLDAX16816,20181023,23.31,23.31,17.00,18.55,7154
INTLDAX17046,20181023,13.35,15.03,9.70,9.70,12947
INTLDBK15834,20181023,6.00,6.00,6.00,6.00,20
INTLESX17053,20181023,10.44,10.44,10.44,10.44,353
INTLEUD16493,20181023,19.97,19.97,19.97,19.97,10
INTLEUD18150,20181023,10.51,10.95,10.36,10.36,1838
INTLEUR21253,20181023,10.68,10.68,10.68,10.68,4
INTLGLD09746,20181023,52.05,54.25,51.40,53.80,1139
INTLGLD11726,20181023,70.65,70.65,70.60,70.60,25
INTLGLD21873,20181023,83.70,86.40,83.70,86.10,245
INTLKGH14852,20181023,21.89,21.89,21.89,21.89,1000
INTLKGH14860,20181023,25.73,25.73,25.73,25.73,18
INTLKGH15024,20181023,17.34,17.34,17.34,17.34,350
INTLKGH16584,20181023,13.49,13.49,13.49,13.49,100
INTLNDX17814,20181023,77.30,77.30,77.30,77.30,9
INTLNDX21204,20181023,39.08,39.08,37.74,37.74,260
INTLNDX21311,20181023,30.43,30.43,27.78,27.78,116
INTLOPL21626,20181023,1.34,1.34,1.34,1.34,1300
INTLPEO12658,20181023,9.55,9.95,9.55,9.95,600
INTLPEO16402,20181023,14.84,14.84,14.84,14.84,7
INTLPGE21337,20181023,3.41,3.41,3.39,3.39,1500
INTLPGE21352,20181023,2.93,2.95,2.86,2.86,9325
INTLPKN16758,20181023,22.38,22.38,22.38,22.38,400
INTLPKN17111,20181023,18.00,18.00,18.00,18.00,30
INTLPKN21683,20181023,11.51,12.49,11.45,11.45,15528
INTLPKN21790,20181023,7.11,7.11,6.84,6.84,267
INTLPZU15800,20181023,21.08,21.08,21.08,21.08,100
INTLPZU16931,20181023,13.28,13.92,13.28,13.78,600
INTLSLV12054,20181023,5.38,5.76,5.38,5.60,10360
INTLSLV21964,20181023,9.40,9.40,9.40,9.40,2300
INTLSP520560,20181023,8.69,8.69,7.31,7.31,5492
INTLUSD20842,20181023,58.90,58.90,58.90,58.90,3
INTLUSD21170,20181023,39.31,39.31,38.18,39.10,350
INTLUSD21261,20181023,23.05,23.65,22.93,23.65,598
INTLUSD21279,20181023,28.27,28.27,28.27,28.27,26
INTLUSJ16360,20181023,37.80,37.80,37.80,37.80,200
INTLVOW15842,20181023,15.80,15.80,15.54,15.54,58
INTLW2012112,20181023,5.80,5.80,5.80,5.80,320
INTLW2016808,20181023,3.56,3.56,3.56,3.56,50
INTLW2017012,20181023,3.25,3.25,3.15,3.15,3500
INTLW2017020,20181023,3.42,3.42,3.37,3.37,1500
INTLW2017145,20181023,2.69,2.69,2.69,2.69,300
INTLW2017384,20181023,1.90,1.90,1.90,1.90,500
INTLW2017400,20181023,2.39,2.39,2.39,2.39,300
INTLW2017426,20181023,1.68,1.76,1.58,1.63,35576
INTLW2021568,20181023,1.20,1.20,1.20,1.20,9000
INTLW2021576,20181023,1.52,1.52,1.52,1.52,2100
INTLW2021600,20181023,0.96,0.99,0.80,0.80,102190
INTROL,20181023,3.80,3.80,3.80,3.80,3
INTSBCO06700,20181023,52.00,55.35,52.00,55.35,154
INTSCDR21733,20181023,15.50,15.50,15.50,15.50,38
INTSCDR22038,20181023,11.11,12.10,11.07,11.85,4594
INTSDAX18424,20181023,99.55,99.55,97.25,97.25,30
INTSDAX18952,20181023,107.40,110.30,107.40,110.30,34
INTSDAX19968,20181023,121.90,121.90,121.90,121.90,1
INTSDAX20180,20181023,136.30,136.30,134.70,134.70,39
INTSDAX21303,20181023,84.80,88.00,84.80,88.00,32
INTSDAX21550,20181023,73.25,77.00,73.25,76.60,210
INTSDAX21840,20181023,62.45,67.50,61.40,65.70,5358
INTSDOW20552,20181023,145.70,153.80,145.50,153.80,50
INTSESX18648,20181023,23.17,23.83,23.17,23.83,375
INTSEUD21436,20181023,32.69,33.27,32.53,33.18,928
INTSGLD01057,20181023,79.85,79.85,79.85,79.85,13
INTSGLD21881,20181023,37.00,39.01,37.00,39.01,108
INTSKGH21055,20181023,35.70,35.70,35.70,35.70,300
INTSNAG17962,20181023,4.43,4.43,4.43,4.43,250
INTSNDX21725,20181023,40.77,44.72,40.77,44.00,893
INTSNDX21857,20181023,56.60,57.55,56.60,57.55,75
INTSPEO10025,20181023,51.70,52.05,51.70,52.05,410
INTSPGE19752,20181023,5.05,5.05,5.05,5.05,985
INTSPGE21048,20181023,2.39,2.44,2.37,2.37,4210
INTSPGN09431,20181023,0.88,0.88,0.88,0.88,158
INTSPGN19679,20181023,1.69,1.69,1.69,1.69,10116
INTSPKN20313,20181023,31.57,32.14,31.04,32.14,2088
INTSPKO20693,20181023,15.24,15.24,15.15,15.24,9700
INTSPZU19638,20181023,9.91,10.02,9.64,10.02,1300
INTSSP520776,20181023,14.49,15.71,14.49,15.60,62117
INTSSP521865,20181023,20.73,21.00,20.52,20.82,2274
INTSUSD17079,20181023,48.80,48.80,48.80,48.80,22
INTSUSD17483,20181023,29.68,29.68,29.68,29.68,20
INTSUSJ17095,20181023,27.33,27.33,27.33,27.33,46
INTSW2005892,20181023,4.87,4.87,4.87,4.87,1000
INTSW2019430,20181023,5.53,5.57,5.53,5.57,800
INTSW2020867,20181023,3.94,3.94,3.94,3.94,100
INTSW2020875,20181023,4.21,4.26,4.21,4.26,240
INTSW2020982,20181023,2.93,2.93,2.88,2.88,2000
INTSW2020990,20181023,3.23,3.31,3.23,3.31,10000
INTSW2021923,20181023,2.66,2.73,2.61,2.70,29507
INVGLDFIZ,20181023,1309.10,1309.10,1305.00,1305.00,45
IPOPEMA,20181023,1.19,1.20,1.19,1.20,39
ITMTRADE,20181023,1.22,1.24,1.22,1.24,980
IZOLACJA,20181023,1.76,1.76,1.76,1.76,1
IZOSTAL,20181023,3.68,3.68,3.56,3.56,2820
JHMDEV,20181023,1.60,1.60,1.60,1.60,1
JSW,20181023,69.22,70.00,68.66,69.30,325477
JWCONSTR,20181023,2.81,2.89,2.76,2.89,7885
JWWINVEST,20181023,1.00,1.00,1.00,1.00,10
K2INTERNT,20181023,11.95,11.95,11.95,11.95,2
KANIA,20181023,1.40,1.42,1.34,1.40,144767
KCI,20181023,0.61,0.61,0.58,0.58,135
KERNEL,20181023,49.60,50.10,49.30,49.30,102504
KETY,20181023,372.00,382.00,370.50,372.00,1367
KGHM,20181023,84.80,85.14,82.84,82.94,504350
KGL,20181023,17.00,17.00,16.50,17.00,9
KINOPOL,20181023,11.50,11.50,11.00,11.30,480
KOGENERA,20181023,53.00,53.00,51.20,53.00,7
KOMPUTRON,20181023,3.47,3.47,3.40,3.40,476
KONSSTALI,20181023,28.40,28.40,27.50,28.00,1251
KPPD,20181023,40.00,40.00,40.00,40.00,1
KRAKCHEM,20181023,1.20,1.20,1.17,1.20,604
KREC,20181023,4.32,4.32,4.23,4.23,4995
KREDYTIN,20181023,13.00,13.00,13.00,13.00,1
KRKA,20181023,242.00,242.00,242.00,242.00,1
KRUK,20181023,200.60,200.60,193.00,195.90,35479
KRUSZWICA,20181023,43.80,43.80,42.40,43.80,231
KRVITAMIN,20181023,5.50,5.50,5.28,5.50,1392
LABOPRINT,20181023,9.90,10.15,9.90,10.15,1620
LARQ,20181023,7.92,7.92,7.88,7.88,976
LCCORP,20181023,2.47,2.49,2.33,2.33,222483
LENA,20181023,2.85,2.85,2.79,2.80,20731
LENTEX,20181023,7.16,7.18,7.00,7.16,5268
LIBET,20181023,1.14,1.14,1.07,1.14,117846
LIVECHAT,20181023,22.00,22.00,21.00,21.60,22287
LOKUM,20181023,17.10,17.10,16.80,16.80,35
LOTOS,20181023,70.30,71.46,68.92,69.46,197853
LPP,20181023,7960.00,8000.00,7855.00,7935.00,1489
LSISOFT,20181023,12.85,12.95,12.45,12.85,1247
LUBAWA,20181023,0.72,0.73,0.71,0.71,8664
MABION,20181023,97.00,97.00,93.60,94.30,10895
MAKARONPL,20181023,4.18,4.40,4.18,4.40,4401
MANGATA,20181023,68.20,69.20,67.00,69.00,1072
MARVIPOL,20181023,3.85,3.85,3.85,3.85,510
MASTERPHA,20181023,4.08,4.14,4.08,4.14,1839
MAXCOM,20181023,15.25,15.65,15.10,15.50,2966
MBANK,20181023,397.00,399.20,394.20,394.80,9645
MBWS,20181023,17.60,17.60,17.60,17.60,6
MCI,20181023,9.70,9.90,9.70,9.90,1611
MDIENERGIA,20181023,3.64,3.64,3.30,3.43,2097
MEDIACAP,20181023,2.00,2.00,1.95,1.95,2405
MEDICALG,20181023,47.90,48.25,44.00,44.10,692
MENNICA,20181023,19.80,19.80,19.80,19.80,48
MERCATOR,20181023,14.30,14.50,14.00,14.00,8342
MERCOR,20181023,9.74,9.74,9.64,9.64,61
MEXPOLSKA,20181023,2.93,2.94,2.76,2.94,3
MFO,20181023,27.80,27.80,27.80,27.80,18
MILLENNIUM,20181023,8.70,8.93,8.68,8.74,749022
MIRACULUM,20181023,1.50,1.56,1.50,1.50,612
MIRBUD,20181023,1.01,1.02,0.96,0.98,62650
MLPGROUP,20181023,44.00,44.00,44.00,44.00,10
MLSYSTEM,20181023,27.66,27.66,26.75,27.39,658
MOBRUK,20181023,36.60,36.60,36.60,36.60,12
MOJ,20181023,0.60,0.60,0.60,0.60,540
MONNARI,20181023,5.50,5.50,5.03,5.11,15558
MORIZON,20181023,1.47,1.47,1.47,1.47,1
MOSTALPLC,20181023,4.21,4.90,4.05,4.90,5225
MOSTALWAR,20181023,2.50,2.50,2.44,2.50,5482
MWTRADE,20181023,2.82,2.90,2.82,2.90,58
NETIA,20181023,4.75,4.75,4.66,4.74,3042
NETMEDIA,20181023,9.60,9.60,9.60,9.60,4994
NEUCA,20181023,240.00,240.00,232.00,232.00,590
NEWAG,20181023,16.65,16.65,16.60,16.60,1281
NORTCOAST,20181023,4.70,4.70,4.70,4.70,10
NOVITA,20181023,46.90,46.90,46.00,46.00,9
NOWAGALA,20181023,0.75,0.75,0.75,0.75,15
NTTSYSTEM,20181023,2.59,2.59,2.54,2.59,382
OAT,20181023,18.39,18.39,17.50,18.39,4625
ODLEWNIE,20181023,3.12,3.12,3.12,3.12,4
OPENFIN,20181023,0.44,0.44,0.41,0.44,25927
OPONEO.PL,20181023,24.40,24.50,24.20,24.50,480
ORANGEPL,20181023,4.55,4.64,4.54,4.60,892151
ORBIS,20181023,74.60,75.40,71.60,71.60,86898
ORION,20181023,7.15,7.15,7.10,7.15,1397
ORZBIALY,20181023,11.80,11.80,11.50,11.60,698
OTLOG,20181023,6.80,6.85,6.80,6.85,122
OTMUCHOW,20181023,1.85,1.85,1.85,1.85,2
OTMUCHOW-PDA,20181023,1.79,1.79,1.79,1.79,2
PAMAPOL,20181023,1.06,1.10,1.06,1.10,10500
PANOVA,20181023,16.70,17.80,16.70,17.80,4968
PATENTUS,20181023,1.11,1.13,1.07,1.07,9052
PBKM,20181023,60.00,60.00,58.60,58.60,44
PCCEXOL,20181023,1.52,1.56,1.52,1.55,360
PCCROKITA,20181023,85.00,85.00,83.20,83.20,494
PCM,20181023,8.84,8.84,8.78,8.78,18909
PEKABEX,20181023,11.90,12.00,11.70,12.00,24070
PEKAO,20181023,101.80,103.60,101.75,102.50,665847
PEMANAGER,20181023,27.80,27.80,27.80,27.80,1
PEP,20181023,20.00,20.00,19.50,19.80,2151
PEPEES,20181023,1.28,1.28,1.28,1.28,1
PFLEIDER,20181023,30.50,31.60,30.50,30.50,3537
PGE,20181023,10.50,10.59,10.34,10.42,3752802
PGNIG,20181023,6.47,6.59,6.41,6.41,4142960
PGO,20181023,2.63,2.77,2.63,2.77,1146
PGSSOFT,20181023,9.50,9.50,9.06,9.16,2634
PHN,20181023,11.40,11.40,10.95,11.00,1315
PKNORLEN,20181023,92.50,93.30,91.00,91.00,718506
PKOBP,20181023,39.72,39.99,39.47,39.51,1341366
PKOSO,20181023,110.15,110.22,110.14,110.22,526
PKPCARGO,20181023,39.45,39.45,38.60,38.60,44270
PLASTBOX,20181023,1.78,1.78,1.78,1.78,352
PLATYNINW,20181023,0.56,0.56,0.47,0.47,34310
PLAY,20181023,17.50,18.13,17.42,17.50,590180
PLAYWAY,20181023,122.50,123.00,116.00,116.50,36966
PLAZACNTR,20181023,4.88,6.00,4.88,6.00,71934
PMPG,20181023,3.18,3.18,2.98,3.12,5771
POLICE,20181023,13.05,13.05,12.95,13.00,4387
POLIMEXMS,20181023,3.35,3.39,3.17,3.18,302377
POLNORD,20181023,9.37,9.54,9.37,9.54,18490
POLWAX,20181023,6.84,6.86,6.40,6.80,19685
POZBUD,20181023,2.58,2.58,2.52,2.56,2043
PRAGMAFA,20181023,16.15,16.50,16.15,16.15,725
PRAGMAINK,20181023,11.85,11.85,11.85,11.85,10
PRAIRIE,20181023,1.12,1.18,1.08,1.14,173613
PRIMETECH,20181023,1.25,1.28,1.19,1.26,35674
PROCAD,20181023,1.50,1.55,1.50,1.54,2101
PROCHEM,20181023,16.95,16.95,16.95,16.95,1
PROJPRZEM,20181023,24.30,24.60,23.80,24.60,770
PROTEKTOR,20181023,4.68,4.68,4.60,4.60,1467
PULAWY,20181023,79.40,80.00,78.40,78.40,469
PZU,20181023,39.10,39.68,38.78,39.18,1844669
PZUAKORD,20181023,111.42,111.43,111.42,111.43,400
QUERCUS,20181023,2.70,2.80,2.67,2.75,2006
QUMAK,20181023,0.68,0.73,0.65,0.69,616542
R22,20181023,16.50,16.50,16.50,16.50,1
RADPOL,20181023,1.31,1.35,1.31,1.35,6624
RAFAKO,20181023,2.11,2.11,2.01,2.03,246816
RAFAMET,20181023,12.00,12.00,11.20,11.20,422
RAINBOW,20181023,16.40,16.65,16.30,16.65,869
RANKPROGR,20181023,1.74,1.79,1.72,1.72,10715
RAWLPLUG,20181023,8.58,8.58,8.22,8.22,551
RCBSX7E1221,20181023,1019.90,1019.90,1019.90,1019.90,590
RCCOCOOPEN,20181023,76.40,76.50,76.40,76.50,57
RCCOFFAOPEN1,20181023,3.62,3.62,3.62,3.62,260
RCFL2OIL,20181023,20.63,20.63,20.63,20.63,500
RCFL2SIE,20181023,113.00,113.00,113.00,113.00,15
RCFL3BAS,20181023,44.21,44.21,42.94,42.94,60
RCFL3CDPRO1,20181023,17.33,17.33,13.84,14.34,45542
RCFL3COCO,20181023,5.25,5.46,5.18,5.18,802
RCFL3COFF,20181023,1.93,2.08,1.93,2.02,6881
RCFL3GOLD,20181023,26.80,27.36,26.80,27.36,3089
RCFL3KGH,20181023,4.07,4.07,3.85,3.86,21198
RCFL3OIL3,20181023,33.20,33.20,32.40,32.46,400
RCFL3OPL,20181023,4.93,4.93,4.93,4.93,126
RCFL3PALL1,20181023,14.64,14.64,14.64,14.64,250
RCFL3PEO,20181023,15.48,15.59,15.48,15.59,208
RCFL3PKO,20181023,30.17,30.17,30.17,30.17,1
RCFL3SILVE,20181023,3.70,3.70,3.55,3.55,1600
RCFL3SUGA,20181023,1.08,1.08,1.08,1.08,40
RCFL3TPE,20181023,18.16,18.16,18.16,18.16,160
RCFL3W20,20181023,65.90,65.90,65.25,65.75,196
RCFL3WHT,20181023,4.10,4.12,4.10,4.12,6858
RCFL4ESX,20181023,194.00,194.00,192.20,192.20,60
RCFL4OIL,20181023,29.07,29.07,29.07,29.07,5
RCFL4SILVE1,20181023,5.19,5.19,5.19,5.19,8
RCFL5COFF,20181023,5.66,6.06,5.66,6.06,272
RCFL5FW202,20181023,8.47,8.47,8.30,8.30,502
RCFL5GOLD,20181023,7.00,7.11,6.84,7.11,1647
RCFL5OIL,20181023,34.50,34.50,31.48,31.79,690
RCFL5SILVE,20181023,3.15,3.26,3.15,3.25,1366
RCFL5SUGA1,20181023,7.80,7.80,7.80,7.80,140
RCFL5WHT1,20181023,5.18,5.18,5.18,5.18,210
RCFS1COFF,20181023,12.18,12.19,12.18,12.19,210
RCFS3ADS1,20181023,14.05,14.21,14.05,14.14,1500
RCFS3ALR,20181023,14.62,14.63,14.62,14.63,2540
RCFS3ALV,20181023,35.34,35.34,35.34,35.34,500
RCFS3CCC,20181023,14.18,14.41,14.18,14.41,1250
RCFS3CDPRO1,20181023,1.60,1.90,1.59,1.89,234879
RCFS3COFF,20181023,17.98,17.98,17.98,17.98,1
RCFS3FDX,20181023,16.00,16.00,15.92,15.92,3575
RCFS3HOT,20181023,54.75,54.75,53.55,54.00,1000
RCFS3KGH,20181023,6.15,6.31,6.15,6.31,1500
RCFS3LPP,20181023,2.32,2.32,2.32,2.32,1000
RCFS3OIL,20181023,15.50,15.54,15.50,15.54,250
RCFS3PKO,20181023,5.25,5.30,5.25,5.30,1880
RCFS3SIE,20181023,7.41,7.41,7.41,7.41,2500
RCFS3SUGA,20181023,22.20,22.20,22.20,22.20,894
RCFS3W20,20181023,34.24,34.58,33.88,34.58,212
RCFS4ESX,20181023,2.08,2.10,2.08,2.10,3602
RCFS4LIGH,20181023,1.23,1.23,1.23,1.23,5000
RCFS4OIL,20181023,0.34,0.35,0.34,0.35,750
RCFS5FW20,20181023,9.34,9.46,9.30,9.34,1550
RCFS5GOLD,20181023,11.60,11.60,11.60,11.60,250
RCGGLD10919,20181023,982.80,982.80,982.80,982.80,34
RCGLDAOPEN,20181023,462.70,463.90,462.10,462.10,38
RCGOIL1022,20181023,922.40,922.40,922.40,922.40,50
RCGOIL1122,20181023,927.40,927.40,927.40,927.40,19
RCGSDGP0821,20181023,951.40,951.40,951.40,951.40,320
RCGSX7E0122,20181023,945.30,945.30,945.30,945.30,12
RCLNAGOPEN,20181023,3.83,3.83,3.83,3.83,1000
RCSILAOPEN,20181023,55.25,55.25,55.10,55.10,64
RCTLCOFF004,20181023,1.73,1.73,1.73,1.73,200
RCTLGOLD09,20181023,3.42,3.42,3.30,3.30,200
REDAN,20181023,0.94,0.94,0.89,0.94,18065
RELPOL,20181023,7.16,7.16,7.16,7.16,277
REMAK,20181023,8.14,8.14,8.14,8.14,1
RONSON,20181023,1.05,1.05,1.05,1.05,1237
ROPCZYCE,20181023,32.20,33.50,31.80,33.00,4267
RUBICON,20181023,0.90,0.90,0.87,0.88,909
SANOK,20181023,26.50,26.90,26.00,26.00,1578
SANPL,20181023,344.60,344.60,338.00,340.80,36992
SANPL2,20181023,310.00,310.00,310.00,310.00,600
SARE,20181023,12.40,12.40,11.40,11.40,1031
SELENAFM,20181023,9.60,9.60,9.45,9.55,990
SELVITA,20181023,54.90,54.90,52.00,53.50,50341
SERINUS,20181023,0.81,0.81,0.78,0.80,39350
SESCOM,20181023,30.00,30.00,30.00,30.00,1
SETANTA,20181023,1.26,1.38,1.17,1.38,3370
SFINKS,20181023,0.85,0.86,0.83,0.86,4707
SILVANO,20181023,12.00,12.00,12.00,12.00,10
SIMPLE,20181023,6.95,6.95,6.95,6.95,1
SKARBIEC,20181023,28.50,28.50,27.90,27.90,42648
SKYLINE,20181023,0.76,0.76,0.76,0.76,1300
SLEEPZAG,20181023,4.98,4.98,4.98,4.98,2
SNIEZKA,20181023,73.00,73.00,73.00,73.00,12
SOHODEV,20181023,1.06,1.08,1.03,1.03,5555
SOLAR,20181023,0.62,0.62,0.62,0.62,6668
STALEXP,20181023,3.18,3.25,3.18,3.24,31584
STALPROD,20181023,368.00,375.00,368.00,371.00,275
STELMET,20181023,7.58,7.58,7.50,7.50,561
SUNEX,20181023,2.67,2.69,2.57,2.69,438
SUWARY,20181023,14.00,14.00,14.00,14.00,2
SWISSMED,20181023,1.00,1.06,1.00,1.06,229
SYGNITY,20181023,3.05,3.05,2.96,3.00,24300
SYNEKTIK,20181023,14.25,14.30,13.70,14.25,10113
TALEX,20181023,13.50,13.50,13.30,13.30,156
TARCZYNSKI,20181023,15.00,15.00,15.00,15.00,50
TATRY,20181023,136.00,137.00,136.00,136.00,80
TAURONPE,20181023,1.83,1.85,1.80,1.80,2640851
TBULL,20181023,25.60,27.40,24.00,25.00,5595
TERMOREX,20181023,0.74,0.74,0.74,0.74,50
TESGAS,20181023,2.56,2.56,2.33,2.33,8529
TIM,20181023,6.78,6.78,6.40,6.60,1718
TORPOL,20181023,4.60,4.60,4.20,4.40,32477
TOWERINVT,20181023,29.20,29.30,27.60,28.60,29592
TRAKCJA,20181023,3.07,3.08,2.98,3.00,223559
TRANSPOL,20181023,2.70,2.70,2.69,2.70,502
TRITON,20181023,2.58,2.60,2.57,2.60,3485
TSGAMES,20181023,74.00,74.00,69.00,73.01,31231
TXM,20181023,0.47,0.51,0.47,0.51,26319
ULMA,20181023,69.50,69.50,69.50,69.50,1
UNIBEP,20181023,4.88,4.98,4.85,4.95,2412
UNICREDIT,20181023,49.54,49.54,49.54,49.54,5
UNIMOT,20181023,9.70,9.70,9.50,9.50,1924
URSUS,20181023,1.79,1.80,1.73,1.73,55501
VIGOSYS,20181023,284.00,292.00,284.00,292.00,57
VINDEXUS,20181023,7.40,7.50,7.38,7.38,482
VISTAL,20181023,0.82,0.82,0.82,0.82,2
VISTULA,20181023,3.78,3.78,3.66,3.75,90521
VIVID,20181023,2.55,2.58,2.32,2.33,98639
VOTUM,20181023,4.76,4.76,4.50,4.50,15797
VOXEL,20181023,25.00,25.00,25.00,25.00,75
WADEX,20181023,4.80,4.80,4.80,4.80,26
WASKO,20181023,1.54,1.54,1.42,1.49,18363
WAWEL,20181023,830.00,832.00,824.00,832.00,33
WIELTON,20181023,10.38,10.40,9.80,9.98,27734
WIKANA,20181023,0.79,0.79,0.79,0.79,199
WIRTUALNA,20181023,52.60,52.60,51.00,51.00,1042
WITTCHEN,20181023,15.50,15.50,15.10,15.10,333
WORKSERV,20181023,0.79,0.79,0.75,0.76,4505
XTB,20181023,4.89,4.89,4.66,4.81,9010
YOLO,20181023,2.27,2.27,2.27,2.27,752
ZASTAL,20181023,0.50,0.50,0.50,0.50,6030
ZEPAK,20181023,7.00,7.00,6.85,6.92,6564
ZPUE,20181023,105.00,105.00,105.00,105.00,1
ZYWIEC,20181023,462.00,462.00,462.00,462.00,23
INVESTORMS,20181023,3647.08,3647.08,3625.13,3625.13,111158.906
MWIG40,20181023,3924.11,3937.81,3886.50,3886.50,119002.331
MWIG40TR,20181023,4956.03,4971.26,4908.53,4908.53,119002.331
RESPECT,20181023,2636.59,2653.94,2623.59,2623.59,344347.426
SWIG80,20181023,11163.70,11178.12,11047.95,11077.89,13716.170
SWIG80TR,20181023,13389.14,13406.09,13251.85,13286.23,13716.170
WIG,20181023,55985.51,56197.01,55490.46,55490.46,753517.049
WIG-BANKI,20181023,7321.73,7367.04,7301.23,7304.14,166117.638
WIG-BUDOW,20181023,1943.27,1944.95,1913.95,1917.21,3951.591
WIG-CEE,20181023,1090.36,1090.36,1090.01,1090.07,5353.162
WIG-CHEMIA,20181023,8358.18,8461.49,8188.78,8188.81,7193.238
WIG-ENERG,20181023,2341.83,2362.34,2322.43,2322.43,54812.796
WIG-GORNIC,20181023,3321.72,3357.56,3285.02,3288.70,65443.221
WIG-INFO,20181023,2000.13,2025.09,1986.15,1999.55,6240.761
WIG-LEKI,20181023,5400.78,5433.77,5298.13,5325.46,1536.612
WIG-MEDIA,20181023,4602.44,4605.23,4515.36,4516.20,161.842
WIG-MOTO,20181023,4130.98,4160.14,4047.86,4047.86,865.534
WIG-NRCHOM,20181023,1974.03,1974.16,1950.61,1965.18,3309.116
WIG-ODZIEZ,20181023,6216.48,6221.24,6145.42,6163.72,19132.869
WIG-PALIWA,20181023,6931.64,6992.39,6829.99,6829.99,106830.749
WIG-POLAND,20181023,57036.74,57036.74,56570.42,56570.42,747342.631
WIG-SPOZYW,20181023,3451.45,3470.60,3433.58,3442.43,5835.670
WIG-TELKOM,20181023,600.96,605.79,597.76,600.89,19767.122
WIG-UKRAIN,20181023,438.61,438.69,437.59,438.69,5184.459
WIG20,20181023,2178.47,2178.47,2147.81,2147.81,615312.130
WIG20LEV,20181023,609.37,609.37,592.10,592.10,615312.130
WIG20SHORT,20181023,3589.07,3638.91,3589.07,3638.91,615312.130
WIG20TR,20181023,3822.97,3840.51,3789.29,3789.29,615312.130
WIG30,20181023,2464.08,2476.15,2443.98,2443.98,683277.204
WIG30TR,20181023,4297.40,4297.40,4258.95,4258.95,683277.204
WIGDIV,20181023,1057.54,1060.01,1048.83,1048.83,264727.187
