11BIT,20180412,243.00,247.00,241.00,245.00,15069
4FUNMEDIA,20180412,11.30,11.50,11.20,11.50,1313
AATHOLD,20180412,23.40,23.40,23.20,23.20,266
ABCDATA,20180412,1.87,1.88,1.84,1.84,34158
ABMSOLID,20180412,15.25,15.25,14.50,14.50,36
ABPL,20180412,24.00,24.10,23.80,24.10,369
ACAUTOGAZ,20180412,39.90,39.90,39.90,39.90,92
ACTION,20180412,3.04,3.09,3.00,3.05,7434
ADIUVO,20180412,7.00,7.24,7.00,7.00,245
AGORA,20180412,14.20,14.30,13.80,14.30,12603
AGROTON,20180412,5.39,5.54,5.22,5.45,3000
AILLERON,20180412,16.20,17.75,16.20,17.70,30079
AIRWAY,20180412,0.67,0.67,0.63,0.65,102413
ALCHEMIA,20180412,4.11,4.11,3.81,4.10,1100
ALIOR,20180412,72.65,72.95,71.90,72.95,287577
ALTA,20180412,2.76,2.76,2.56,2.76,62
ALTUSTFI,20180412,14.10,14.40,14.00,14.15,3046
ALUMETAL,20180412,55.10,55.70,55.00,55.10,2342
AMBRA,20180412,13.50,13.50,13.30,13.35,894
AMICA,20180412,129.00,130.00,127.00,129.00,32418
AMREST,20180412,450.00,456.00,447.00,451.00,16599
APATOR,20180412,22.00,22.10,21.90,22.00,7894
APLISENS,20180412,13.00,13.00,12.50,12.90,142
APSENERGY,20180412,2.14,2.14,1.99,1.99,2
ARCHICOM,20180412,15.45,15.45,15.45,15.45,203
ARCTIC,20180412,3.77,3.77,3.77,3.77,150
ARCUS,20180412,1.51,1.51,1.42,1.51,255
ARTERIA,20180412,6.94,6.94,6.48,6.78,4608
ARTIFEX,20180412,8.50,8.64,7.82,8.10,8918
ASBIS,20180412,3.42,3.42,3.35,3.40,158832
ASSECOBS,20180412,28.40,28.40,28.00,28.00,532
ASSECOPOL,20180412,46.30,47.68,46.04,46.40,86245
ASTARTA,20180412,45.50,46.40,45.50,45.80,1556
ATAL,20180412,43.30,43.30,43.10,43.30,58
ATENDE,20180412,4.23,4.23,4.15,4.23,87
ATLANTAPL,20180412,4.13,4.33,4.13,4.33,156
ATLANTIS,20180412,0.66,0.67,0.66,0.67,2313
ATLASEST,20180412,1.09,1.13,1.04,1.09,74364
ATM,20180412,9.28,9.28,8.62,9.28,177
ATMGRUPA,20180412,4.28,4.30,4.27,4.30,10524
ATREM,20180412,2.45,2.48,2.45,2.48,860
AUTOPARTN,20180412,4.55,4.55,4.40,4.50,52416
AVIAAML,20180412,5.60,5.60,5.56,5.56,5701
AVIASG,20180412,15.15,15.15,15.15,15.15,2
AWBUD,20180412,2.14,2.20,2.14,2.20,2977
BAHOLDING,20180412,9.38,9.46,9.34,9.38,15078
BALTONA,20180412,3.80,3.80,3.74,3.78,4091
BBIDEV,20180412,0.69,0.71,0.69,0.70,18830
BEDZIN,20180412,25.70,27.90,25.30,27.00,372
BENEFIT,20180412,1120.00,1120.00,1100.00,1100.00,48
BEST,20180412,28.80,28.80,26.00,27.40,1000
BETACOM,20180412,12.40,12.40,12.10,12.20,9301
BGZBNPP,20180412,63.00,63.00,60.20,60.20,361
BIK,20180412,16.90,16.95,16.90,16.95,290
BIOMEDLUB,20180412,1.40,1.42,1.33,1.39,45370
BIOTON,20180412,5.19,5.63,5.11,5.63,229002
BOGDANKA,20180412,53.60,53.60,52.40,52.70,15729
BORYSZEW,20180412,8.71,8.72,8.44,8.45,419685
BOS,20180412,8.82,8.95,8.76,8.81,7160
BRASTER,20180412,6.00,6.06,5.76,5.89,21262
BSCDRUK,20180412,40.60,40.60,40.20,40.60,3
BUDIMEX,20180412,216.00,216.00,206.00,209.50,5623
BUWOG,20180412,111.00,120.50,111.00,120.50,10
BZWBK,20180412,370.80,376.60,364.00,373.60,25745
CAPITAL,20180412,4.04,4.10,4.04,4.10,14907
CCC,20180412,255.60,262.80,254.00,262.00,64371
CDPROJEKT,20180412,124.20,126.80,122.60,123.70,257170
CDRL,20180412,32.00,32.00,31.50,31.60,1480
CELTIC,20180412,7.50,7.50,7.50,7.50,700
CEZ,20180412,86.60,87.20,86.60,87.20,717
CHEMOS,20180412,0.99,1.01,0.90,1.00,41336
CIECH,20180412,53.95,56.65,53.90,55.80,40597
CIGAMES,20180412,0.93,0.93,0.87,0.90,783123
CITYSERV,20180412,9.40,9.90,9.00,9.90,3748
CLNPHARMA,20180412,30.45,31.00,30.45,30.45,5389
CNT,20180412,9.00,9.00,9.00,9.00,520
COGNOR,20180412,1.84,1.84,1.75,1.82,58256
COLIAN,20180412,3.89,3.89,3.86,3.86,17051
COMARCH,20180412,133.00,133.00,129.00,130.00,740
COMP,20180412,69.50,69.50,69.50,69.50,15
CORMAY,20180412,0.94,0.96,0.94,0.95,48455
CPGROUP,20180412,5.80,5.80,5.75,5.75,431
CYFRPLSAT,20180412,24.64,25.36,24.58,25.30,452828
CZTOREBKA,20180412,0.46,0.46,0.45,0.45,504
DEBICA,20180412,118.00,123.00,116.50,123.00,1407
DECORA,20180412,10.50,10.60,10.35,10.40,1300
DEKPOL,20180412,43.00,43.00,41.40,42.80,844
DELKO,20180412,9.58,9.58,9.58,9.58,3432
DGA,20180412,6.22,6.22,6.20,6.20,235
DINOPL,20180412,90.50,92.60,90.50,91.90,106090
DOMDEV,20180412,88.60,88.60,87.00,88.20,4449
DROZAPOL,20180412,1.87,1.87,1.75,1.85,253
ECHO,20180412,5.27,5.29,5.20,5.20,70675
EDINVEST,20180412,2.02,2.02,2.02,2.02,7
EFEKT,20180412,24.90,24.90,23.00,23.00,103
EKOEXPORT,20180412,6.48,6.52,6.39,6.52,2051
ELBUDOWA,20180412,94.00,94.80,92.80,93.60,238
ELEKTROTI,20180412,8.76,8.88,8.68,8.68,258
ELEMENTAL,20180412,1.84,1.84,1.81,1.83,15861
ELZAB,20180412,10.00,10.00,9.50,9.50,1150
EMCINSMED,20180412,9.25,9.25,9.25,9.25,1
EMPERIA,20180412,98.60,98.60,97.20,98.20,295
ENAP,20180412,1.27,1.27,1.27,1.27,666
ENEA,20180412,10.22,10.42,10.17,10.34,418845
ENERGA,20180412,10.90,11.10,10.90,10.95,362064
ENERGOINS,20180412,0.97,0.98,0.94,0.98,4639
ENTER,20180412,25.60,25.60,25.60,25.60,8
ERBUD,20180412,21.50,21.50,21.10,21.10,126
ERG,20180412,50.20,50.20,45.20,48.00,445
ERGIS,20180412,4.34,4.38,4.31,4.31,6991
ESOTIQ,20180412,26.50,26.50,25.50,26.50,691
ESSYSTEM,20180412,2.68,2.90,2.68,2.90,25312
ETFDAX,20180412,491.15,494.40,489.45,494.40,10
ETFSP500,20180412,91.93,92.45,91.80,92.45,194
ETFW20L,20180412,271.50,274.95,271.00,274.70,410
EUCO,20180412,16.85,17.45,16.10,16.55,2333
EUROCASH,20180412,23.64,24.10,23.61,24.00,147107
EUROTEL,20180412,24.20,24.20,23.80,23.80,154
FAMUR,20180412,6.24,6.24,6.12,6.16,6958
FASING,20180412,16.50,16.50,16.50,16.50,309
FASTFIN,20180412,1.38,1.38,1.38,1.38,10
FEERUM,20180412,13.80,13.80,13.20,13.20,10
FERRO,20180412,15.10,15.10,14.90,15.10,1352
FERRUM,20180412,4.10,4.10,3.92,4.08,3011
FORTE,20180412,53.40,53.90,53.00,53.00,6179
GAMASFIZ,20180412,111.60,111.60,111.60,111.60,100
GETBACK,20180412,5.70,5.85,5.17,5.30,1756850
GETIN,20180412,1.10,1.11,1.08,1.09,62029
GETINOBLE,20180412,1.40,1.43,1.38,1.40,486077
GINOROSSI,20180412,1.02,1.04,1.00,1.03,261045
GLCOSMED,20180412,2.05,2.05,1.89,1.98,3325
GOBARTO,20180412,8.88,8.88,8.80,8.80,3601
GORENJE,20180412,25.80,25.80,25.80,25.80,251
GPRE,20180412,5.30,5.30,5.30,5.30,1301
GPW,20180412,39.40,39.40,38.75,38.85,28952
GRAVITON,20180412,0.60,0.60,0.60,0.60,1
GROCLIN,20180412,4.63,4.63,4.35,4.47,26701
GRODNO,20180412,12.00,12.45,11.75,12.45,1800
GRUPAAZOTY,20180412,55.90,56.40,55.50,56.40,52435
GTC,20180412,9.15,9.29,9.02,9.29,37167
HANDLOWY,20180412,78.00,78.10,77.50,78.10,45918
HARPER,20180412,0.85,0.85,0.85,0.85,1
HELIO,20180412,12.10,12.85,12.00,12.85,2100
HERKULES,20180412,3.20,3.21,3.20,3.21,2047
HOLLYWOOD,20180412,1.88,1.88,1.88,1.88,100
HUBSTYLE,20180412,0.44,0.44,0.41,0.42,8491
HYDROTOR,20180412,39.40,40.80,39.40,40.80,632
I2DEV,20180412,17.50,18.00,17.30,18.00,2745
IDEABANK,20180412,14.75,14.90,14.00,14.40,12170
IFCAPITAL,20180412,0.61,0.65,0.58,0.62,26746
IFIRMA,20180412,3.69,3.69,3.54,3.54,3688
IIAAV,20180412,9.10,9.10,9.10,9.10,139
IMCOMPANY,20180412,13.10,13.10,12.85,13.10,5004
IMMOBILE,20180412,3.40,3.44,3.38,3.39,2040
IMPEL,20180412,16.80,16.80,16.10,16.80,188
IMPERA,20180412,1.20,1.20,1.20,1.20,10
IMPEXMET,20180412,4.40,4.40,4.37,4.39,123501
IMS,20180412,4.00,4.02,3.98,3.98,15681
INC,20180412,1.41,1.41,1.39,1.39,3000
INDATA,20180412,0.40,0.50,0.40,0.50,786984
INDYKPOL,20180412,82.50,82.50,81.50,81.50,1925
INGBSK,20180412,200.00,204.50,200.00,202.50,9200
INPRO,20180412,6.70,6.70,6.25,6.25,101
INSTALKRK,20180412,13.65,13.80,13.20,13.80,2709
INTERAOLT,20180412,12.75,12.85,12.75,12.85,630
INTERCARS,20180412,265.50,267.50,265.00,267.00,1842
INTERFERI,20180412,3.84,4.02,3.84,4.02,105
INTERSPPL,20180412,2.15,2.15,1.99,2.00,1735
INTLBCO12567,20180412,134.50,134.50,134.50,134.50,4
INTLBCO20164,20180412,57.30,57.30,55.60,55.60,300
INTLBCO20651,20180412,47.23,47.23,47.23,47.23,100
INTLDAX17046,20180412,60.00,60.00,60.00,60.00,25
INTLDAX17178,20180412,41.52,46.20,41.52,46.20,437
INTLDAX17418,20180412,31.09,37.70,31.09,37.70,1356
INTLDBK15834,20180412,15.68,15.70,15.68,15.70,16
INTLEUD19471,20180412,25.80,25.80,24.86,24.86,123
INTLGLD09621,20180412,82.30,82.30,82.30,82.30,6
INTLGLD09746,20180412,97.00,97.00,97.00,97.00,37
INTLGLD11726,20180412,108.10,108.10,108.10,108.10,10
INTLGLD12831,20180412,66.80,66.80,66.80,66.80,4000
INTLGLD18317,20180412,52.40,52.40,49.17,49.23,2119
INTLHSC20743,20180412,17.50,17.50,17.50,17.50,1000
INTLNKX20198,20180412,86.45,86.45,86.45,86.45,27
INTLOPL18309,20180412,1.89,1.94,1.89,1.94,8000
INTLPEO12419,20180412,22.24,22.50,22.24,22.50,115
INTLPEO12658,20180412,27.89,27.89,27.89,27.89,62
INTLPKN15966,20180412,30.46,30.46,30.46,30.46,12
INTLPKN17111,20180412,17.00,17.00,16.64,16.64,200
INTLPKN17897,20180412,13.13,13.38,13.13,13.38,441
INTLPKO17889,20180412,9.63,10.55,9.63,10.55,1420
INTLPKO18812,20180412,8.44,8.83,8.43,8.67,1900
INTLPKO20008,20180412,7.05,7.38,7.05,7.38,400
INTLPKO20297,20180412,5.10,5.99,5.00,5.96,1101
INTLPZU17285,20180412,12.59,12.59,12.59,12.59,60
INTLPZU17939,20180412,9.24,9.24,9.24,9.24,1000
INTLPZU18564,20180412,7.23,7.68,7.05,7.68,5200
INTLSLV09647,20180412,9.13,9.13,9.13,9.13,54
INTLSLV20479,20180412,4.59,4.59,4.59,4.59,2000
INTLSP520560,20180412,6.78,6.78,6.78,6.78,365
INTLUSD20602,20180412,12.46,13.93,12.46,13.65,1529
INTLUSD20610,20180412,18.72,18.72,18.15,18.15,324
INTLVOW19653,20180412,23.81,23.81,23.81,23.81,20
INTLVOW20156,20180412,16.01,16.01,16.01,16.01,1000
INTLW2012484,20180412,8.67,8.67,8.67,8.67,180
INTLW2015008,20180412,5.65,5.65,5.65,5.65,150
INTLW2016766,20180412,5.20,5.20,5.20,5.20,280
INTLW2016774,20180412,5.42,5.42,5.42,5.42,2777
INTLW2017426,20180412,3.06,3.06,3.06,3.06,320
INTLW2017699,20180412,2.20,2.20,2.12,2.12,400
INTLW2017772,20180412,1.55,1.87,1.55,1.87,16295
INTLW2017780,20180412,1.92,2.00,1.87,2.00,1365
INTLW2021089,20180412,1.16,1.38,1.07,1.38,2945
INTROL,20180412,5.74,5.74,5.50,5.74,315
INTSADS19398,20180412,7.11,7.11,7.11,7.11,400
INTSBCO06684,20180412,54.45,55.45,54.45,55.45,230
INTSDAX20180,20180412,98.25,98.25,98.25,98.25,88
INTSDAX20883,20180412,44.28,44.28,39.00,39.00,450
INTSDAX21006,20180412,22.31,22.31,16.24,16.24,3124
INTSDAX21014,20180412,32.59,32.80,27.10,27.10,183
INTSDOW20271,20180412,123.50,123.50,123.50,123.50,20
INTSDOW20552,20180412,181.10,181.10,181.10,181.10,5
INTSESX19877,20180412,26.12,26.12,26.12,26.12,170
INTSEUD02683,20180412,23.45,24.21,23.45,24.21,161
INTSGBU20107,20180412,24.22,24.22,24.22,24.22,30
INTSGLD01057,20180412,39.79,39.79,39.35,39.67,130
INTSGLD14936,20180412,58.20,58.20,58.20,58.20,39
INTSKGH00711,20180412,58.65,58.65,58.65,58.65,30
INTSKGH17988,20180412,68.45,68.45,68.45,68.45,10
INTSKGH21055,20180412,28.52,28.52,28.52,28.52,65
INTSPKN20313,20180412,37.66,37.66,36.97,36.97,630
INTSPKO20693,20180412,14.73,14.73,14.73,14.73,500
INTSPZU19638,20180412,10.32,10.45,10.09,10.09,3700
INTSSLV19794,20180412,7.02,7.02,7.02,7.02,110
INTSSP520578,20180412,12.50,12.50,12.00,12.00,700
INTSUSD20834,20180412,16.01,16.01,16.01,16.01,70
INTSVOW09886,20180412,14.43,14.43,14.43,14.43,45
INTSW2005892,20180412,4.60,4.60,4.40,4.40,2000
INTSW2020859,20180412,3.20,3.20,2.95,2.95,900
INTSW2020867,20180412,3.48,3.48,3.34,3.34,600
INTSW2020958,20180412,1.63,1.67,1.37,1.37,4200
INTSW2020966,20180412,1.98,1.98,1.70,1.74,2500
INTSW2020982,20180412,2.67,2.67,2.36,2.36,2400
INTSW2021105,20180412,1.12,1.13,0.81,0.81,15000
INVGLDFIZ,20180412,1530.00,1530.00,1530.00,1530.00,1
INVPEFIZ,20180412,526.00,536.06,526.00,536.06,7
IPOGPARPA,20180412,98.50,98.50,98.50,98.50,250
IPOPEMA,20180412,1.50,1.50,1.40,1.40,17916
ITMTRADE,20180412,3.15,3.15,2.96,2.96,13
IZOBLOK,20180412,59.00,59.80,57.60,58.00,1386
IZOLACJA,20180412,2.04,2.04,2.04,2.04,1
IZOSTAL,20180412,4.01,4.01,4.01,4.01,150
JHMDEV,20180412,1.87,1.87,1.81,1.83,10872
JSW,20180412,86.00,88.40,85.50,87.10,389839
JWCONSTR,20180412,4.02,4.16,3.95,4.05,10213
JWWINVEST,20180412,1.50,1.50,1.50,1.50,15
K2INTERNT,20180412,13.00,13.00,13.00,13.00,3
KANIA,20180412,1.38,1.42,1.38,1.40,16460
KCI,20180412,0.66,0.67,0.63,0.65,60678
KDMSHIPNG,20180412,2.70,2.78,2.44,2.56,19512
KERNEL,20180412,50.10,52.00,50.10,51.10,52463
KETY,20180412,344.00,344.00,331.00,331.00,2914
KGHM,20180412,91.04,92.36,90.30,92.00,616480
KGL,20180412,20.20,20.20,20.00,20.20,1416
KOGENERA,20180412,83.20,83.20,83.00,83.00,64
KOMPUTRON,20180412,5.66,5.66,5.46,5.46,2542
KONSSTALI,20180412,33.50,33.50,32.80,33.50,544
KOPEX,20180412,3.86,3.90,3.86,3.86,6665
KRAKCHEM,20180412,1.75,1.75,1.65,1.74,722
KREC,20180412,6.18,6.18,6.16,6.16,2
KREDYTIN,20180412,18.00,18.00,18.00,18.00,1
KREZUS,20180412,3.65,3.84,3.56,3.67,1232910
KRKA,20180412,244.00,245.00,244.00,245.00,58
KRUK,20180412,237.00,248.80,236.20,244.60,97325
KRUSZWICA,20180412,72.00,72.00,71.20,71.20,25
KRVITAMIN,20180412,5.36,5.36,5.10,5.34,6241
KSGAGRO,20180412,1.70,1.70,1.63,1.64,3212
LABOPRINT,20180412,13.00,13.00,12.95,12.95,2
LARQ,20180412,13.95,13.95,13.60,13.85,602
LCCORP,20180412,2.67,2.70,2.65,2.69,463445
LENA,20180412,4.91,4.91,4.91,4.91,1
LENTEX,20180412,7.44,7.44,7.26,7.44,2287
LIBET,20180412,1.35,1.35,1.30,1.32,14843
LIVECHAT,20180412,39.40,39.50,39.00,39.40,15778
LOKUM,20180412,17.50,17.80,17.50,17.80,18755
LOTOS,20180412,57.78,59.08,57.50,57.96,200045
LPP,20180412,8455.00,8630.00,8340.00,8630.00,2878
LSISOFT,20180412,13.30,13.40,13.05,13.40,1498
LUBAWA,20180412,0.75,0.75,0.73,0.75,77830
MABION,20180412,100.40,104.80,100.00,101.00,1663
MANGATA,20180412,93.80,93.80,93.80,93.80,1
MARVIPOL,20180412,5.74,5.74,5.73,5.73,833
MASTERPHA,20180412,4.30,4.30,4.20,4.30,2026
MAXCOM,20180412,25.80,26.00,24.60,26.00,2119
MBANK,20180412,444.60,445.00,431.40,440.00,10437
MBWS,20180412,38.45,38.45,38.45,38.45,1
MCI,20180412,8.64,8.68,8.62,8.68,1089
MDIENERGIA,20180412,4.00,4.00,3.80,3.90,3020
MEDIACAP,20180412,2.18,2.29,2.14,2.29,12367
MEDICALG,20180412,142.80,142.80,140.00,141.00,977
MENNICA,20180412,21.80,22.40,21.80,22.00,98052
MERCATOR,20180412,17.40,17.40,16.40,17.00,1345
MERCOR,20180412,10.55,10.55,10.30,10.55,383
MEXPOLSKA,20180412,5.50,5.50,5.40,5.50,1972
MFO,20180412,32.20,32.20,31.00,31.10,7971
MILKILAND,20180412,1.38,1.41,1.38,1.41,7894
MILLENNIUM,20180412,8.33,8.65,8.33,8.59,1708708
MIRACULUM,20180412,1.49,1.49,1.49,1.49,1000
MIRBUD,20180412,1.30,1.32,1.30,1.30,29740
MONNARI,20180412,9.08,9.08,8.94,9.00,1136
MORIZON,20180412,2.10,2.18,2.08,2.18,63902
MOSTALPLC,20180412,9.76,9.76,9.76,9.76,1
MOSTALWAR,20180412,6.00,6.00,5.60,5.74,15353
MOSTALZAB,20180412,0.61,0.63,0.61,0.63,145634
MWTRADE,20180412,6.10,6.10,6.10,6.10,41
NETIA,20180412,5.02,5.18,5.02,5.18,41555
NETMEDIA,20180412,9.50,9.80,9.50,9.80,3406
NEUCA,20180412,300.00,305.00,300.00,305.00,1065
NEWAG,20180412,17.70,18.15,17.70,18.15,2510
NORTCOAST,20180412,5.76,5.76,5.76,5.76,10
NOVATURAS,20180412,44.73,44.74,44.50,44.50,688
NTTSYSTEM,20180412,2.25,2.25,2.25,2.25,10
ODLEWNIE,20180412,3.46,3.46,3.46,3.46,2189
OEX,20180412,18.70,19.10,18.70,19.10,15100
OPENFIN,20180412,1.10,1.15,1.07,1.15,29315
OPONEO.PL,20180412,40.40,41.00,39.20,41.00,1100
OPTEAM,20180412,7.10,7.10,7.10,7.10,100
ORANGEPL,20180412,5.84,5.98,5.84,5.89,955005
ORBIS,20180412,95.80,98.80,94.60,96.00,217
ORCOGROUP,20180412,1.85,1.85,1.76,1.76,20731
ORION,20180412,71.50,72.50,67.00,72.50,74
ORZBIALY,20180412,11.70,12.25,11.60,12.25,25775
OTLOG,20180412,20.40,20.40,20.40,20.40,1
OTMUCHOW,20180412,2.98,2.98,2.98,2.98,6
PAMAPOL,20180412,0.91,0.91,0.91,0.91,2000
PANOVA,20180412,22.20,22.50,22.00,22.50,1145
PBKM,20180412,78.80,78.80,76.00,78.60,5530
PCCEXOL,20180412,1.62,1.62,1.62,1.62,100
PCCROKITA,20180412,117.50,117.50,115.00,117.00,5954
PCM,20180412,23.50,23.50,22.80,23.30,23875
PEKAO,20180412,123.85,125.05,123.50,124.00,546258
PEMANAGER,20180412,40.50,40.50,40.50,40.50,50
PEP,20180412,16.50,16.95,16.50,16.75,10596
PEPEES,20180412,1.56,1.56,1.55,1.56,16779
PFLEIDER,20180412,37.35,37.35,36.30,36.70,31222
PGE,20180412,10.56,10.75,10.53,10.70,1298226
PGNIG,20180412,5.99,6.08,5.95,6.01,4691472
PGO,20180412,4.50,4.50,4.49,4.49,12
PGSSOFT,20180412,11.60,11.60,10.70,10.70,49783
PHN,20180412,14.05,14.05,13.80,14.05,220
PKNORLEN,20180412,89.38,91.30,89.22,91.30,544656
PKOBP,20180412,39.96,41.55,39.80,41.25,2552339
PKOGD,20180412,101.86,102.30,101.86,102.30,151
PKPCARGO,20180412,43.90,44.80,43.50,43.70,25229
PLASTBOX,20180412,2.18,2.18,2.15,2.18,481
PLAY,20180412,32.40,32.84,32.08,32.18,345822
PLAYWAY,20180412,111.50,111.50,106.00,109.50,5078
PMPG,20180412,2.96,2.96,2.92,2.92,2000
POLICE,20180412,19.20,19.50,19.20,19.50,550
POLIMEXMS,20180412,3.30,3.47,3.30,3.47,621372
POLMED,20180412,2.74,2.74,2.74,2.74,46
POLNORD,20180412,8.57,8.58,8.33,8.58,2819
POLWAX,20180412,10.30,10.30,10.10,10.30,10675
POZBUD,20180412,4.05,4.05,3.82,3.98,16669
PRAGMAFA,20180412,19.75,19.75,19.75,19.75,3
PRAGMAINK,20180412,14.20,14.20,14.00,14.20,830
PRAIRIE,20180412,1.50,1.52,1.49,1.52,207421
PRIMAMODA,20180412,2.40,2.40,2.16,2.21,9235
PROCAD,20180412,1.59,1.59,1.59,1.59,35
PROCHEM,20180412,14.45,14.75,13.25,14.00,8693
PROCHNIK,20180412,0.31,0.32,0.31,0.31,88638
PROJPRZEM,20180412,16.00,16.00,16.00,16.00,2
PROTEKTOR,20180412,3.75,3.75,3.75,3.75,2
PROVIDENT,20180412,9.60,9.76,9.60,9.76,1061
PULAWY,20180412,138.00,138.00,136.00,137.50,90
PZU,20180412,41.11,42.67,41.00,42.67,2914678
PZUAKORD,20180412,111.20,111.20,110.87,111.00,1204
QUANTUM,20180412,16.25,16.25,16.25,16.25,40
QUERCUS,20180412,4.36,4.39,4.12,4.15,32274
QUMAK,20180412,1.41,1.44,1.39,1.39,5056
R22,20180412,20.30,20.50,20.00,20.50,133345
RADPOL,20180412,1.63,1.63,1.59,1.60,1501
RAFAKO,20180412,4.24,4.25,4.20,4.25,14875
RAINBOW,20180412,44.70,44.70,44.10,44.30,565
RANKPROGR,20180412,2.25,2.27,2.17,2.20,64327
RAWLPLUG,20180412,9.54,9.54,9.30,9.48,2702
RCFL2W20,20180412,106.20,106.20,106.20,106.20,24
RCFL3ALR,20180412,226.60,230.10,224.90,230.10,540
RCFL3BMW,20180412,66.15,66.15,66.00,66.00,35
RCFL3COFF,20180412,2.45,2.45,2.45,2.45,1000
RCFL3DWNI,20180412,16.34,16.34,16.34,16.34,400
RCFL3ENA,20180412,90.75,93.50,90.75,93.15,490
RCFL3GOLD,20180412,33.03,33.10,33.03,33.04,350
RCFL3KGH,20180412,6.09,6.38,6.09,6.38,4654
RCFL3MBK,20180412,119.70,119.70,116.40,116.40,300
RCFL3OIL2,20180412,303.70,304.00,303.70,304.00,53
RCFL3OIL3,20180412,24.29,24.29,24.29,24.29,28
RCFL3OPL,20180412,12.50,12.50,12.50,12.50,1300
RCFL3PEO,20180412,26.70,26.92,26.63,26.92,45297
RCFL3PKN,20180412,144.80,150.40,144.80,150.40,36
RCFL3PZU,20180412,66.00,66.00,66.00,66.00,73
RCFL3TPE,20180412,63.90,63.90,63.90,63.90,233
RCFL3W20,20180412,77.85,77.85,77.85,77.85,19
RCFL3WHT,20180412,4.71,4.73,4.68,4.73,20500
RCFL4COCO,20180412,10.77,10.84,10.77,10.84,499
RCFL4OIL,20180412,21.51,22.16,21.51,22.16,402
RCFL4SILVE1,20180412,8.56,8.56,8.56,8.56,1050
RCFL5SILVE,20180412,6.50,6.50,6.50,6.50,200
RCFS2PZU,20180412,18.06,18.06,18.06,18.06,70
RCFS3ADS1,20180412,16.52,16.52,16.52,16.52,500
RCFS3CCC,20180412,12.31,12.36,11.40,11.40,11992
RCFS3COCO,20180412,2.39,2.39,2.37,2.37,10000
RCFS3ENA,20180412,21.12,21.12,20.44,20.44,1574
RCFS3KGH,20180412,6.90,6.97,6.70,6.70,2400
RCFS3LPP,20180412,2.57,2.57,2.57,2.57,400
RCFS3OIL,20180412,22.50,23.32,22.50,23.32,1645
RCFS3PGE,20180412,24.64,24.64,24.64,24.64,200
RCFS3PKO,20180412,6.46,6.46,6.46,6.46,200
RCFS3PZU,20180412,4.71,4.71,4.71,4.71,200
RCFS3W20,20180412,33.00,33.00,32.00,32.00,815
RCFS4ESX,20180412,1.83,1.83,1.80,1.80,1850
RCFS4OIL,20180412,0.63,0.63,0.62,0.62,8423
RCGCOMB0522,20180412,1018.80,1018.80,1018.80,1018.80,12
RCGCOMB1120,20180412,1126.10,1126.10,1126.10,1126.10,50
RCGKOMP1222,20180412,988.10,988.10,988.10,988.10,312
RCGLDAOPEN,20180412,456.90,456.90,456.90,456.90,100
RCGSXE021120,20180412,957.50,957.50,957.50,957.50,3
RCGTECBSK0221,20180412,987.10,987.10,987.10,987.10,325
RCGTECBSK0321,20180412,990.00,990.00,990.00,990.00,101
RCGXAU0322,20180412,1011.70,1011.70,1011.70,1011.70,41
RCIDXB11018,20180412,1151.80,1151.80,1151.80,1151.80,80
RCLNAGOPEN,20180412,2.99,2.99,2.99,2.99,300
RCSFW2OPEN,20180412,91.00,91.00,91.00,91.00,12
RCSILAOPEN,20180412,56.25,56.25,56.15,56.15,487
RCTLCOFF001,20180412,0.46,0.46,0.46,0.46,4200
REDAN,20180412,1.06,1.10,1.06,1.10,11483
RELPOL,20180412,7.54,7.86,7.54,7.86,7828
REMAK,20180412,11.50,11.50,11.50,11.50,1
RONSON,20180412,1.34,1.34,1.33,1.34,5002
ROPCZYCE,20180412,22.60,23.00,22.40,23.00,985
RUBICON,20180412,1.22,1.29,1.22,1.23,2352
SANOK,20180412,33.30,33.30,32.70,33.00,2146
SANWIL,20180412,0.66,0.66,0.66,0.66,67
SECOGROUP,20180412,17.50,17.50,17.50,17.50,1
SEKO,20180412,10.00,10.00,10.00,10.00,340
SELENAFM,20180412,13.70,13.70,13.70,13.70,548
SELVITA,20180412,57.80,59.50,57.20,57.90,16216
SERINUS,20180412,1.01,1.04,0.95,0.97,516634
SFINKS,20180412,1.32,1.37,1.32,1.35,11550
SILVANO,20180412,11.10,11.10,11.10,11.10,222
SKARBIEC,20180412,29.60,30.00,29.50,30.00,1172
SKYLINE,20180412,0.83,0.83,0.75,0.76,2875
SOHODEV,20180412,1.63,1.69,1.63,1.69,10512
SOLAR,20180412,1.14,1.14,1.12,1.12,6218
SONEL,20180412,6.60,6.60,6.60,6.60,15
STALEXP,20180412,4.18,4.19,4.12,4.13,110951
STALPROD,20180412,463.00,464.00,452.50,462.00,523
STELMET,20180412,15.30,15.90,15.15,15.90,1505
SUNEX,20180412,3.14,3.14,2.85,3.08,3569
SUWARY,20180412,14.40,14.40,14.40,14.40,2
SWISSMED,20180412,1.24,1.25,1.24,1.24,1629
SYGNITY,20180412,3.52,3.52,3.37,3.48,22819
SYNEKTIK,20180412,16.85,16.85,16.60,16.75,1301
TALEX,20180412,18.95,18.95,18.50,18.50,2105
TARCZYNSKI,20180412,13.95,13.95,13.95,13.95,24
TAURONPE,20180412,2.50,2.52,2.46,2.48,5595824
TERMOREX,20180412,1.35,1.43,1.32,1.43,7120
TESGAS,20180412,1.88,1.88,1.87,1.87,2
TIM,20180412,8.98,8.98,8.96,8.96,15
TORPOL,20180412,7.40,7.44,7.40,7.40,2001
TOWERINVT,20180412,42.80,43.00,42.50,43.00,2585
TOYA,20180412,12.00,12.50,12.00,12.50,6493
TRAKCJA,20180412,6.80,6.80,6.64,6.65,54345
TRANSPOL,20180412,4.54,4.54,4.39,4.53,3043
TRIGONPP,20180412,133.50,133.50,133.50,133.50,400
TRIGONPP2,20180412,134.00,134.00,133.22,133.22,88
TRIGONPP3,20180412,130.50,131.00,130.50,130.50,125
TRIGONPP7,20180412,131.20,131.20,131.20,131.20,500
TRIGONPP8,20180412,134.00,134.00,134.00,134.00,47
TRITON,20180412,3.49,3.49,3.42,3.43,2726
TXM,20180412,2.40,2.40,2.36,2.36,12
ULMA,20180412,70.00,71.50,70.00,71.50,113
UNIBEP,20180412,7.22,7.34,7.20,7.26,942
UNIMA,20180412,2.85,2.85,2.85,2.85,100
UNIMOT,20180412,17.80,18.00,17.80,17.90,5625
URSUS,20180412,3.53,3.60,3.34,3.50,2336934
VIGOSYS,20180412,312.00,315.00,312.00,315.00,10
VINDEXUS,20180412,7.38,7.38,7.36,7.36,1528
VISTAL,20180412,0.91,0.94,0.88,0.92,43778
VISTULA,20180412,4.82,4.82,4.68,4.77,193963
VIVID,20180412,4.12,4.30,4.06,4.24,48950
VOTUM,20180412,8.62,8.64,8.62,8.64,10
VOXEL,20180412,19.35,20.40,19.35,20.20,4032
WADEX,20180412,5.88,5.90,5.88,5.90,506
WARIMPEX,20180412,6.06,6.06,6.06,6.06,580
WASKO,20180412,2.09,2.13,2.08,2.13,7106
WAWEL,20180412,1070.00,1080.00,1065.00,1075.00,1071
WIELTON,20180412,13.88,13.88,13.50,13.62,15469
WIKANA,20180412,0.92,0.92,0.91,0.92,2161
WIRTUALNA,20180412,52.20,54.80,52.20,54.80,11042
WITTCHEN,20180412,21.00,21.00,20.70,21.00,2128
WORKSERV,20180412,4.14,4.20,3.95,4.07,57931
XTB,20180412,5.78,5.78,5.78,5.78,1446
YOLO,20180412,2.69,2.69,2.58,2.69,1349
ZAMET,20180412,0.97,0.97,0.97,0.97,25
ZEPAK,20180412,10.64,10.66,10.40,10.42,6128
ZPUE,20180412,136.00,141.00,136.00,141.00,3
ZUE,20180412,6.02,6.02,6.02,6.02,100
ZYWIEC,20180412,490.00,510.00,490.00,498.00,319
INVESTORMS,20180412,4342.15,4342.76,4342.15,4342.76,148826.346
MWIG40,20180412,4630.61,4668.25,4628.66,4650.82,128807.286
MWIG40TR,20180412,5693.80,5693.80,5685.20,5692.04,128807.286
RESPECT,20180412,2847.64,2877.51,2846.30,2870.50,400590.919
SWIG80,20180412,14336.38,14343.43,14250.47,14328.26,23494.462
SWIG80TR,20180412,16541.74,16585.50,16528.29,16585.50,23494.462
WIG,20180412,59701.79,60437.33,59692.31,60393.23,795984.157
WIG-BANKI,20180412,7885.22,8015.44,7871.92,7998.28,227658.226
WIG-BUDOW,20180412,2772.67,2774.56,2715.51,2737.65,4735.397
WIG-CEE,20180412,1040.75,1044.63,1040.75,1044.63,3019.928
WIG-CHEMIA,20180412,13304.92,13502.51,13291.60,13502.51,6006.316
WIG-ENERG,20180412,2627.92,2656.27,2621.60,2645.24,36421.275
WIG-GORNIC,20180412,3705.02,3757.31,3681.87,3737.14,91352.270
WIG-INFO,20180412,2014.73,2039.19,1999.91,2009.02,6144.604
WIG-LEKI,20180412,5517.72,5537.37,5397.47,5489.39,1690.149
WIG-MEDIA,20180412,5016.79,5071.20,4937.92,5071.20,1109.131
WIG-MOTO,20180412,4458.21,4483.24,4444.63,4483.24,1223.862
WIG-NRCHOM,20180412,2193.00,2202.33,2181.96,2202.33,3214.332
WIG-ODZIEZ,20180412,7014.57,7152.26,6963.17,7152.26,42413.244
WIG-PALIWA,20180412,6353.82,6438.19,6344.69,6430.53,89837.099
WIG-POLAND,20180412,61082.45,61609.28,61082.45,61609.28,791591.327
WIG-SPOZYW,20180412,3758.00,3818.45,3758.00,3789.68,4396.905
WIG-TELKOM,20180412,735.03,748.90,734.50,745.56,28392.106
WIG-UKRAIN,20180412,495.69,498.92,495.61,495.61,2860.139
WIG20,20180412,2270.78,2310.67,2267.99,2306.44,633954.098
WIG20LEV,20180412,678.88,702.75,677.22,700.22,633954.098
WIG20SHORT,20180412,3450.98,3455.21,3390.42,3396.84,633954.098
WIG20TR,20180412,3931.99,3981.69,3931.99,3981.69,633954.098
WIG30,20180412,2628.81,2671.70,2627.95,2668.79,710209.140
WIG30TR,20180412,4502.87,4548.17,4502.87,4548.17,710209.140
WIGDIV,20180412,1124.14,1133.81,1123.22,1133.69,395334.340
