11BIT,20180710,425.50,468.00,425.00,458.00,23577
4FUNMEDIA,20180710,15.20,15.80,14.35,15.80,2913
ABCDATA,20180710,1.58,1.62,1.58,1.61,83259
ABMSOLID,20180710,10.55,10.55,9.50,9.50,92
ABPL,20180710,18.60,18.80,18.60,18.80,860
ACAUTOGAZ,20180710,40.90,41.00,40.90,41.00,478
ACTION,20180710,3.33,3.33,3.12,3.26,14684
ADIUVO,20180710,10.50,10.70,9.90,9.90,1630
AGORA,20180710,12.20,12.45,12.10,12.45,1413
AGROTON,20180710,2.85,2.90,2.83,2.89,6250
AILLERON,20180710,14.00,14.00,13.15,13.15,2906
AIRWAY,20180710,0.72,0.78,0.72,0.73,55566
ALCHEMIA,20180710,4.25,4.40,4.25,4.40,190
ALIOR,20180710,68.90,70.00,68.00,68.60,157171
ALTA,20180710,3.78,3.78,3.68,3.78,9699
ALTUSTFI,20180710,7.78,7.90,7.78,7.86,8643
ALUMETAL,20180710,46.40,46.50,46.15,46.15,678
AMBRA,20180710,12.85,13.05,12.85,13.00,806
AMICA,20180710,111.00,111.20,109.80,111.00,2507
AMREST,20180710,435.50,443.00,432.00,432.00,10022
APATOR,20180710,22.70,22.80,22.50,22.80,2445
APLISENS,20180710,12.20,12.20,12.20,12.20,2
ARCHICOM,20180710,14.50,15.10,14.50,15.10,1105
ARCTIC,20180710,4.13,4.22,4.09,4.18,14626
ARTERIA,20180710,6.48,6.48,6.48,6.48,2
ARTIFEX,20180710,7.00,7.06,6.80,7.00,19489
ASBIS,20180710,3.08,3.09,3.00,3.05,43418
ASSECOBS,20180710,26.90,27.00,25.20,26.90,203
ASSECOPOL,20180710,41.94,42.98,41.54,41.80,194945
ASSECOSEE,20180710,11.00,11.00,11.00,11.00,10
ASTARTA,20180710,33.50,33.50,33.10,33.50,12371
ATAL,20180710,34.40,34.40,33.60,33.90,4847
ATENDE,20180710,3.93,3.95,3.93,3.93,60
ATLANTIS,20180710,0.60,0.62,0.55,0.62,1844
ATLASEST,20180710,1.02,1.04,1.02,1.04,1500
ATM,20180710,10.50,10.50,10.35,10.40,1315
ATMGRUPA,20180710,5.22,5.48,5.12,5.46,23984
ATREM,20180710,2.75,2.75,2.75,2.75,20
AUTOPARTN,20180710,4.24,4.24,4.11,4.23,230
AVIAAML,20180710,5.02,5.02,5.02,5.02,200
AVIASG,20180710,14.20,14.20,14.20,14.20,2
AWBUD,20180710,1.25,1.35,1.16,1.35,8955
BAHOLDING,20180710,5.84,5.84,5.60,5.82,14213
BALTONA,20180710,4.59,4.59,4.46,4.46,5
BBIDEV,20180710,0.55,0.55,0.53,0.54,86996
BEDZIN,20180710,26.90,26.90,26.70,26.70,10
BENEFIT,20180710,1010.00,1015.00,1000.00,1015.00,53
BETACOM,20180710,15.00,15.00,14.50,14.60,810
BGZBNPP,20180710,61.60,61.60,61.60,61.60,1
BIK,20180710,16.70,16.70,16.70,16.70,2
BIOMEDLUB,20180710,1.09,1.14,1.09,1.12,49789
BIOTON,20180710,6.37,6.60,6.07,6.13,148555
BOGDANKA,20180710,53.50,54.80,53.50,54.80,4175
BORYSZEW,20180710,6.77,6.83,6.61,6.73,133174
BOS,20180710,7.35,7.45,7.35,7.40,8705
BOWIM,20180710,3.81,3.91,3.80,3.91,2516
BRASTER,20180710,4.78,4.82,4.54,4.74,38900
BSCDRUK,20180710,37.60,37.60,37.60,37.60,2
BUDIMEX,20180710,134.40,136.20,133.00,133.00,3893
BUWOG,20180710,124.40,124.40,124.30,124.30,5
BYTOM,20180710,2.60,2.64,2.59,2.61,181999
BZWBK,20180710,332.00,344.60,328.20,344.00,52898
CAPITAL,20180710,4.00,4.07,3.91,4.07,23799
CCC,20180710,205.00,206.00,202.80,205.20,117117
CDPROJEKT,20180710,177.00,188.50,176.00,178.00,541056
CDRL,20180710,24.90,24.90,24.00,24.00,2
CEZ,20180710,94.60,96.35,94.60,96.35,596
CIECH,20180710,57.95,58.25,57.05,57.50,124548
CIGAMES,20180710,0.87,0.88,0.86,0.88,110875
CITYSERV,20180710,9.80,10.50,9.80,10.50,1150
CLNPHARMA,20180710,31.15,32.20,31.15,32.00,5596
CNT,20180710,9.30,9.30,9.30,9.30,10
COGNOR,20180710,1.55,1.63,1.52,1.59,61334
COLIAN,20180710,4.07,4.07,4.07,4.07,2085
COMARCH,20180710,156.50,158.50,156.00,158.50,71
CORMAY,20180710,0.94,0.95,0.88,0.90,245168
CPGROUP,20180710,5.40,5.40,5.40,5.40,2
CYFRPLSAT,20180710,23.14,23.60,23.14,23.44,399626
DEBICA,20180710,138.50,140.00,138.00,140.00,463
DECORA,20180710,9.12,9.88,9.02,9.88,4713
DEKPOL,20180710,41.80,41.80,41.80,41.80,50
DELKO,20180710,8.44,8.44,8.44,8.44,325
DGA,20180710,7.94,7.94,7.62,7.62,3424
DINOPL,20180710,101.00,101.70,98.75,99.50,604486
DOMDEV,20180710,71.20,71.20,67.20,70.20,2851
DROZAPOL,20180710,1.83,1.83,1.80,1.80,19
ECHO,20180710,4.32,4.37,4.27,4.28,12453
EDINVEST,20180710,1.98,1.98,1.90,1.90,3
EFEKT,20180710,22.00,22.00,21.90,22.00,102
EKOEXPORT,20180710,5.22,5.30,5.00,5.20,71952
ELBUDOWA,20180710,76.00,76.00,75.00,76.00,1972
ELEKTROTI,20180710,6.20,6.20,5.74,5.98,436
ELEMENTAL,20180710,1.00,1.08,0.98,1.04,414061
EMCINSMED,20180710,8.10,8.10,8.10,8.10,1
ENAP,20180710,1.17,1.19,1.09,1.19,3175
ENEA,20180710,9.25,9.48,9.15,9.41,499061
ENELMED,20180710,9.45,9.45,9.45,9.45,44
ENERGA,20180710,9.23,9.35,9.14,9.25,363599
ENERGOINS,20180710,0.86,0.86,0.81,0.85,6111
ENTER,20180710,20.70,20.90,20.20,20.90,8
ERBUD,20180710,15.45,15.45,15.45,15.45,2
ERG,20180710,48.40,48.40,48.40,48.40,1
ERGIS,20180710,3.80,3.80,3.79,3.79,19627
ESOTIQ,20180710,22.00,22.00,20.60,20.80,472
ESSYSTEM,20180710,2.62,2.62,2.62,2.62,10
ETFDAX,20180710,517.70,518.30,517.70,518.30,16
ETFSP500,20180710,105.44,106.40,105.44,106.08,111
ETFW20L,20180710,258.60,263.30,258.00,262.00,323
EUCO,20180710,7.06,7.06,6.82,6.98,2622
EUROCASH,20180710,20.60,20.89,20.50,20.53,215722
EUROTEL,20180710,20.70,20.80,20.60,20.80,349
EVEREST,20180710,0.66,0.66,0.66,0.66,10
FAMUR,20180710,5.08,5.08,4.70,4.82,68449
FASING,20180710,15.35,15.35,14.80,14.80,710
FASTFIN,20180710,0.76,0.76,0.76,0.76,50
FEERUM,20180710,10.60,10.60,10.60,10.60,10
FERRO,20180710,14.25,14.25,13.35,14.20,105
FERRUM,20180710,4.36,4.39,4.36,4.39,46874
FORTE,20180710,45.00,45.00,44.50,44.55,798
GAMASFIZ,20180710,115.00,118.99,115.00,118.99,38
GETIN,20180710,0.53,0.54,0.52,0.54,322263
GETINOBLE,20180710,0.98,0.98,0.97,0.98,107902
GINOROSSI,20180710,0.62,0.65,0.59,0.65,123109
GLCOSMED,20180710,1.58,1.58,1.58,1.58,1
GOBARTO,20180710,9.20,9.44,9.20,9.40,6166
GORENJE,20180710,50.80,50.80,50.80,50.80,1
GPRE,20180710,5.35,5.35,5.25,5.29,2002
GPW,20180710,38.65,38.70,38.60,38.70,51245
GRAVITON,20180710,1.64,1.64,1.60,1.64,8977
GROCLIN,20180710,3.17,3.17,3.10,3.17,7209
GRODNO,20180710,10.85,10.85,9.84,10.00,2162
GRUPAAZOTY,20180710,44.00,45.76,43.58,45.76,58556
GTC,20180710,9.35,9.46,9.30,9.42,3834
HANDLOWY,20180710,73.00,74.60,73.00,73.10,58632
HARPER,20180710,0.60,0.61,0.55,0.55,17616
HELIO,20180710,10.70,10.70,10.20,10.30,628
HERKULES,20180710,3.10,3.10,3.09,3.09,40575
HOLLYWOOD,20180710,1.25,1.25,1.13,1.14,24795
HYDROTOR,20180710,44.80,44.80,44.40,44.40,837
IDEABANK,20180710,6.20,6.20,6.14,6.20,92007
IFCAPITAL,20180710,0.65,0.65,0.62,0.65,361
IFIRMA,20180710,3.15,3.33,3.14,3.25,13193
IIAAV,20180710,92.60,92.60,91.75,91.75,11
IMCOMPANY,20180710,12.45,12.45,11.90,12.30,6284
IMMOBILE,20180710,3.65,3.65,3.55,3.55,2442
IMPEL,20180710,16.50,16.50,16.00,16.00,16
IMPERA,20180710,1.17,1.17,1.17,1.17,20
IMPEXMET,20180710,3.98,4.06,3.97,3.97,39941
IMS,20180710,3.38,3.40,3.38,3.40,1399
INDYKPOL,20180710,73.00,73.00,73.00,73.00,1
INGBSK,20180710,179.20,179.20,176.60,178.80,8831
INPRO,20180710,6.50,6.50,6.50,6.50,1
INSTALKRK,20180710,13.75,13.90,13.75,13.90,71
INTERAOLT,20180710,10.30,10.30,10.10,10.20,13026
INTERCARS,20180710,274.50,274.50,254.00,257.00,3684
INTERSPPL,20180710,1.38,1.44,1.38,1.44,3562
INTLADS13532,20180710,39.12,39.12,39.12,39.12,13
INTLBCO13235,20180710,142.30,142.30,142.30,142.30,20
INTLBCO19992,20180710,98.05,98.05,98.05,98.05,5
INTLBCO20164,20180710,91.00,91.00,91.00,91.00,50
INTLBCO21121,20180710,57.00,57.00,57.00,57.00,18
INTLBCO21238,20180710,45.52,45.52,44.42,44.42,125
INTLDAX16477,20180710,90.30,90.30,90.30,90.30,1
INTLDAX17418,20180710,42.15,44.28,42.15,42.60,62
INTLDAX21196,20180710,31.52,33.20,30.29,32.90,1397
INTLEUD19133,20180710,17.33,17.33,17.11,17.32,56
INTLGLD09621,20180710,46.69,46.69,46.69,46.69,77
INTLGLD12831,20180710,32.87,33.20,29.97,32.46,1436
INTLHSC19273,20180710,29.30,29.90,29.30,29.90,160
INTLKGH16584,20180710,23.96,23.96,23.68,23.68,10
INTLNAG20719,20180710,2.36,2.36,2.36,2.36,760
INTLNDX21204,20180710,52.40,52.40,52.40,52.40,6
INTLNDX21311,20180710,41.64,42.11,41.64,42.11,140
INTLPGE21329,20180710,1.59,1.60,1.59,1.60,3078
INTLPGE21337,20180710,2.50,2.50,2.50,2.50,510
INTLPGE21402,20180710,1.12,1.12,1.12,1.12,1400
INTLPKN16758,20180710,12.86,13.72,12.86,13.19,597
INTLPKN17111,20180710,9.15,10.01,8.77,9.58,770
INTLPKO18812,20180710,5.53,6.30,5.53,6.30,230
INTLPZU17517,20180710,7.17,7.40,7.17,7.40,2718
INTLSLV09647,20180710,6.84,6.84,6.45,6.50,4736
INTLSLV12955,20180710,5.00,5.00,4.23,4.23,1025
INTLSP520560,20180710,11.64,11.70,11.64,11.70,700
INTLUSD20842,20180710,55.10,55.90,55.10,55.90,40
INTLUSD21261,20180710,20.88,21.14,20.10,20.10,305
INTLUSD21287,20180710,30.80,30.83,30.80,30.83,80
INTLUSD21360,20180710,14.82,16.58,14.82,15.65,1709
INTLW2012484,20180710,7.57,7.57,7.57,7.57,110
INTLW2016766,20180710,3.74,3.74,3.74,3.74,301
INTLW2017012,20180710,3.20,3.20,3.20,3.20,250
INTLW2017020,20180710,3.41,3.52,3.41,3.52,400
INTLW2017152,20180710,3.19,3.19,3.19,3.19,100
INTLW2017400,20180710,2.65,2.65,2.60,2.63,2555
INTLW2017426,20180710,1.60,2.00,1.50,1.86,34227
INTROL,20180710,5.12,5.12,4.90,4.90,190
INTSBCO06692,20180710,42.38,42.38,39.52,42.26,1246
INTSBCO06700,20180710,56.30,56.30,54.85,54.85,317
INTSDAX18424,20180710,50.85,50.85,48.72,48.72,135
INTSDAX18952,20180710,61.40,61.40,61.40,61.40,207
INTSDAX21303,20180710,39.44,40.20,37.76,37.76,196
INTSDAX21543,20180710,18.07,18.07,13.73,13.73,3182
INTSDOW20271,20180710,109.80,110.50,107.50,107.50,60
INTSDOW20552,20180710,162.10,162.10,162.10,162.10,10
INTSESX19877,20180710,21.05,21.05,21.05,21.05,50
INTSEUD21246,20180710,34.65,34.65,34.65,34.65,75
INTSEUD21436,20180710,24.06,24.06,24.06,24.06,500
INTSGLD01057,20180710,75.15,75.15,75.15,75.15,7
INTSGLD21451,20180710,51.60,51.60,51.60,51.60,30
INTSKGH21055,20180710,26.67,28.05,26.43,26.43,385
INTSNDX20768,20180710,18.21,19.10,18.06,19.10,3403
INTSPGN19679,20180710,2.40,2.40,2.40,2.40,115
INTSPKO20693,20180710,18.02,18.02,16.77,16.77,6900
INTSSLV19794,20180710,9.67,10.15,9.29,9.29,140
INTSSP520578,20180710,7.65,7.68,7.44,7.44,890
INTSSP520776,20180710,13.23,13.23,13.18,13.18,270
INTSUSD18531,20180710,21.50,22.37,21.50,22.37,565
INTSW2005892,20180710,5.11,5.11,5.11,5.11,3000
INTSW2020958,20180710,2.58,2.58,2.21,2.21,1051
INTSW2020966,20180710,2.67,2.67,2.60,2.63,1176
INTSW2020974,20180710,3.16,3.16,3.00,3.00,1790
INTSW2021295,20180710,1.93,1.99,1.90,1.90,21780
INTSW2021386,20180710,1.99,2.02,1.62,1.73,16357
INTSW2021527,20180710,1.17,1.17,0.90,1.01,12342
INVISTA,20180710,0.88,0.88,0.88,0.88,40
INVPEFIZ,20180710,654.10,675.90,654.10,675.90,5
IPOPEMA,20180710,1.18,1.18,1.12,1.18,2011
IQP,20180710,0.72,0.72,0.72,0.72,2
ITMTRADE,20180710,2.33,2.39,2.31,2.39,7586
IZOBLOK,20180710,45.80,45.80,44.00,44.00,281
IZOLACJA,20180710,1.84,1.84,1.84,1.84,1
JHMDEV,20180710,1.49,1.54,1.49,1.52,519
JSW,20180710,74.80,79.00,74.80,77.94,283814
JWCONSTR,20180710,3.34,3.37,3.30,3.37,2843
JWWINVEST,20180710,1.02,1.02,1.02,1.02,80
K2INTERNT,20180710,13.85,13.85,13.20,13.70,1600
KANIA,20180710,1.05,1.05,1.02,1.03,80327
KCI,20180710,0.65,0.66,0.62,0.64,33860
KERNEL,20180710,47.00,47.20,46.15,46.70,63160
KETY,20180710,311.50,322.50,310.00,320.00,1285
KGHM,20180710,93.00,93.30,91.32,91.60,439790
KGL,20180710,16.60,16.60,16.60,16.60,1
KINOPOL,20180710,11.20,11.20,10.70,11.00,673
KOGENERA,20180710,69.00,69.60,68.00,69.60,50
KOMPAP,20180710,7.80,7.80,7.80,7.80,6000
KOMPUTRON,20180710,4.90,4.91,4.82,4.83,1526
KONSSTALI,20180710,19.80,19.80,19.25,19.25,61979
KOPEX,20180710,1.89,1.96,1.89,1.90,3823
KREC,20180710,5.94,5.94,5.58,5.94,2325
KREDYTIN,20180710,16.10,16.10,16.10,16.10,3
KREZUS,20180710,3.54,3.88,2.88,3.02,10317456
KRKA,20180710,251.00,251.00,251.00,251.00,10
KRUK,20180710,184.00,225.00,183.10,218.00,484683
KRUSZWICA,20180710,64.40,64.40,63.40,63.40,201
KRVITAMIN,20180710,5.80,5.80,5.72,5.72,2225
KSGAGRO,20180710,1.02,1.04,1.02,1.04,4180
LABOPRINT,20180710,12.20,12.20,11.70,12.20,4
LARQ,20180710,9.34,9.44,9.00,9.44,286
LCCORP,20180710,2.48,2.53,2.48,2.50,167772
LENA,20180710,3.42,3.42,3.40,3.40,5194
LENTEX,20180710,7.48,7.48,7.32,7.40,4607
LIBET,20180710,1.15,1.15,1.12,1.15,4002
LIVECHAT,20180710,31.00,32.40,30.30,32.40,78022
LMDSFIZ,20180710,1100.00,1100.00,1100.00,1100.00,5
LOKUM,20180710,17.80,17.80,17.80,17.80,5
LOTOS,20180710,56.22,57.84,56.22,57.00,272587
LPP,20180710,8920.00,9150.00,8810.00,9030.00,2272
LSISOFT,20180710,11.45,11.60,11.40,11.45,5381
LUBAWA,20180710,0.88,0.88,0.86,0.87,6984
MABION,20180710,109.20,111.40,106.60,109.80,4417
MANGATA,20180710,95.40,95.40,95.00,95.00,2294
MARVIPOL,20180710,4.55,4.67,4.50,4.60,6778
MASTERPHA,20180710,3.66,3.66,3.57,3.66,306
MAXCOM,20180710,17.45,17.45,17.20,17.45,504
MBANK,20180710,397.00,407.60,397.00,400.00,21895
MBWS,20180710,35.00,35.00,33.40,33.40,229
MCI,20180710,9.74,9.76,9.74,9.74,16997
MDIENERGIA,20180710,3.13,3.13,2.95,3.13,12
MEDIACAP,20180710,2.11,2.20,2.11,2.20,65
MEDICALG,20180710,136.00,138.80,136.00,137.00,56
MEDYCZNYFIZ,20180710,113.65,114.00,113.00,113.00,500
MENNICA,20180710,20.60,20.60,20.60,20.60,88
MERCATOR,20180710,18.95,18.95,18.70,18.80,1232
MERCOR,20180710,9.50,9.50,8.74,8.90,35988
MEXPOLSKA,20180710,4.70,4.70,4.70,4.70,1
MFO,20180710,29.00,29.00,27.90,28.50,975
MILLENNIUM,20180710,7.83,7.98,7.70,7.85,486172
MIRACULUM,20180710,1.51,1.58,1.51,1.54,963
MIRBUD,20180710,1.14,1.16,1.13,1.14,52430
MLSYSTEM,20180710,27.00,28.00,26.00,28.00,651
MOBRUK,20180710,37.60,37.60,37.60,37.60,105
MONNARI,20180710,6.98,7.03,6.58,6.60,22364
MORIZON,20180710,1.95,1.95,1.92,1.95,12529
MOSTALPLC,20180710,7.98,7.98,7.60,7.94,91
MOSTALWAR,20180710,3.00,3.05,3.00,3.03,823
NETIA,20180710,4.98,4.98,4.92,4.93,1116
NETMEDIA,20180710,9.40,9.40,9.40,9.40,977
NEUCA,20180710,258.00,267.50,257.00,263.50,1462
NEWAG,20180710,17.70,17.70,17.65,17.70,3765
NORTCOAST,20180710,4.79,4.79,4.79,4.79,21
NOVATURAS,20180710,50.00,50.00,48.39,49.50,125
NTTSYSTEM,20180710,2.47,2.65,2.47,2.65,3007
OAT,20180710,26.00,26.40,25.40,26.40,3331
ODLEWNIE,20180710,3.60,3.60,3.60,3.60,20
OPENFIN,20180710,0.64,0.65,0.64,0.65,5750
OPONEO.PL,20180710,32.20,32.60,32.20,32.30,161
OPTEAM,20180710,6.65,6.65,6.65,6.65,300
ORANGEPL,20180710,4.64,4.66,4.55,4.55,1424593
ORBIS,20180710,92.40,92.40,91.20,91.20,219
ORCOGROUP,20180710,1.72,1.72,1.72,1.72,32
ORION,20180710,6.95,6.95,6.95,6.95,13
ORZBIALY,20180710,13.20,13.20,12.90,13.20,358
OTLOG,20180710,15.90,15.90,15.90,15.90,1
OTMUCHOW,20180710,1.92,1.99,1.92,1.95,14450
PAMAPOL,20180710,1.19,1.20,1.19,1.19,168455
PANOVA,20180710,19.40,19.40,19.40,19.40,103
PATENTUS,20180710,0.76,0.77,0.75,0.75,19858
PBKM,20180710,70.00,71.80,70.00,70.00,16608
PCCEXOL,20180710,1.59,1.59,1.59,1.59,100
PCCROKITA,20180710,101.00,101.00,100.00,101.00,13409
PCM,20180710,12.75,13.50,12.75,13.30,1360
PEKABEX,20180710,10.50,10.50,10.50,10.50,522
PEKAO,20180710,105.00,107.10,104.80,106.40,592115
PEMANAGER,20180710,32.00,32.00,30.60,31.50,555
PEP,20180710,18.80,19.30,18.80,18.80,10186
PEPEES,20180710,1.38,1.38,1.27,1.38,2288
PFLEIDER,20180710,36.85,36.85,36.80,36.80,29
PGE,20180710,9.42,9.78,9.40,9.67,1753323
PGNIG,20180710,5.83,6.13,5.83,5.98,5552495
PGO,20180710,3.99,3.99,3.99,3.99,23
PGSSOFT,20180710,11.20,12.00,11.00,11.00,13950
PHN,20180710,11.95,11.95,11.20,11.90,1597
PKNORLEN,20180710,83.80,84.84,82.88,84.32,439941
PKOASZEWZ,20180710,96.30,96.30,95.81,95.81,535
PKOBL1,20180710,108.50,108.50,108.50,108.50,500
PKOBP,20180710,37.91,39.17,37.65,38.80,1710496
PKOSO,20180710,109.10,109.10,109.06,109.06,950
PKPCARGO,20180710,43.30,44.50,43.25,44.45,34150
PLASTBOX,20180710,2.03,2.03,2.03,2.03,2
PLAY,20180710,22.00,22.22,21.50,21.98,378668
PLAYWAY,20180710,127.00,127.00,121.00,125.00,24500
PMPG,20180710,2.65,2.73,2.65,2.73,6080
POLICE,20180710,16.20,16.80,16.20,16.80,489
POLIMEXMS,20180710,3.27,3.62,3.25,3.62,1011561
POLMED,20180710,2.92,2.92,2.92,2.92,21309
POLNORD,20180710,8.99,8.99,8.60,8.60,10742
POLWAX,20180710,7.60,7.60,7.54,7.60,1703
POZBUD,20180710,3.65,3.65,3.51,3.51,50
PRAGMAFA,20180710,16.80,16.80,16.80,16.80,3
PRAGMAINK,20180710,8.80,9.30,8.80,9.30,260
PRAIRIE,20180710,1.28,1.37,1.27,1.27,48486
PRIMAMODA,20180710,2.80,2.80,2.80,2.80,100
PROCAD,20180710,1.37,1.42,1.37,1.42,4036
PROCHEM,20180710,14.90,15.25,14.90,15.25,346
PROJPRZEM,20180710,17.25,17.25,17.25,17.25,1
PROTEKTOR,20180710,4.00,4.05,3.90,3.90,8415
PROVIDENT,20180710,10.00,10.00,10.00,10.00,639
PULAWY,20180710,103.50,104.50,103.00,104.50,118
PZU,20180710,38.92,39.15,38.52,38.90,3178573
PZUAKORD,20180710,109.20,109.20,108.80,108.80,1150
QMULTIFIZ,20180710,1015.10,1015.10,1015.10,1015.10,15
QUANTUM,20180710,19.70,19.70,18.20,18.40,1055
QUERCUS,20180710,2.91,2.98,2.91,2.95,26272
QUMAK,20180710,1.42,1.42,1.35,1.35,100721
R22,20180710,19.00,19.00,19.00,19.00,1
RADPOL,20180710,1.43,1.43,1.43,1.43,2
RAFAKO,20180710,3.42,3.44,3.35,3.44,14856
RAFAMET,20180710,13.50,13.50,13.50,13.50,5
RAINBOW,20180710,35.00,35.00,33.20,33.30,4264
RANKPROGR,20180710,1.94,1.97,1.91,1.95,21596
RAWLPLUG,20180710,8.40,8.42,8.40,8.40,8206
RCFL2CDPRO1,20180710,26.73,26.73,25.29,25.29,250
RCFL2SILVE,20180710,21.00,21.00,21.00,21.00,16
RCFL3CCC,20180710,88.10,88.10,86.00,86.40,280
RCFL3CDPRO1,20180710,40.00,40.00,38.88,38.88,98
RCFL3COFF,20180710,2.17,2.17,2.10,2.10,1741
RCFL3COPP,20180710,16.20,16.20,16.20,16.20,350
RCFL3ENG,20180710,103.00,103.00,103.00,103.00,10
RCFL3FDX,20180710,170.10,170.10,170.10,170.10,7
RCFL3GOLD,20180710,28.98,28.98,28.60,28.60,126
RCFL3PEO,20180710,18.43,18.43,18.43,18.43,710
RCFL3PGE,20180710,4.35,4.35,4.35,4.35,150
RCFL3SOY,20180710,5.69,5.69,5.68,5.68,700
RCFL3SUGA,20180710,0.85,0.85,0.85,0.85,1000
RCFL3W20,20180710,67.50,67.50,67.50,67.50,8
RCFL3WHT,20180710,4.40,4.40,4.40,4.40,500
RCFL4OIL,20180710,34.05,34.05,34.05,34.05,130
RCFL4SILVE1,20180710,7.49,7.49,7.49,7.49,200
RCFL5COCO1,20180710,6.60,6.60,6.60,6.60,7200
RCFL5COFF,20180710,7.56,7.56,7.56,7.56,264
RCFL5FW20,20180710,6.71,6.71,6.70,6.70,244
RCFL5OIL,20180710,40.69,43.00,40.69,43.00,333
RCFL5PALL1,20180710,7.85,7.85,7.85,7.85,231
RCFL5SILVE,20180710,5.56,5.56,5.30,5.30,4310
RCFS1GOLD,20180710,121.70,121.70,121.70,121.70,5
RCFS2CDPRO1,20180710,3.00,3.00,3.00,3.00,250
RCFS2KGH,20180710,25.59,25.59,25.59,25.59,6
RCFS2OIL,20180710,55.70,55.75,55.65,55.65,175
RCFS3CDPRO1,20180710,1.39,1.39,1.39,1.39,1444
RCFS3FDX,20180710,11.96,11.96,11.95,11.95,203
RCFS3KGH,20180710,5.56,5.56,5.56,5.56,230
RCFS3LPP,20180710,1.90,1.90,1.78,1.78,11540
RCFS3OIL,20180710,16.89,16.89,16.40,16.40,8734
RCFS3OIL2,20180710,3.04,3.04,3.04,3.04,39616
RCFS3PGE,20180710,26.97,26.97,26.97,26.97,40
RCFS3SIE,20180710,4.89,4.89,4.89,4.89,5000
RCFS3W20,20180710,37.26,37.26,36.14,36.14,50
RCFS4COCO,20180710,7.70,7.70,7.65,7.65,5450
RCFS4OIL,20180710,0.38,0.38,0.38,0.38,2500
RCFS5FW20,20180710,10.60,10.60,10.38,10.45,6000
RCFS5OIL,20180710,1.09,1.09,1.09,1.09,1000
RCFS5WHT1,20180710,9.90,9.90,9.90,9.90,182
RCGBSK0721,20180710,1017.30,1017.30,1017.30,1017.30,2
RCGETNA0321,20180710,1008.30,1008.30,1008.30,1008.30,10
RCGETNA0421,20180710,947.30,947.30,947.30,947.30,25
RCGETNA0722,20180710,901.80,901.80,901.80,901.80,40
RCGLDAOPEN,20180710,461.70,463.20,461.50,461.90,88
RCGOIL1022,20180710,920.10,920.10,920.10,920.10,31
RCGSLV290920,20180710,1028.50,1028.50,1028.50,1028.50,30
RCGSXHC0122,20180710,986.90,986.90,986.90,986.90,6
RCGTECBSK0621,20180710,988.80,988.80,988.80,988.80,130
RCGXAU0322,20180710,1002.20,1002.20,1002.20,1002.20,100
RCIDXB11018,20180710,1160.80,1160.80,1160.80,1160.80,30
RCSILAOPEN,20180710,59.25,59.25,58.90,58.90,5074
RCTLCOCO01,20180710,27.65,27.65,27.65,27.65,240
RCTLCOCO06,20180710,21.50,21.55,21.31,21.31,30000
RCTLCOFF006,20180710,0.96,0.96,0.96,0.96,500
RCWHTAOPEN1,20180710,13.81,13.81,13.59,13.59,2600
REDAN,20180710,0.95,0.95,0.95,0.95,20
RELPOL,20180710,7.36,7.38,7.34,7.38,2068
REMAK,20180710,9.76,9.76,9.76,9.76,25
RONSON,20180710,1.05,1.05,1.05,1.05,1
ROPCZYCE,20180710,26.80,26.90,26.70,26.70,176
RUBICON,20180710,1.05,1.05,0.99,0.99,1811
SANOK,20180710,32.50,32.50,31.60,31.60,1102
SANWIL,20180710,0.64,0.67,0.64,0.67,2053
SARE,20180710,17.40,19.00,17.40,19.00,210
SEKO,20180710,10.30,10.30,10.30,10.30,2
SELVITA,20180710,56.20,56.20,56.00,56.00,292
SERINUS,20180710,0.81,0.83,0.79,0.81,64047
SESCOM,20180710,22.00,22.00,20.00,20.00,643
SETANTA,20180710,1.41,1.55,1.41,1.51,21287
SFINKS,20180710,1.00,1.04,0.95,1.00,132566
SILVANO,20180710,13.60,13.90,13.35,13.90,748
SIMPLE,20180710,5.95,5.95,5.90,5.90,315
SKARBIEC,20180710,24.90,25.40,24.90,25.00,12443
SKYLINE,20180710,0.92,0.92,0.92,0.92,1
SNIEZKA,20180710,68.50,68.50,68.50,68.50,1
SOHODEV,20180710,1.25,1.25,1.20,1.25,10209
SOLAR,20180710,0.82,0.85,0.77,0.80,6561
SONEL,20180710,6.36,6.36,6.36,6.36,15
STALEXP,20180710,3.44,3.44,3.40,3.41,24440
STALPROD,20180710,453.00,455.00,448.00,454.50,217
STALPROFI,20180710,12.40,12.40,12.40,12.40,1
STELMET,20180710,10.00,10.00,9.72,10.00,894
SUNEX,20180710,2.85,2.85,2.60,2.77,7084
SUWARY,20180710,14.00,14.00,13.30,14.00,582
SWISSMED,20180710,1.19,1.25,1.19,1.25,620
SYGNITY,20180710,3.29,3.40,3.29,3.40,6878
SYNEKTIK,20180710,16.00,16.15,15.85,16.15,1545
TALEX,20180710,16.75,16.80,16.75,16.80,58
TAURONPE,20180710,2.26,2.31,2.25,2.31,3309867
TERMOREX,20180710,1.00,1.00,0.99,0.99,1033
TESGAS,20180710,2.10,2.14,2.06,2.14,2456
TIM,20180710,7.22,7.38,6.96,6.96,17724
TORPOL,20180710,4.99,5.00,4.68,4.75,201695
TOWERINVT,20180710,28.00,28.00,28.00,28.00,135
TOYA,20180710,12.40,13.30,12.40,13.30,30
TRAKCJA,20180710,2.78,2.81,2.72,2.73,732430
TRANSPOL,20180710,4.00,4.00,4.00,4.00,2
TRIGONPP7,20180710,118.00,118.00,118.00,118.00,105
TSGAMES,20180710,80.04,88.70,79.60,85.60,64079
TXM,20180710,1.12,1.30,1.07,1.28,23641
UCEXIBEX0421,20180710,103.10,103.60,103.00,103.60,2100
ULMA,20180710,71.50,71.50,71.50,71.50,1
UNIBEP,20180710,5.60,5.60,5.60,5.60,725
UNICREDIT,20180710,63.24,64.15,63.24,64.15,271
UNIMOT,20180710,10.65,10.65,10.20,10.40,4029
URSUS,20180710,2.35,2.40,2.31,2.34,85694
VINDEXUS,20180710,8.78,8.90,8.72,8.90,5747
VISTAL,20180710,0.68,0.71,0.68,0.71,101
VISTULA,20180710,4.32,4.45,4.32,4.44,72675
VIVID,20180710,6.00,6.10,5.22,5.22,578960
VOTUM,20180710,6.60,7.16,6.60,7.08,3443
VOXEL,20180710,25.50,25.70,24.50,25.40,937
WADEX,20180710,4.60,4.60,4.60,4.60,30
WARIMPEX,20180710,5.20,5.44,5.20,5.44,656
WASKO,20180710,2.03,2.03,1.94,2.01,15149
WAWEL,20180710,900.00,900.00,894.00,900.00,5029
WIELTON,20180710,11.62,11.76,11.60,11.76,9054
WIKANA,20180710,0.47,0.51,0.47,0.51,6331
WIRTUALNA,20180710,50.80,50.80,50.00,50.00,26282
WITTCHEN,20180710,18.25,18.25,18.15,18.15,2
WORKSERV,20180710,1.49,1.49,1.44,1.48,13394
XTB,20180710,5.38,5.44,5.24,5.40,2554
YOLO,20180710,2.45,2.45,2.28,2.28,1701
ZEPAK,20180710,10.30,10.30,10.16,10.20,4726
ZPUE,20180710,138.00,138.00,136.00,136.00,74
ZUE,20180710,6.10,6.10,5.70,5.70,630
ZYWIEC,20180710,442.00,444.00,442.00,444.00,5
INVESTORMS,20180710,3995.30,4012.81,3995.30,4012.81,298686.519
MWIG40,20180710,4173.98,4228.91,4173.98,4225.96,239737.080
MWIG40TR,20180710,5292.80,5313.05,5292.80,5313.05,239737.080
RESPECT,20180710,2618.39,2656.84,2614.76,2645.56,378716.077
SWIG80,20180710,12742.61,12771.36,12683.45,12741.78,57790.473
SWIG80TR,20180710,15108.99,15129.51,15086.45,15129.51,57790.473
WIG,20180710,56484.50,57299.46,56379.79,57041.58,935769.561
WIG-BANKI,20180710,7294.12,7418.72,7256.32,7399.36,176903.145
WIG-BUDOW,20180710,2222.19,2224.78,2195.61,2214.11,7907.742
WIG-CEE,20180710,1075.89,1081.15,1075.89,1081.15,3706.716
WIG-CHEMIA,20180710,12369.22,12583.36,12266.92,12583.36,11157.375
WIG-ENERG,20180710,2373.75,2432.97,2369.10,2419.22,32878.888
WIG-GORNIC,20180710,3635.38,3680.72,3598.35,3628.60,62780.795
WIG-INFO,20180710,1953.87,1978.21,1943.91,1956.10,11252.866
WIG-LEKI,20180710,5846.75,5868.98,5716.51,5793.31,1881.008
WIG-MEDIA,20180710,4788.24,4807.09,4760.31,4792.72,1616.072
WIG-MOTO,20180710,4610.98,4610.98,4390.36,4425.12,1175.624
WIG-NRCHOM,20180710,2109.11,2109.11,2087.94,2102.98,1191.337
WIG-ODZIEZ,20180710,6658.73,6771.26,6596.56,6713.98,45567.569
WIG-PALIWA,20180710,6026.55,6133.22,6001.13,6090.46,85924.123
WIG-POLAND,20180710,57703.80,58258.31,57703.80,58179.67,931783.339
WIG-SPOZYW,20180710,3448.01,3448.01,3396.86,3423.99,8406.211
WIG-TELKOM,20180710,631.20,637.47,626.93,630.83,24185.895
WIG-UKRAIN,20180710,426.29,428.60,426.29,428.60,3482.185
WIG20,20180710,2154.32,2194.86,2144.66,2177.67,629741.984
WIG20LEV,20180710,604.21,626.93,598.80,617.29,629741.984
WIG20SHORT,20180710,3635.59,3651.93,3567.01,3596.09,629741.984
WIG20TR,20180710,3748.17,3796.93,3748.17,3787.51,629741.984
WIG30,20180710,2474.29,2517.48,2466.58,2502.62,824197.897
WIG30TR,20180710,4263.81,4314.73,4263.81,4307.20,824197.897
WIGDIV,20180710,1061.36,1072.86,1057.13,1066.02,371819.002
