08OCTAVA,20190102,0.80,0.81,0.80,0.81,59
11BIT,20190102,244.00,263.50,242.00,254.00,10779
4FUNMEDIA,20190102,12.00,12.00,11.20,12.00,1650
ABCDATA,20190102,1.26,1.27,1.26,1.26,393461
ABPL,20190102,15.95,16.00,15.85,16.00,1437
ACAUTOGAZ,20190102,43.10,43.40,43.00,43.40,723
ACTION,20190102,2.93,2.93,2.93,2.93,100
ADIUVO,20190102,7.30,8.00,7.30,8.00,5902
AGORA,20190102,9.98,10.00,9.58,9.88,4471
AGROTON,20190102,3.66,4.00,3.30,3.99,12266
AILLERON,20190102,10.60,10.80,10.50,10.80,7653
AIRWAY,20190102,0.66,0.67,0.65,0.67,66394
ALIOR,20190102,53.15,55.15,52.90,55.00,187429
ALTA,20190102,2.00,2.00,2.00,2.00,2
ALTUSTFI,20190102,2.18,2.18,2.15,2.17,1230
ALUMETAL,20190102,42.90,42.90,41.05,41.60,8350
AMBRA,20190102,12.70,12.95,12.70,12.95,1112
AMICA,20190102,114.80,114.80,113.20,114.20,1841
AMREST,20190102,40.80,40.80,39.10,39.90,40140
APATOR,20190102,23.80,24.40,23.50,24.40,1844
APLISENS,20190102,10.50,10.60,10.20,10.60,1084
ARCHICOM,20190102,11.90,11.90,11.45,11.45,1600
ARCTIC,20190102,3.12,3.20,3.11,3.20,35517
ARCUS,20190102,1.08,1.08,1.08,1.08,600
ARTERIA,20190102,4.46,4.89,4.46,4.65,8464
ARTIFEX,20190102,4.20,4.25,3.92,3.99,8793
ASBIS,20190102,2.56,2.64,2.50,2.53,62315
ASSECOBS,20190102,28.50,28.50,28.00,28.50,229
ASSECOPOL,20190102,46.20,46.76,45.60,46.48,92217
ASSECOSEE,20190102,11.45,11.70,11.45,11.70,1854
ASTARTA,20190102,23.90,23.90,23.10,23.50,3843
ATAL,20190102,28.20,28.30,28.00,28.10,5086
ATENDE,20190102,3.88,3.98,3.80,3.86,4795
ATLANTAPL,20190102,4.97,5.26,4.79,5.26,31852
ATLANTIS,20190102,0.49,0.49,0.49,0.49,2000
ATLASEST,20190102,0.98,1.05,0.98,1.02,18601
ATM,20190102,8.42,8.42,8.40,8.40,140
ATMGRUPA,20190102,4.69,4.70,4.40,4.70,3135
ATREM,20190102,1.30,1.43,1.29,1.32,12421
AUTOPARTN,20190102,3.86,3.90,3.83,3.84,5711
AWBUD,20190102,1.05,1.05,1.05,1.05,970
BAHOLDING,20190102,1.64,1.67,1.63,1.66,44511
BALTONA,20190102,9.28,9.28,9.00,9.28,2960
BBIDEV,20190102,0.57,0.59,0.57,0.58,93592
BEDZIN,20190102,21.20,21.20,21.00,21.00,5
BENEFIT,20190102,852.00,860.00,810.00,820.00,1205
BEST,20190102,27.00,27.00,27.00,27.00,1
BETACOM,20190102,14.90,14.90,14.40,14.90,52
BGZBNPP,20190102,50.00,50.00,49.10,49.10,2
BIK,20190102,14.45,14.45,12.00,14.45,4114
BIOMEDLUB,20190102,1.09,1.09,1.05,1.08,1041
BIOTON,20190102,5.15,5.18,5.10,5.16,11870
BOGDANKA,20190102,52.00,53.20,51.20,53.20,3345
BORYSZEW,20190102,4.68,4.73,4.67,4.70,55430
BOS,20190102,7.46,7.50,7.40,7.50,5452
BOWIM,20190102,2.69,2.78,2.69,2.78,984
BRASTER,20190102,2.01,2.15,2.01,2.14,109759
BSCDRUK,20190102,29.00,30.80,29.00,30.80,41
BUDIMEX,20190102,113.60,114.60,111.40,114.40,3465
CAPITAL,20190102,2.00,2.20,2.00,2.00,43071
CCC,20190102,193.40,196.40,190.00,196.00,37522
CDPROJEKT,20190102,145.40,151.30,142.10,151.00,197015
CDRL,20190102,24.00,24.00,23.80,23.90,111
CELTIC,20190102,5.35,5.35,5.30,5.30,2500
CEZ,20190102,90.35,90.75,90.35,90.75,401
CFI,20190102,0.57,0.74,0.55,0.74,785625
CIECH,20190102,44.70,44.70,43.80,43.96,48687
CIGAMES,20190102,0.83,0.86,0.82,0.85,688651
CITYSERV,20190102,13.00,13.60,12.90,13.60,1287
CLNPHARMA,20190102,31.00,31.20,30.15,31.10,587
CNT,20190102,12.05,12.05,12.05,12.05,3
COGNOR,20190102,1.64,1.67,1.60,1.64,11156
COMARCH,20190102,152.50,154.00,150.00,150.00,667
COMP,20190102,47.40,47.40,45.00,46.60,1338
CORMAY,20190102,1.17,1.21,1.12,1.16,775868
CPGROUP,20190102,5.35,5.35,5.20,5.30,15033
CYFRPLSAT,20190102,22.42,22.62,22.22,22.52,127578
DEBICA,20190102,86.20,90.20,86.20,90.20,330
DECORA,20190102,15.25,15.25,15.00,15.15,921
DEKPOL,20190102,33.20,34.00,32.60,33.20,593
DELKO,20190102,7.10,7.30,7.10,7.16,1635
DGA,20190102,8.60,8.76,8.60,8.76,280
DINOPL,20190102,95.90,97.90,95.90,97.30,93325
DOMDEV,20190102,63.00,63.00,61.60,63.00,1494
DROZAPOL,20190102,1.53,1.53,1.40,1.45,1767
ECHO,20190102,3.25,3.33,3.25,3.33,73817
EDINVEST,20190102,1.91,1.91,1.91,1.91,1
EFEKT,20190102,22.20,22.20,21.00,21.90,369
EKOEXPORT,20190102,2.82,2.95,2.78,2.89,22873
ELBUDOWA,20190102,27.90,27.90,26.80,27.10,4172
ELEKTROTI,20190102,4.60,4.75,4.45,4.75,2547
ELEMENTAL,20190102,1.30,1.34,1.24,1.28,491258
EMCINSMED,20190102,7.10,7.10,6.80,7.10,11
ENAP,20190102,1.15,1.15,1.06,1.14,4002
ENEA,20190102,9.95,9.95,9.77,9.95,1497999
ENERGA,20190102,8.99,9.19,8.78,9.18,514725
ENERGOINS,20190102,0.80,0.90,0.78,0.87,96490
ENTER,20190102,22.70,22.70,21.50,21.60,3058
ERBUD,20190102,9.84,9.84,9.40,9.54,402
ERG,20190102,44.50,48.80,44.50,48.80,181
ERGIS,20190102,2.52,2.52,2.52,2.52,11195
ESOTIQ,20190102,17.75,17.75,17.45,17.45,479
ESSYSTEM,20190102,2.20,2.20,2.14,2.20,252
ETFDAX,20190102,474.90,474.90,427.05,430.00,2033
ETFSP500,20190102,94.64,96.01,93.56,96.01,3498
ETFW20L,20190102,274.40,278.00,272.00,276.80,3165
EUCO,20190102,5.40,5.40,5.38,5.38,11
EUROCASH,20190102,17.61,17.61,17.22,17.52,103265
EUROTEL,20190102,19.50,19.50,19.30,19.30,607
EVEREST,20190102,0.60,0.60,0.60,0.60,5000
FAMUR,20190102,5.40,5.48,5.36,5.40,22554
FASING,20190102,16.20,16.20,16.20,16.20,390
FEERUM,20190102,10.20,10.20,9.86,9.86,10
FERRO,20190102,13.40,13.90,13.15,13.15,6852
FERRUM,20190102,4.84,4.84,4.77,4.77,10
FORTE,20190102,22.75,24.30,22.75,23.95,12478
GLCOSMED,20190102,0.91,0.96,0.91,0.96,8248
GOBARTO,20190102,7.80,7.80,7.44,7.44,4643
GPRE,20190102,4.76,5.10,4.76,5.10,1582
GPW,20190102,36.50,37.00,36.40,36.95,10126
GRAVITON,20190102,1.61,1.61,1.61,1.61,2
GROCLIN,20190102,3.04,3.10,2.96,3.05,28742
GRODNO,20190102,3.77,3.79,3.60,3.61,3209
GRUPAAZOTY,20190102,31.18,32.50,30.78,32.30,65150
GTC,20190102,8.15,8.49,8.07,8.27,16823
HANDLOWY,20190102,68.60,69.90,68.60,69.90,8263
HELIO,20190102,8.40,8.40,7.90,8.40,1414
HOLLYWOOD,20190102,0.91,0.95,0.91,0.93,28951
HYDROTOR,20190102,35.60,36.20,35.60,36.20,88
IDEABANK,20190102,2.47,2.48,2.40,2.48,114943
IDMSA,20190102,1.04,1.11,1.04,1.11,2005
IFIRMA,20190102,2.13,2.18,2.09,2.10,7325
IMCOMPANY,20190102,13.00,13.00,12.80,13.00,72
IMMOBILE,20190102,3.29,3.59,3.28,3.28,6740
IMPEL,20190102,7.40,7.40,6.20,6.30,5698
IMPERA,20190102,0.94,0.98,0.94,0.98,1474
IMPEXMET,20190102,3.13,3.28,3.06,3.07,80768
IMS,20190102,3.60,3.60,3.30,3.42,3775
INC,20190102,1.17,1.17,1.07,1.10,331
INDYKPOL,20190102,60.00,66.00,59.50,66.00,4
INGBSK,20190102,182.00,183.60,179.60,183.00,17199
INPRO,20190102,4.50,4.50,4.50,4.50,1
INSTALKRK,20190102,13.25,13.85,12.70,13.85,1597
INTERAOLT,20190102,10.60,11.35,10.60,11.00,2615
INTERCARS,20190102,211.00,217.50,205.50,209.00,9110
INTERSPPL,20190102,1.87,2.05,1.87,1.96,19129
INTLADS17996,20190102,16.71,16.71,16.71,16.71,1
INTLBCO12674,20190102,58.90,70.10,58.90,70.10,134
INTLBCO13235,20190102,43.77,43.77,43.77,43.77,68
INTLBCO19216,20190102,37.21,45.15,37.21,45.15,74
INTLBCO19356,20190102,28.20,36.40,26.40,36.40,187
INTLCDR22277,20190102,5.57,6.36,5.57,6.36,1845
INTLCDR22285,20190102,4.61,4.61,4.61,4.61,100
INTLCDR22392,20190102,3.57,3.57,3.57,3.57,2000
INTLDAX01800,20190102,55.70,62.50,55.70,62.50,13
INTLDAX13169,20190102,128.10,128.10,124.80,124.80,184
INTLDAX13300,20190102,32.57,38.25,30.08,38.25,2155
INTLDAX14829,20190102,25.16,30.09,25.16,29.93,5500
INTLDAX15016,20190102,16.18,20.40,14.23,20.06,1302
INTLEUD16493,20190102,14.28,14.28,11.96,11.96,24
INTLEUD16683,20190102,22.22,22.22,22.22,22.22,75
INTLEUD17475,20190102,32.45,32.45,32.45,32.45,50
INTLGBU16188,20190102,15.86,15.86,15.86,15.86,14
INTLGBU16329,20190102,47.84,47.88,47.84,47.88,1105
INTLGLD09746,20190102,67.55,68.10,67.25,67.25,204
INTLGLD11726,20190102,83.30,83.95,83.30,83.95,41
INTLGLD21873,20190102,100.20,101.30,100.00,100.20,210
INTLHSC19273,20190102,11.91,11.91,11.91,11.91,33
INTLKGH22095,20190102,12.63,15.13,12.57,15.13,559
INTLKGH22376,20190102,9.69,9.69,9.69,9.69,2
INTLNAG20719,20190102,2.93,2.94,2.93,2.94,1804
INTLNDX20065,20190102,17.08,17.08,17.08,17.08,100
INTLOPL21626,20190102,1.64,1.71,1.64,1.71,3590
INTLPEO16402,20190102,21.50,21.50,21.50,21.50,70
INTLPEO22384,20190102,18.75,18.75,18.75,18.75,100
INTLPGE21352,20190102,2.49,2.49,2.49,2.49,425
INTLPGE22079,20190102,1.37,1.65,1.37,1.65,18000
INTLPKN16758,20190102,35.43,35.43,35.43,35.43,43
INTLPKN17111,20190102,32.30,32.30,32.30,32.30,13
INTLPKO17889,20190102,8.03,8.03,8.03,8.03,120
INTLPKO21675,20190102,5.96,5.96,5.96,5.96,300
INTLPZU22210,20190102,7.75,7.86,7.75,7.86,190
INTLSLV21956,20190102,9.45,10.00,9.45,10.00,2059
INTLSLV21964,20190102,11.53,11.53,11.53,11.53,50
INTLSLV22350,20190102,13.20,13.65,13.20,13.50,700
INTLSPX17822,20190102,6.85,7.10,6.85,7.10,1400
INTLSPX17830,20190102,11.71,11.71,11.71,11.71,300
INTLUSD21261,20190102,23.00,24.70,23.00,24.70,4545
INTLUSD22343,20190102,18.37,19.50,18.37,19.50,2162
INTLUSJ16360,20190102,27.99,27.99,27.99,27.99,150
INTLW2012484,20190102,8.28,8.28,8.28,8.28,38
INTLW2017020,20190102,4.18,4.50,4.09,4.50,11600
INTLW2017384,20190102,2.65,2.65,2.65,2.65,250
INTLW2017392,20190102,3.03,3.03,3.03,3.03,1000
INTLW2017400,20190102,3.09,3.09,3.09,3.09,600
INTLW2017426,20190102,2.31,2.31,2.31,2.31,1160
INTLW2022244,20190102,2.25,2.25,2.25,2.25,350
INTLW2022251,20190102,2.10,2.10,2.10,2.10,500
INTLW2022301,20190102,1.16,1.57,1.02,1.57,11436
INTLW2022319,20190102,1.34,1.83,1.34,1.83,3044
INTLW2022327,20190102,1.65,1.65,1.65,1.65,1000
INTROL,20190102,3.25,3.25,3.25,3.25,10
INTSBCO22400,20190102,72.00,72.00,61.95,61.95,804
INTSCDR22038,20190102,11.51,11.51,11.51,11.51,1100
INTSCDR22111,20190102,6.74,6.91,6.23,6.23,3504
INTSDAX21303,20190102,120.80,120.80,120.80,120.80,9
INTSDAX22160,20190102,62.85,62.85,59.50,59.80,1050
INTSDAX22178,20190102,72.10,72.10,71.20,71.20,160
INTSDAX22426,20190102,45.24,47.00,39.46,39.97,3818
INTSDAX22434,20190102,55.15,55.15,49.90,50.10,1125
INTSDOW20552,20190102,222.20,222.40,222.20,222.40,105
INTSEUD22194,20190102,21.50,25.00,21.50,25.00,1518
INTSGLD01057,20190102,59.20,59.20,59.20,59.20,100
INTSGLD20941,20190102,105.40,105.40,105.40,105.40,10
INTSGLD21451,20190102,38.00,38.73,38.00,38.73,2000
INTSKGH21055,20190102,31.64,31.96,29.98,29.98,158
INTSNAG07104,20190102,11.11,11.11,11.11,11.11,500
INTSNDX21725,20190102,69.90,72.90,69.90,72.00,271
INTSNDX21857,20190102,87.60,87.75,87.45,87.45,151
INTSPEO10025,20190102,45.29,45.55,45.29,45.55,34
INTSPGN19679,20190102,1.14,1.14,1.14,1.14,1350
INTSPKN19828,20190102,36.04,37.79,36.04,36.44,153
INTSPKO20693,20190102,15.41,15.41,15.41,15.41,661
INTSPZU19638,20190102,5.42,5.68,5.15,5.18,4043
INTSPZU20131,20190102,8.92,9.20,8.92,9.20,150
INTSSLV21972,20190102,6.21,6.21,6.21,6.21,65
INTSSP520776,20190102,23.43,24.20,22.90,22.97,4803
INTSSP521865,20190102,29.18,29.92,29.10,29.10,448
INTSUSD17079,20190102,42.04,42.04,42.04,42.04,120
INTSUSD18176,20190102,16.01,16.01,13.36,13.36,406
INTSUSJ16915,20190102,28.04,28.04,28.04,28.04,4
INTSUSJ17095,20190102,36.37,36.37,36.37,36.37,27
INTSW2019430,20190102,4.58,4.58,4.34,4.34,2550
INTSW2019596,20190102,5.31,5.31,4.84,4.84,2440
INTSW2020982,20190102,1.92,2.04,1.47,1.47,31324
INTSW2020990,20190102,2.32,2.32,1.82,1.82,5252
INVFIZ,20190102,913.10,913.10,913.10,913.10,1
INVGLDFIZ,20190102,1358.10,1358.10,1358.10,1358.10,2
INVISTA,20190102,0.84,0.84,0.84,0.84,20
IPOPEMA,20190102,1.20,1.21,1.20,1.20,154
IQP,20190102,0.36,0.37,0.36,0.37,1601
ITMTRADE,20190102,3.04,3.67,3.04,3.61,187315
IZOBLOK,20190102,30.00,30.00,27.50,27.60,452
IZOLACJA,20190102,1.74,1.74,1.74,1.74,1
IZOSTAL,20190102,2.99,2.99,2.94,2.94,240
JHMDEV,20190102,1.53,1.53,1.53,1.53,1
JSW,20190102,67.08,67.50,66.02,67.10,84184
JWCONSTR,20190102,2.39,2.39,2.31,2.38,658
JWWINVEST,20190102,1.04,1.04,1.04,1.04,10
K2INTERNT,20190102,11.45,11.45,11.40,11.45,46
KANIA,20190102,1.07,1.07,1.05,1.06,19710
KCI,20190102,0.47,0.50,0.47,0.50,1443
KERNEL,20190102,48.95,50.20,48.75,50.20,35392
KETY,20190102,330.00,331.00,321.50,330.50,2002
KGHM,20190102,88.00,89.44,86.12,89.18,517529
KGL,20190102,12.00,12.50,11.70,12.00,8133
KINOPOL,20190102,10.95,10.95,10.70,10.70,128
KOGENERA,20190102,40.90,42.10,40.00,42.00,391
KOMPUTRON,20190102,3.24,3.24,3.24,3.24,1
KONSSTALI,20190102,29.80,29.80,29.10,29.20,57
KRAKCHEM,20190102,1.14,1.14,1.10,1.14,7095
KREC,20190102,4.98,4.98,4.96,4.96,2
KRUK,20190102,156.80,162.20,153.00,156.50,39234
KRUSZWICA,20190102,39.10,39.40,39.00,39.10,819
KRVITAMIN,20190102,8.60,8.60,7.76,8.10,4833
LABOPRINT,20190102,13.00,13.00,13.00,13.00,3
LARQ,20190102,5.96,5.96,5.90,5.90,2
LCCORP,20190102,2.47,2.47,2.37,2.40,71962
LENA,20190102,2.69,2.69,2.60,2.66,17320
LENTEX,20190102,7.38,7.38,7.10,7.34,982
LIBET,20190102,1.21,1.21,1.17,1.17,2
LIVECHAT,20190102,25.10,25.10,24.00,24.80,48593
LOKUM,20190102,15.60,15.60,14.90,15.00,1078
LOTOS,20190102,88.56,89.24,86.88,87.86,188872
LPP,20190102,7800.00,7975.00,7660.00,7850.00,1267
LUBAWA,20190102,0.61,0.62,0.60,0.62,30020
MABION,20190102,86.90,86.90,82.20,83.00,6529
MAKARONPL,20190102,4.30,4.50,4.30,4.40,2948
MANGATA,20190102,59.40,59.40,54.00,57.00,946
MARVIPOL,20190102,3.25,3.25,3.25,3.25,5178
MASTERPHA,20190102,6.10,6.10,6.00,6.08,1201
MAXCOM,20190102,15.70,15.70,15.40,15.60,444
MBANK,20190102,415.00,422.00,410.20,422.00,9324
MBWS,20190102,11.26,11.34,10.78,10.78,302
MCI,20190102,9.26,9.30,9.04,9.30,977
MDIENERGIA,20190102,3.84,3.85,3.59,3.85,6521
MEDICALG,20190102,26.25,32.70,25.25,32.70,113744
MENNICA,20190102,20.00,20.00,20.00,20.00,780
MERCATOR,20190102,11.80,11.80,10.70,10.80,3605
MERCOR,20190102,8.24,8.24,8.24,8.24,514
MEXPOLSKA,20190102,3.85,3.90,3.68,3.89,2423
MFO,20190102,23.90,23.90,23.00,23.30,461
MILLENNIUM,20190102,8.77,8.96,8.75,8.96,366306
MIRACULUM,20190102,1.50,1.57,1.50,1.57,6220
MIRBUD,20190102,1.04,1.06,0.99,1.02,124910
MLPGROUP,20190102,42.40,42.40,40.00,42.20,933
MLSYSTEM,20190102,27.95,28.00,27.30,27.50,408
MOJ,20190102,0.59,0.59,0.59,0.59,2000
MONNARI,20190102,4.20,4.40,4.20,4.30,22412
MOSTALPLC,20190102,3.07,3.33,3.00,3.00,13883
MOSTALWAR,20190102,2.11,2.30,2.11,2.30,26320
MWTRADE,20190102,2.82,2.82,2.82,2.82,235
NETIA,20190102,4.90,5.06,4.76,5.06,159410
NEUCA,20190102,235.50,245.00,235.50,237.50,491
NEWAG,20190102,15.20,15.20,14.05,14.40,3022
NORTCOAST,20190102,4.35,4.45,4.35,4.45,755
NOWAGALA,20190102,0.52,0.52,0.50,0.51,32250
NTTSYSTEM,20190102,2.38,2.38,2.38,2.38,1251
OAT,20190102,14.50,15.00,14.50,15.00,282
ODLEWNIE,20190102,3.20,3.20,3.20,3.20,600
OPONEO.PL,20190102,20.00,21.30,19.90,20.70,4252
OPTEAM,20190102,5.15,5.15,5.15,5.15,20
ORANGEPL,20190102,4.79,5.00,4.74,4.94,1496010
ORBIS,20190102,90.40,91.60,90.40,91.60,2636
ORCOGROUP,20190102,1.33,1.41,1.30,1.30,7510
ORION,20190102,7.60,7.65,7.10,7.65,1521
ORZBIALY,20190102,10.30,10.75,10.25,10.75,124
OTLOG,20190102,4.44,4.70,4.16,4.70,6359
OTMUCHOW,20190102,1.72,1.72,1.55,1.70,49148
PAMAPOL,20190102,1.17,1.17,1.11,1.11,425
PANOVA,20190102,14.20,15.10,14.20,15.10,435
PATENTUS,20190102,0.79,0.79,0.79,0.79,1000
PBKM,20190102,58.00,60.60,58.00,59.20,22838
PCCEXOL,20190102,1.53,1.53,1.53,1.53,40
PCCROKITA,20190102,82.00,82.40,81.00,82.00,707
PCM,20190102,13.20,13.70,13.00,13.30,12503
PEKABEX,20190102,13.10,13.30,12.70,13.10,515
PEKAO,20190102,109.05,111.40,106.70,111.40,342976
PEMANAGER,20190102,25.00,25.00,24.20,24.50,258
PEP,20190102,20.60,20.70,20.40,20.70,2941
PEPEES,20190102,1.25,1.25,1.25,1.25,1
PFLEIDER,20190102,31.50,34.60,30.40,34.15,4171
PGE,20190102,10.00,10.24,9.89,10.20,1462257
PGNIG,20190102,6.90,7.00,6.82,7.00,3569797
PGO,20190102,2.20,2.20,2.20,2.20,419
PGSSOFT,20190102,9.32,9.32,8.80,9.00,1752
PHN,20190102,8.84,8.86,8.70,8.70,371
PKNORLEN,20190102,108.15,108.15,105.00,106.15,586569
PKOASZEWZ,20190102,95.00,95.00,95.00,95.00,89
PKOBP,20190102,39.50,40.50,39.06,40.50,1364540
PKOGS,20190102,102.50,103.00,101.50,103.00,658
PKOSO,20190102,109.03,109.03,109.03,109.03,12
PKPCARGO,20190102,43.60,45.00,43.50,44.65,4764
PLASTBOX,20190102,2.09,2.09,1.96,1.96,2001
PLAY,20190102,20.40,21.60,20.40,21.58,361641
PLAYWAY,20190102,136.50,143.50,134.00,140.00,25912
PLAZACNTR,20190102,3.22,3.50,3.10,3.39,5152
PMPG,20190102,2.70,2.70,2.64,2.64,3289
POLICE,20190102,13.70,13.70,13.70,13.70,600
POLIMEXMS,20190102,2.82,2.90,2.81,2.86,277179
POLNORD,20190102,8.55,8.55,8.25,8.25,9762
POLWAX,20190102,7.04,7.06,6.90,7.00,14788
POZBUD,20190102,2.13,2.21,2.10,2.12,12652
PRAGMAFA,20190102,17.00,17.00,17.00,17.00,5
PRAGMAINK,20190102,10.20,10.20,10.20,10.20,1
PRAIRIE,20190102,1.12,1.13,1.11,1.13,29786
PRIMAMODA,20190102,2.80,2.80,2.80,2.80,50
PRIMETECH,20190102,1.41,1.49,1.38,1.40,8578
PROCAD,20190102,1.52,1.54,1.43,1.53,41
PROCHEM,20190102,17.20,17.20,17.20,17.20,1
PROJPRZEM,20190102,22.40,22.40,22.00,22.00,367
PROTEKTOR,20190102,4.57,4.57,4.50,4.50,1786
PULAWY,20190102,67.40,67.40,66.80,67.00,878
PZU,20190102,43.71,44.35,43.02,44.35,963023
PZUAKORD,20190102,111.10,111.10,110.52,110.52,240
QMULTIFIZ,20190102,920.00,920.00,920.00,920.00,20
QUANTUM,20190102,14.50,14.70,14.50,14.70,140
QUERCUS,20190102,2.25,2.30,2.25,2.30,310
QUMAK,20190102,0.34,0.34,0.29,0.29,250422
R22,20190102,15.40,15.40,14.94,14.94,1223
RADPOL,20190102,1.12,1.12,1.08,1.09,6487
RAFAKO,20190102,1.76,1.79,1.73,1.77,94300
RAINBOW,20190102,20.50,21.10,20.50,21.00,877
RANKPROGR,20190102,1.55,1.59,1.53,1.59,5396
RAWLPLUG,20190102,8.40,8.60,8.40,8.60,210
RCCOFFAOPEN1,20190102,3.06,3.06,3.06,3.06,400
RCFL2PALL1,20190102,15.30,15.30,15.30,15.30,52
RCFL2SILVE,20190102,19.01,19.34,19.01,19.34,200
RCFL2SUGA2,20190102,8.00,8.00,8.00,8.00,150
RCFL3CCC,20190102,51.00,55.70,51.00,55.70,628
RCFL3CDPRO1,20190102,12.23,13.80,12.23,13.80,400
RCFL3COFF,20190102,1.11,1.11,1.11,1.11,80
RCFL3COPP,20190102,12.00,12.00,11.60,11.60,200
RCFL3DBK,20190102,0.22,0.22,0.22,0.22,20000
RCFL3EUH,20190102,2.97,3.10,2.97,3.10,2100
RCFL3FDX,20190102,91.75,92.20,91.75,92.20,12
RCFL3GOLD,20190102,29.55,29.84,29.52,29.82,612
RCFL3KGH,20190102,4.15,4.43,4.12,4.43,2700
RCFL3OIL2,20190102,130.50,130.50,130.50,130.50,300
RCFL3OIL3,20190102,9.30,10.64,9.30,10.52,1630
RCFL3PKO,20190102,28.70,28.70,28.70,28.70,11
RCFL3PLAT1,20190102,6.49,6.49,6.49,6.49,140
RCFL3PLAY,20190102,1.40,1.40,1.40,1.40,250
RCFL3SILVE,20190102,4.10,4.10,4.00,4.05,1800
RCFL3SILVE2,20190102,7.22,7.37,7.20,7.37,1605
RCFL3TPE,20190102,27.90,27.90,26.71,26.71,66
RCFL3W20,20190102,71.80,73.45,71.80,73.45,40
RCFL4COCO,20190102,4.90,4.90,4.90,4.90,10
RCFL4COFF,20190102,3.20,3.23,3.14,3.23,1100
RCFL4ESX,20190102,148.40,148.40,148.40,148.40,1
RCFL4LIGH,20190102,3.54,3.54,3.54,3.54,1000
RCFL4OIL,20190102,4.94,5.00,4.94,4.99,2973
RCFL4SOY,20190102,10.98,11.59,10.98,11.59,200
RCFL4WHT,20190102,8.90,9.02,8.90,9.02,160
RCFL5COFF,20190102,2.09,2.10,1.97,1.97,3600
RCFL5GOLD,20190102,8.30,8.30,8.06,8.06,339
RCFL5OIL,20190102,3.40,4.08,3.20,4.08,46359
RCFL5OIL2,20190102,1.11,1.35,1.05,1.31,15928
RCFL5SILVE,20190102,3.72,3.75,3.64,3.75,8850
RCFL5SUGA1,20190102,3.84,3.84,3.53,3.53,15000
RCFS2ENG,20190102,28.58,28.58,28.58,28.58,20
RCFS3ALR,20190102,14.35,14.35,14.35,14.35,350
RCFS3CBK1,20190102,28.30,28.30,28.30,28.30,30
RCFS3CCC,20190102,12.74,12.74,12.36,12.36,901
RCFS3CDPRO1,20190102,1.33,1.40,1.20,1.20,14734
RCFS3COPP,20190102,3.80,3.80,3.80,3.80,750
RCFS3DBK,20190102,79.90,82.05,79.90,82.05,2004
RCFS3KGH,20190102,4.92,5.02,4.68,4.70,1870
RCFS3LPP,20190102,2.19,2.20,2.00,2.01,23000
RCFS3OIL,20190102,37.19,37.19,37.19,37.19,30
RCFS3PALL1,20190102,4.63,4.63,4.63,4.63,300
RCFS3PEO,20190102,9.88,9.88,9.88,9.88,700
RCFS3PGN,20190102,11.62,11.62,11.40,11.40,350
RCFS3PKO,20190102,4.72,4.72,4.72,4.72,350
RCFS3PZU,20190102,2.57,2.57,2.57,2.57,2500
RCFS3W20,20190102,28.71,29.14,27.50,27.50,740
RCFS4ESX,20190102,2.55,2.55,2.55,2.55,1000
RCFS4NAG,20190102,1.81,1.81,1.81,1.81,50
RCFS4OIL,20190102,1.20,1.20,1.20,1.20,2000
RCFS5FW202,20190102,5.55,5.59,5.55,5.59,3403
RCFS5GOLD,20190102,9.87,9.87,9.87,9.87,300
RCFS5OIL,20190102,3.23,3.23,3.23,3.23,100
RCFS5SUGA,20190102,17.76,17.76,17.76,17.76,1000
RCGETNA0421,20190102,936.40,936.40,936.40,936.40,17
RCGLDAOPEN,20190102,482.00,486.90,482.00,486.90,435
RCGSXE021120,20190102,954.70,954.70,954.70,954.70,33
RCLNAGOPEN,20190102,3.73,3.73,3.73,3.73,15000
RCLOILAOPEN,20190102,20.67,20.67,20.67,20.67,250
RCSCRAOPEN,20190102,251.30,251.30,251.30,251.30,16
RCSDAXOPEN,20190102,117.80,117.80,117.00,117.00,26
RCSDGP0720,20190102,1000.10,1000.10,1000.10,1000.10,5
RCSILAOPEN,20190102,57.95,58.75,57.95,58.75,6901
RCTLCOFF004,20190102,0.94,0.94,0.94,0.94,444
RCTLCOFF005,20190102,0.59,0.59,0.59,0.59,3000
RCTLGOLD09,20190102,4.76,4.76,4.75,4.75,2088
RCTLOIL007,20190102,5.25,5.25,5.25,5.25,2700
RCTLPLAT03,20190102,55.20,55.20,55.20,55.20,10
REDAN,20190102,0.59,0.59,0.56,0.59,150
RELPOL,20190102,7.74,7.74,7.32,7.68,802
REMAK,20190102,8.50,8.50,8.50,8.50,1
RONSON,20190102,0.83,0.83,0.80,0.82,30497
ROPCZYCE,20190102,33.20,33.20,32.20,32.20,304
RUBICON,20190102,1.04,1.09,1.01,1.09,11
SANOK,20190102,24.20,24.60,24.10,24.60,3285
SANPL,20190102,354.00,371.00,350.40,371.00,34511
SANPL2,20190102,346.00,358.00,346.00,358.00,551
SANTANDER,20190102,17.48,17.48,16.80,17.46,312
SANWIL,20190102,0.54,0.57,0.54,0.54,1073
SECOGROUP,20190102,15.50,15.50,15.50,15.50,120
SEKO,20190102,9.40,9.40,9.40,9.40,200
SELENAFM,20190102,8.40,8.60,8.10,8.60,420
SELVITA,20190102,54.00,55.00,53.50,53.50,613
SERINUS,20190102,0.66,0.67,0.65,0.66,246869
SESCOM,20190102,27.80,27.80,27.00,27.00,113
SETANTA,20190102,1.34,1.35,1.34,1.35,6395
SFINKS,20190102,0.82,0.85,0.78,0.83,22270
SILVANO,20190102,11.15,11.15,10.50,11.10,1073
SIMPLE,20190102,7.05,7.05,7.05,7.05,1
SKARBIEC,20190102,21.10,21.90,21.10,21.80,1430
SKYLINE,20190102,0.74,0.75,0.74,0.75,3001
SLEEPZAG,20190102,4.06,4.06,3.90,3.90,46
SNIEZKA,20190102,77.50,77.50,77.00,77.50,66
SOHODEV,20190102,1.07,1.07,1.01,1.06,1627
SOLAR,20190102,0.48,0.48,0.44,0.45,319
STALEXP,20190102,3.21,3.29,3.21,3.29,34905
STALPROD,20190102,314.50,320.00,313.50,317.00,532
STALPROFI,20190102,9.20,10.10,9.15,9.15,2018
STELMET,20190102,7.26,7.68,7.26,7.30,362
SUNEX,20190102,4.08,4.48,4.08,4.48,13574
SUWARY,20190102,15.00,15.90,15.00,15.50,741
SWISSMED,20190102,0.94,1.05,0.94,1.05,195
SYNEKTIK,20190102,9.00,9.00,8.70,8.76,4067
TALEX,20190102,12.00,12.00,11.50,11.50,414
TARCZYNSKI,20190102,18.15,18.15,18.15,18.15,230
TAURONPE,20190102,2.18,2.20,2.14,2.20,3733740
TBULL,20190102,29.00,29.00,27.00,28.20,1585
TERMOREX,20190102,0.51,0.51,0.51,0.51,1557
TESGAS,20190102,2.60,2.60,2.56,2.56,1129
TIM,20190102,6.32,6.42,6.26,6.42,12179
TORPOL,20190102,4.45,4.48,4.35,4.48,22482
TOWERINVT,20190102,23.90,23.90,21.90,21.90,442
TOYA,20190102,7.02,7.02,7.02,7.02,42
TRAKCJA,20190102,3.95,4.08,3.87,4.08,304839
TRANSPOL,20190102,2.86,2.86,2.86,2.86,2
TRIGONPP,20190102,69.99,70.00,69.99,70.00,22
TRIGONPP2,20190102,70.00,70.00,70.00,70.00,15
TSGAMES,20190102,79.00,79.99,78.16,78.61,9801
ULMA,20190102,66.50,69.00,66.50,69.00,147
UNIBEP,20190102,4.50,4.57,4.50,4.53,603
UNICREDIT,20190102,41.72,41.72,41.72,41.72,90
UNIMA,20190102,2.20,2.20,2.08,2.09,9408
UNIMOT,20190102,8.20,8.48,8.20,8.26,3066
URSUS,20190102,1.36,1.39,1.27,1.32,1732904
VENTUREIN,20190102,1.39,1.39,1.39,1.39,957
VIGOSYS,20190102,276.00,281.00,276.00,281.00,114
VINDEXUS,20190102,6.88,6.88,6.82,6.82,268
VISTAL,20190102,1.25,1.29,1.16,1.22,217067
VISTULA,20190102,4.04,4.04,3.81,3.83,1214000
VIVID,20190102,1.33,1.35,1.25,1.35,63182
VOTUM,20190102,4.70,4.70,4.69,4.70,14451
VOXEL,20190102,22.80,23.70,22.80,23.70,442
WADEX,20190102,4.82,4.82,4.77,4.77,200
WASKO,20190102,1.46,1.46,1.34,1.39,10233
WAWEL,20190102,832.00,836.00,832.00,834.00,129
WIELTON,20190102,9.44,9.87,9.44,9.70,2423
WIKANA,20190102,0.61,0.65,0.61,0.65,1063
WIRTUALNA,20190102,53.60,53.60,51.00,52.80,11458
WITTCHEN,20190102,15.90,15.90,15.10,15.25,4312
WOJAS,20190102,3.79,3.79,3.79,3.79,73
WORKSERV,20190102,1.53,1.60,1.45,1.55,207893
XTB,20190102,4.45,4.45,4.45,4.45,2143
YOLO,20190102,1.92,1.92,1.92,1.92,2
ZAMET,20190102,0.73,0.73,0.66,0.66,877
ZEPAK,20190102,7.50,7.59,7.41,7.59,5354
ZPUE,20190102,60.00,60.50,58.00,60.00,1447
ZUE,20190102,4.78,4.78,4.78,4.78,5
ZYWIEC,20190102,462.00,462.00,462.00,462.00,10
INVESTORMS,20190102,3558.62,3584.65,3558.62,3584.65,91417.639
MWIG40,20190102,3912.68,3947.26,3888.83,3947.26,74653.852
MWIG40DVP,20190102,0.48,0.48,0.48,0.48,0.000
MWIG40TR,20190102,4942.22,4985.89,4913.47,4985.89,74653.852
RESPECT,20190102,2779.19,2821.33,2756.75,2821.33,307361.352
SWIG80,20190102,10605.38,10653.50,10590.64,10631.64,17156.077
SWIG80TR,20190102,12840.03,12890.50,12822.19,12871.82,17156.077
WIG,20190102,57494.06,58291.59,57090.34,58290.21,495123.680
WIG-BANKI,20190102,7415.39,7621.56,7385.80,7621.56,125335.609
WIG-BUDOW,20190102,1919.14,1935.24,1906.64,1929.41,3301.424
WIG-CEE,20190102,1093.92,1099.44,1093.62,1099.44,1972.289
WIG-CHEMIA,20190102,9405.32,9527.87,9279.76,9497.45,4395.440
WIG-ENERG,20190102,2404.46,2451.20,2384.84,2450.78,42387.741
WIG-GORNIC,20190102,3397.40,3443.29,3337.42,3434.88,51113.259
WIG-INFO,20190102,1993.75,2005.98,1978.25,1999.80,5813.589
WIG-LEKI,20190102,5129.22,5133.28,5018.00,5030.37,1545.096
WIG-MEDIA,20190102,4542.91,4545.07,4420.49,4526.53,703.016
WIG-MOTO,20190102,3560.96,3631.57,3523.32,3568.32,2233.643
WIG-NRCHOM,20190102,1919.36,1929.05,1897.20,1917.58,1259.661
WIG-ODZIEZ,20190102,5985.39,6092.03,5900.11,6041.11,22175.118
WIG-PALIWA,20190102,7944.84,7956.51,7841.94,7926.18,103719.856
WIG-POLAND,20190102,58479.61,59502.98,58479.61,59502.98,492769.734
WIG-SPOZYW,20190102,3392.70,3447.43,3377.01,3447.43,2395.662
WIG-TELKOM,20190102,614.24,631.68,612.21,629.18,18699.718
WIG-UKRAIN,20190102,413.93,422.05,413.93,422.05,1876.085
WIG20,20190102,2275.35,2303.24,2243.92,2301.62,399789.584
WIG20LEV,20190102,657.41,673.31,639.23,672.60,399789.584
WIG20SHORT,20190102,3422.44,3469.64,3381.14,3382.99,399789.584
WIG20TR,20190102,3996.89,4065.09,3962.32,4062.91,399789.584
WIG30,20190102,2568.83,2613.00,2548.59,2612.62,452127.800
WIG30TR,20190102,4462.47,4555.20,4462.47,4555.20,452127.800
WIGDIV,20190102,1066.53,1076.82,1058.13,1076.48,201233.409
